0.0	0.0	0.0	1.8718021769	0.0	0.0	0.0	0.0	0.0	0.0	0.0	0.0
0.0	0.0	0.0	0.0	0.0	0.0	0.0	0.0	0.0	0.0	0.0	5.6154065307
0.0	0.0	0.0	0.0	0.0	0.0	0.0	0.0	0.0	0.0	1.8718021769	0.0
0.0	1.8718021769	0.0	0.0	0.0	0.0	0.0	0.0	0.0	0.0	0.0	0.0
0.0	0.0	0.0	0.0	0.0	0.0	1.8718021769	0.0	0.0	0.0	0.0	0.0
0.0	1.8718021769	0.0	0.0	0.0	0.0	0.0	0.0	0.0	0.0	0.0	0.0
0.0	0.0	0.0	0.0	0.0	0.0	0.0	0.0	0.0	1.8718021769	0.0	0.0
0.0	0.0	0.0	0.0	0.0	0.0	1.46633706879	0.0	0.0	1.46633706879	0.0	0.0
0.0	0.0	0.0	0.0	0.0	0.0	0.0	0.0	0.0	1.8718021769	0.0	0.0
0.0	0.0	1.8718021769	0.0	0.0	0.0	0.0	0.0	0.0	0.0	0.0	0.0
0.0	0.0	0.0	0.0	0.0	0.0	0.0	0.0	0.0	1.8718021769	0.0	0.0
0.0	1.8718021769	0.0	0.0	0.0	0.0	0.0	0.0	0.0	0.0	0.0	0.0
0.0	0.0	0.0	0.0	0.0	0.0	0.0	0.0	0.0	0.0	2.93267413759	1.46633706879
0.0	0.0	0.0	0.0	0.0	0.0	0.0	5.6154065307	0.0	0.0	0.0	0.0
0.0	0.0	0.0	0.0	0.0	0.0	0.0	0.0	0.0	7.48720870761	0.0	0.0
0.0	0.0	0.0	0.0	0.0	0.0	0.0	0.0	0.0	0.0	0.0	1.8718021769
0.0	0.0	0.0	0.0	0.0	0.0	1.8718021769	0.0	0.0	0.0	0.0	0.0
0.0	0.0	1.8718021769	0.0	0.0	0.0	0.0	0.0	0.0	0.0	0.0	0.0
0.619039208406	1.23807841681	0.0	3.71423525044	1.85711762522	0.0	0.619039208406	0.0	0.0	1.23807841681	0.0	0.0
0.0	0.0	0.0	0.0	0.0	0.0	0.0	3.7436043538	0.0	0.0	0.0	0.0
0.0	0.0	0.0	1.46633706879	0.0	0.0	0.0	0.0	0.0	1.46633706879	0.0	0.0
0.0	0.0	0.0	0.0	1.8718021769	0.0	0.0	0.0	0.0	0.0	0.0	0.0
0.0	0.0	0.0	0.0	0.0	0.0	0.0	1.8718021769	0.0	0.0	0.0	0.0
0.0	0.0	0.0	1.8718021769	0.0	0.0	0.0	0.0	0.0	0.0	0.0	0.0
0.0	0.0	0.0	0.0	0.0	0.0	0.0	0.0	0.0	0.0	1.8718021769	0.0
0.0	0.0	0.0	1.8718021769	0.0	0.0	0.0	0.0	0.0	0.0	0.0	0.0
0.0	0.0	0.0	0.0	0.0	0.0	0.0	1.46633706879	0.0	0.0	0.0	1.46633706879
0.0	3.7436043538	0.0	0.0	0.0	0.0	0.0	0.0	0.0	0.0	0.0	0.0
0.0	0.0	0.0	0.0	1.8718021769	0.0	0.0	0.0	0.0	0.0	0.0	0.0
0.0	0.0	0.0	0.0	0.0	0.0	3.7436043538	0.0	0.0	0.0	0.0	0.0
0.0	0.0	0.0	0.0	0.0	0.0	0.0	0.0	0.0	1.8718021769	0.0	0.0
0.0	0.0	1.46633706879	0.0	0.0	0.0	0.0	0.0	0.0	0.0	0.0	1.46633706879
1.46633706879	0.0	0.0	1.46633706879	0.0	0.0	0.0	0.0	0.0	0.0	0.0	0.0
0.0	0.0	0.0	0.0	0.0	1.8718021769	0.0	0.0	0.0	0.0	0.0	0.0
1.8718021769	0.0	0.0	0.0	0.0	0.0	0.0	0.0	0.0	0.0	0.0	0.0
3.7436043538	0.0	0.0	0.0	0.0	0.0	0.0	0.0	0.0	0.0	0.0	0.0
0.0	0.0	0.0	1.8718021769	0.0	0.0	0.0	0.0	0.0	0.0	0.0	0.0
0.0	0.0	0.0	1.54637977647	0.0	0.773189888233	0.0	0.0	0.0	0.773189888233	1.54637977647	0.773189888233
0.0	0.0	0.0	11.7306965503	0.0	0.0	0.0	0.0	0.0	1.46633706879	0.0	0.0
0.0	0.0	1.17865499634	0.0	0.0	1.17865499634	1.17865499634	0.0	0.0	0.0	0.0	0.0
0.0	0.0	0.0	0.0	0.0	7.48720870761	0.0	0.0	0.0	0.0	0.0	0.0
0.0	0.0	0.0	0.0	0.0	0.0	0.0	0.0	0.0	0.0	0.0	1.8718021769
0.0	0.0	0.0	1.46633706879	0.0	1.46633706879	0.0	0.0	0.0	0.0	0.0	0.0
0.0	0.0	0.0	0.0	0.0	0.0	0.0	0.0	0.0	0.0	1.8718021769	0.0
0.0	0.0	0.0	1.8718021769	0.0	0.0	0.0	0.0	0.0	0.0	0.0	0.0
1.46633706879	0.0	0.0	1.46633706879	0.0	0.0	0.0	0.0	0.0	0.0	0.0	0.0
0.0	0.0	0.0	3.7436043538	0.0	0.0	0.0	0.0	0.0	0.0	0.0	0.0
0.0	0.0	0.0	1.8718021769	0.0	0.0	0.0	0.0	0.0	0.0	0.0	0.0
0.0	0.0	0.0	0.0	1.46633706879	0.0	0.0	0.0	0.0	0.0	2.93267413759	0.0
0.0	0.0	0.0	1.8718021769	0.0	0.0	0.0	0.0	0.0	0.0	0.0	0.0
0.0	0.0	0.0	0.0	0.0	0.0	0.0	0.0	0.0	1.8718021769	0.0	0.0
0.0	0.0	0.0	5.6154065307	0.0	0.0	0.0	0.0	0.0	0.0	0.0	0.0
0.0	0.0	0.0	1.8718021769	0.0	0.0	0.0	0.0	0.0	0.0	0.0	0.0
0.0	0.0	0.0	2.35730999268	0.0	0.0	0.0	1.17865499634	0.0	4.71461998537	0.0	0.0
0.0	0.0	0.0	0.0	0.0	1.8718021769	0.0	0.0	0.0	0.0	0.0	0.0
0.0	0.0	0.0	0.0	0.0	0.0	0.0	3.7436043538	0.0	0.0	0.0	0.0
0.0	0.0	0.0	0.0	0.0	0.0	0.0	0.0	0.0	0.0	1.8718021769	0.0
0.0	0.0	0.0	0.0	0.0	0.0	0.0	0.0	0.0	5.6154065307	0.0	0.0
0.0	0.0	1.8718021769	0.0	0.0	0.0	0.0	0.0	0.0	0.0	0.0	0.0
0.0	0.0	1.8718021769	0.0	0.0	0.0	0.0	0.0	0.0	0.0	0.0	0.0
0.0	1.17865499634	0.0	0.0	0.0	1.17865499634	0.0	0.0	0.0	1.17865499634	0.0	0.0
0.0	0.0	1.8718021769	0.0	0.0	0.0	0.0	0.0	0.0	0.0	0.0	0.0
0.0	0.0	0.0	0.0	0.0	0.0	0.0	3.7436043538	0.0	0.0	0.0	0.0
0.0	0.0	0.0	0.0	0.0	0.0	0.0	0.0	0.0	0.0	0.0	1.8718021769
0.0	0.0	0.0	0.0	0.0	0.0	0.0	0.0	0.0	5.6154065307	0.0	0.0
0.0	0.0	0.0	0.0	0.0	0.0	0.0	0.0	0.0	0.0	1.8718021769	0.0
0.0	1.46633706879	0.0	0.0	0.0	0.0	0.0	0.0	0.0	0.0	1.46633706879	0.0
1.8718021769	0.0	0.0	0.0	0.0	0.0	0.0	0.0	0.0	0.0	0.0	0.0
0.0	0.0	0.0	1.8718021769	0.0	0.0	0.0	0.0	0.0	0.0	0.0	0.0
0.0	0.0	0.0	0.0	0.0	0.0	0.0	1.8718021769	0.0	0.0	0.0	0.0
0.0	0.0	0.0	1.8718021769	0.0	0.0	0.0	0.0	0.0	0.0	0.0	0.0
0.0	13.1970336191	0.0	0.0	0.0	0.0	0.0	1.46633706879	0.0	0.0	0.0	0.0
0.0	0.0	0.0	0.0	0.0	0.0	1.8718021769	0.0	0.0	0.0	0.0	0.0
0.0	0.0	0.0	0.0	0.0	0.0	0.0	0.0	0.0	1.46633706879	0.0	1.46633706879
0.0	0.0	0.0	0.0	0.0	0.0	0.0	3.7436043538	0.0	0.0	0.0	0.0
0.0	0.0	0.0	0.0	0.0	0.0	0.0	0.0	0.0	0.0	0.0	1.8718021769
0.0	0.0	0.0	1.8718021769	0.0	0.0	0.0	0.0	0.0	0.0	0.0	0.0
0.0	0.0	0.0	1.8718021769	0.0	0.0	0.0	0.0	0.0	0.0	0.0	0.0
0.0	0.0	0.0	0.0	0.0	3.7436043538	0.0	0.0	0.0	0.0	0.0	0.0
0.0	1.46633706879	0.0	0.0	1.46633706879	0.0	0.0	0.0	0.0	0.0	0.0	0.0
0.0	0.0	0.0	0.0	0.0	0.0	0.0	0.0	0.0	3.7436043538	0.0	0.0
0.0	0.0	0.0	1.8718021769	0.0	0.0	0.0	0.0	0.0	0.0	0.0	0.0
0.0	0.0	0.0	1.8718021769	0.0	0.0	0.0	0.0	0.0	0.0	0.0	0.0
0.0	0.0	0.0	0.0	0.0	0.0	0.0	0.0	0.0	1.8718021769	0.0	0.0
0.0	0.0	0.0	0.0	0.0	0.0	0.0	0.0	0.0	1.8718021769	0.0	0.0
0.0	0.0	0.0	0.0	0.0	0.0	0.0	0.0	1.8718021769	0.0	0.0	0.0
0.0	0.0	0.0	0.0	0.0	0.0	0.0	0.0	0.0	0.0	5.6154065307	0.0
0.0	0.0	0.0	0.0	0.0	1.46633706879	0.0	0.0	0.0	1.46633706879	0.0	0.0
0.0	0.0	0.0	0.0	0.0	0.0	0.0	0.0	0.0	1.8718021769	0.0	0.0
0.0	1.8718021769	0.0	0.0	0.0	0.0	0.0	0.0	0.0	0.0	0.0	0.0
0.0	0.0	0.0	2.35730999268	1.17865499634	0.0	0.0	0.0	0.0	0.0	1.17865499634	0.0
0.0	0.0	0.0	0.0	0.0	0.0	0.0	0.0	0.0	1.8718021769	0.0	0.0
0.0	0.0	0.0	0.0	0.0	0.0	0.0	0.0	0.0	0.0	0.0	1.8718021769
0.0	0.0	0.0	3.7436043538	0.0	0.0	0.0	0.0	0.0	0.0	0.0	0.0
0.0	0.0	0.0	1.8718021769	0.0	0.0	0.0	0.0	0.0	0.0	0.0	0.0
0.0	0.0	0.0	1.8718021769	0.0	0.0	0.0	0.0	0.0	0.0	0.0	0.0
0.0	0.0	0.0	5.6154065307	0.0	0.0	0.0	0.0	0.0	0.0	0.0	0.0
0.0	0.0	0.0	3.7436043538	0.0	0.0	0.0	0.0	0.0	0.0	0.0	0.0
0.0	0.0	0.0	0.0	1.8718021769	0.0	0.0	0.0	0.0	0.0	0.0	0.0
0.0	0.0	0.0	0.0	0.0	0.0	3.7436043538	0.0	0.0	0.0	0.0	0.0
1.8718021769	0.0	0.0	0.0	0.0	0.0	0.0	0.0	0.0	0.0	0.0	0.0
0.0	0.0	0.0	1.8718021769	0.0	0.0	0.0	0.0	0.0	0.0	0.0	0.0
0.0	0.0	0.0	0.0	0.0	0.0	1.8718021769	0.0	0.0	0.0	0.0	0.0
0.0	0.0	0.0	0.0	0.0	0.0	0.0	0.0	0.0	0.0	0.0	1.8718021769
1.8718021769	0.0	0.0	0.0	0.0	0.0	0.0	0.0	0.0	0.0	0.0	0.0
1.8718021769	0.0	0.0	0.0	0.0	0.0	0.0	0.0	0.0	0.0	0.0	0.0
0.0	0.0	0.0	0.0	0.0	0.0	1.8718021769	0.0	0.0	0.0	0.0	0.0
0.0	0.0	0.0	0.0	0.0	0.0	0.0	1.46633706879	0.0	1.46633706879	0.0	0.0
0.0	0.0	0.0	1.8718021769	0.0	0.0	0.0	0.0	0.0	0.0	0.0	0.0
0.0	1.46633706879	0.0	1.46633706879	0.0	0.0	0.0	0.0	0.0	0.0	0.0	0.0
0.0	0.0	0.0	0.0	0.0	0.0	0.0	0.0	0.0	0.0	5.6154065307	0.0
0.0	0.0	0.0	0.0	0.0	0.0	11.2308130614	0.0	0.0	0.0	0.0	0.0
0.0	0.0	0.0	1.8718021769	0.0	0.0	0.0	0.0	0.0	0.0	0.0	0.0
0.0	0.0	0.0	0.0	0.0	1.8718021769	0.0	0.0	0.0	0.0	0.0	0.0
0.0	0.0	0.0	0.0	0.0	0.0	1.17865499634	0.0	0.0	0.0	2.35730999268	2.35730999268
0.0	0.0	0.0	1.8718021769	0.0	0.0	0.0	0.0	0.0	0.0	0.0	0.0
0.0	0.0	0.0	1.8718021769	0.0	0.0	0.0	0.0	0.0	0.0	0.0	0.0
0.0	0.0	1.46633706879	0.0	0.0	0.0	1.46633706879	0.0	0.0	0.0	0.0	0.0
0.0	1.46633706879	0.0	0.0	0.0	0.0	0.0	0.0	0.0	0.0	2.93267413759	0.0
0.0	0.0	0.0	1.8718021769	0.0	0.0	0.0	0.0	0.0	0.0	0.0	0.0
0.0	5.6154065307	0.0	0.0	0.0	0.0	0.0	0.0	0.0	0.0	0.0	0.0
0.0	0.0	0.0	0.0	0.0	0.0	0.0	0.0	0.0	1.8718021769	0.0	0.0
0.0	0.0	0.0	1.46633706879	0.0	0.0	0.0	1.46633706879	0.0	0.0	0.0	0.0
0.0	1.46633706879	0.0	0.0	0.0	0.0	0.0	0.0	0.0	0.0	1.46633706879	0.0
0.0	0.0	0.0	0.0	0.0	0.0	1.8718021769	0.0	0.0	0.0	0.0	0.0
1.8718021769	0.0	0.0	0.0	0.0	0.0	0.0	0.0	0.0	0.0	0.0	0.0
0.0	0.0	0.0	0.0	0.0	0.0	1.8718021769	0.0	0.0	0.0	0.0	0.0
0.0	0.0	0.0	0.0	0.0	0.0	0.0	1.46633706879	0.0	0.0	0.0	1.46633706879
0.0	3.53596498902	0.0	1.17865499634	0.0	2.35730999268	0.0	0.0	0.0	0.0	0.0	0.0
0.0	0.0	0.0	0.0	0.0	1.46633706879	0.0	0.0	0.0	0.0	2.93267413759	0.0
1.8718021769	0.0	0.0	0.0	0.0	0.0	0.0	0.0	0.0	0.0	0.0	0.0
1.8718021769	0.0	0.0	0.0	0.0	0.0	0.0	0.0	0.0	0.0	0.0	0.0
0.0	0.0	0.0	0.0	0.0	0.0	1.46633706879	0.0	0.0	1.46633706879	0.0	0.0
0.0	0.0	0.0	1.8718021769	0.0	0.0	0.0	0.0	0.0	0.0	0.0	0.0
0.0	0.0	0.0	1.8718021769	0.0	0.0	0.0	0.0	0.0	0.0	0.0	0.0
0.0	0.0	0.0	0.0	1.8718021769	0.0	0.0	0.0	0.0	0.0	0.0	0.0
0.0	0.0	0.0	0.0	0.0	0.0	3.7436043538	0.0	0.0	0.0	0.0	0.0
0.0	0.0	0.0	0.0	0.0	0.0	0.0	0.0	0.0	9.35901088451	0.0	0.0
0.0	0.0	0.0	0.0	3.7436043538	0.0	0.0	0.0	0.0	0.0	0.0	0.0
0.0	0.0	0.0	1.8718021769	0.0	0.0	0.0	0.0	0.0	0.0	0.0	0.0
0.0	0.0	0.0	0.0	0.0	0.0	2.93267413759	0.0	0.0	0.0	0.0	1.46633706879
0.0	0.0	0.0	0.0	0.0	0.0	0.0	1.46633706879	0.0	0.0	0.0	1.46633706879
0.0	0.0	0.0	0.0	0.0	0.0	0.0	0.0	0.0	0.0	1.8718021769	0.0
0.0	0.0	0.0	1.8718021769	0.0	0.0	0.0	0.0	0.0	0.0	0.0	0.0
0.0	0.0	0.0	1.8718021769	0.0	0.0	0.0	0.0	0.0	0.0	0.0	0.0
0.0	0.0	0.0	0.0	0.0	0.0	0.0	1.8718021769	0.0	0.0	0.0	0.0
0.0	0.0	0.0	0.0	0.0	1.8718021769	0.0	0.0	0.0	0.0	0.0	0.0
0.0	0.0	1.91102289005	3.82204578011	0.0	0.0	1.91102289005	0.0	0.0	0.0	0.0	2.86653433508
0.0	0.0	0.0	0.0	0.0	1.8718021769	0.0	0.0	0.0	0.0	0.0	0.0
0.0	0.0	0.0	0.0	0.0	0.0	0.0	0.0	1.8718021769	0.0	0.0	0.0
0.0	0.0	0.0	1.8718021769	0.0	0.0	0.0	0.0	0.0	0.0	0.0	0.0
0.0	2.35730999268	0.0	0.0	1.17865499634	0.0	0.0	1.17865499634	0.0	0.0	0.0	0.0
0.0	0.0	1.8718021769	0.0	0.0	0.0	0.0	0.0	0.0	0.0	0.0	0.0
0.0	0.0	0.0	1.8718021769	0.0	0.0	0.0	0.0	0.0	0.0	0.0	0.0
0.0	0.0	0.0	0.0	0.0	0.0	0.0	1.8718021769	0.0	0.0	0.0	0.0
0.0	0.0	0.0	0.0	2.93267413759	4.39901120638	0.0	0.0	0.0	0.0	0.0	0.0
0.0	0.0	0.0	0.0	0.0	0.0	0.0	0.0	0.0	1.8718021769	0.0	0.0
0.0	0.0	0.0	0.0	0.0	0.0	0.0	0.0	0.0	0.0	0.0	1.8718021769
0.0	0.0	0.0	0.0	0.0	0.0	0.0	7.48720870761	0.0	0.0	0.0	0.0
0.0	0.0	0.0	0.0	1.8718021769	0.0	0.0	0.0	0.0	0.0	0.0	0.0
0.0	0.0	0.0	0.0	0.0	0.0	0.0	0.0	0.0	0.0	0.0	3.7436043538
0.0	1.8718021769	0.0	0.0	0.0	0.0	0.0	0.0	0.0	0.0	0.0	0.0
0.0	0.0	0.0	0.0	0.0	1.8718021769	0.0	0.0	0.0	0.0	0.0	0.0
0.367724780125	0.367724780125	0.367724780125	0.367724780125	0.367724780125	0.367724780125	0.735449560251	0.0	0.0	0.735449560251	0.0	0.0
0.0	0.0	0.0	1.8718021769	0.0	0.0	0.0	0.0	0.0	0.0	0.0	0.0
0.0	0.0	0.0	0.0	0.0	0.0	0.0	0.0	0.0	0.0	0.0	1.8718021769
0.0	0.0	0.0	1.8718021769	0.0	0.0	0.0	0.0	0.0	0.0	0.0	0.0
0.0	0.0	0.0	1.8718021769	0.0	0.0	0.0	0.0	0.0	0.0	0.0	0.0
0.0	0.0	0.0	0.0	0.0	0.0	0.0	1.8718021769	0.0	0.0	0.0	0.0
7.48720870761	0.0	0.0	0.0	0.0	0.0	0.0	0.0	0.0	0.0	0.0	0.0
0.0	0.0	0.0	0.0	1.8718021769	0.0	0.0	0.0	0.0	0.0	0.0	0.0
0.0	0.0	0.0	0.0	0.0	0.0	1.8718021769	0.0	0.0	0.0	0.0	0.0
1.46633706879	0.0	0.0	1.46633706879	0.0	0.0	0.0	0.0	0.0	0.0	0.0	0.0
1.46633706879	0.0	0.0	1.46633706879	0.0	0.0	0.0	0.0	0.0	0.0	0.0	0.0
0.0	0.0	0.0	1.8718021769	0.0	0.0	0.0	0.0	0.0	0.0	0.0	0.0
0.0	0.0	0.0	0.0	0.0	0.0	0.0	0.0	0.0	5.6154065307	0.0	0.0
0.0	0.0	0.0	1.8718021769	0.0	0.0	0.0	0.0	0.0	0.0	0.0	0.0
1.8718021769	0.0	0.0	0.0	0.0	0.0	0.0	0.0	0.0	0.0	0.0	0.0
1.8718021769	0.0	0.0	0.0	0.0	0.0	0.0	0.0	0.0	0.0	0.0	0.0
0.0	0.0	0.0	1.46633706879	0.0	1.46633706879	0.0	0.0	0.0	0.0	0.0	0.0
0.0	0.0	0.0	1.8718021769	0.0	0.0	0.0	0.0	0.0	0.0	0.0	0.0
0.0	0.0	0.0	0.0	0.0	0.0	0.0	1.8718021769	0.0	0.0	0.0	0.0
0.0	0.0	0.0	0.0	0.0	0.0	0.0	0.0	0.0	0.0	0.0	1.8718021769
0.0	0.0	1.17865499634	0.0	2.35730999268	0.0	0.0	0.0	0.0	0.0	0.0	2.35730999268
0.0	0.0	0.0	0.0	0.0	0.0	0.0	0.0	0.0	0.0	1.8718021769	0.0
0.0	0.0	0.0	0.0	0.0	0.0	0.0	0.0	1.8718021769	0.0	0.0	0.0
0.0	0.0	0.0	0.0	0.0	0.0	0.0	0.0	0.0	1.8718021769	0.0	0.0
1.8718021769	0.0	0.0	0.0	0.0	0.0	0.0	0.0	0.0	0.0	0.0	0.0
0.0	0.0	0.0	0.0	1.8718021769	0.0	0.0	0.0	0.0	0.0	0.0	0.0
0.0	0.0	0.0	1.8718021769	0.0	0.0	0.0	0.0	0.0	0.0	0.0	0.0
0.0	0.0	0.0	1.46633706879	0.0	0.0	0.0	0.0	0.0	0.0	0.0	1.46633706879
0.0	0.0	0.0	0.0	0.0	0.0	7.48720870761	0.0	0.0	0.0	0.0	0.0
0.0	1.8718021769	0.0	0.0	0.0	0.0	0.0	0.0	0.0	0.0	0.0	0.0
0.0	0.0	0.0	0.0	0.0	0.0	0.0	1.8718021769	0.0	0.0	0.0	0.0
0.0	0.0	0.0	1.8718021769	0.0	0.0	0.0	0.0	0.0	0.0	0.0	0.0
0.0	0.0	0.0	0.0	0.0	0.0	0.0	0.0	0.0	0.0	3.7436043538	0.0
0.0	0.0	0.0	0.0	0.0	0.0	0.0	0.0	0.0	9.35901088451	0.0	0.0
0.0	0.0	0.0	3.7436043538	0.0	0.0	0.0	0.0	0.0	0.0	0.0	0.0
0.0	0.0	0.0	1.8718021769	0.0	0.0	0.0	0.0	0.0	0.0	0.0	0.0
0.0	0.0	0.0	5.6154065307	0.0	0.0	0.0	0.0	0.0	0.0	0.0	0.0
0.0	0.0	0.0	1.8718021769	0.0	0.0	0.0	0.0	0.0	0.0	0.0	0.0
0.0	1.8718021769	0.0	0.0	0.0	0.0	0.0	0.0	0.0	0.0	0.0	0.0
0.0	1.8718021769	0.0	0.0	0.0	0.0	0.0	0.0	0.0	0.0	0.0	0.0
0.0	0.0	0.0	1.8718021769	0.0	0.0	0.0	0.0	0.0	0.0	0.0	0.0
0.0	0.0	0.0	0.0	1.8718021769	0.0	0.0	0.0	0.0	0.0	0.0	0.0
0.0	0.0	0.0	0.0	0.0	1.8718021769	0.0	0.0	0.0	0.0	0.0	0.0
0.0	0.0	0.0	1.8718021769	0.0	0.0	0.0	0.0	0.0	0.0	0.0	0.0
1.8718021769	0.0	0.0	0.0	0.0	0.0	0.0	0.0	0.0	0.0	0.0	0.0
7.64409156022	3.82204578011	0.955511445027	0.0	0.0	0.0	0.0	0.0	0.0	0.955511445027	0.0	0.0
0.0	0.0	0.0	3.7436043538	0.0	0.0	0.0	0.0	0.0	0.0	0.0	0.0
0.0	0.0	0.0	2.35730999268	0.0	0.0	0.0	2.35730999268	0.0	4.71461998537	0.0	0.0
0.0	0.0	1.8718021769	0.0	0.0	0.0	0.0	0.0	0.0	0.0	0.0	0.0
0.0	0.0	0.0	0.0	0.0	0.0	0.0	0.0	0.0	0.0	0.0	1.8718021769
0.0	0.0	0.0	0.0	0.0	0.0	0.0	0.0	0.0	1.8718021769	0.0	0.0
0.0	0.0	0.0	3.7436043538	0.0	0.0	0.0	0.0	0.0	0.0	0.0	0.0
0.0	0.0	3.7436043538	0.0	0.0	0.0	0.0	0.0	0.0	0.0	0.0	0.0
0.0	0.0	0.0	2.93267413759	0.0	0.0	0.0	1.46633706879	0.0	0.0	0.0	0.0
0.0	0.0	0.0	3.7436043538	0.0	0.0	0.0	0.0	0.0	0.0	0.0	0.0
0.0	0.0	0.0	0.0	0.0	0.0	0.0	0.0	0.0	1.8718021769	0.0	0.0
0.0	0.0	0.0	0.0	0.0	3.7436043538	0.0	0.0	0.0	0.0	0.0	0.0
0.0	0.0	0.0	0.0	0.0	0.0	0.0	0.0	3.7436043538	0.0	0.0	0.0
0.0	0.0	0.0	1.8718021769	0.0	0.0	0.0	0.0	0.0	0.0	0.0	0.0
0.0	0.0	0.0	24.9277301695	0.0	0.0	0.0	0.0	0.0	4.39901120638	0.0	0.0
0.0	0.0	0.0	0.0	0.0	0.0	0.0	0.0	0.0	0.0	0.0	1.8718021769
3.7436043538	0.0	0.0	0.0	0.0	0.0	0.0	0.0	0.0	0.0	0.0	0.0
0.0	0.0	0.0	0.0	0.0	0.0	1.8718021769	0.0	0.0	0.0	0.0	0.0
0.0	1.8718021769	0.0	0.0	0.0	0.0	0.0	0.0	0.0	0.0	0.0	0.0
0.0	0.0	0.0	0.0	0.0	0.0	0.0	0.0	0.0	0.0	0.0	1.8718021769
0.0	0.0	0.0	3.7436043538	0.0	0.0	0.0	0.0	0.0	0.0	0.0	0.0
0.0	0.0	0.0	13.1026152383	0.0	0.0	0.0	0.0	0.0	0.0	0.0	0.0
0.0	0.0	0.0	1.8718021769	0.0	0.0	0.0	0.0	0.0	0.0	0.0	0.0
0.0	0.0	0.0	1.8718021769	0.0	0.0	0.0	0.0	0.0	0.0	0.0	0.0
0.0	0.0	0.0	1.8718021769	0.0	0.0	0.0	0.0	0.0	0.0	0.0	0.0
0.0	0.0	0.0	0.0	0.0	0.0	1.8718021769	0.0	0.0	0.0	0.0	0.0
0.0	0.0	0.0	0.0	0.0	0.0	0.0	0.0	0.0	0.0	3.7436043538	0.0
0.0	0.0	0.0	0.0	0.0	0.0	0.0	0.0	0.0	0.0	0.0	1.8718021769
0.0	0.0	0.0	0.0	0.0	0.0	3.7436043538	0.0	0.0	0.0	0.0	0.0
0.0	0.0	0.0	0.0	0.0	0.0	0.0	1.8718021769	0.0	0.0	0.0	0.0
0.0	0.0	0.0	1.46633706879	0.0	0.0	0.0	2.93267413759	0.0	0.0	0.0	0.0
0.0	0.0	0.0	3.7436043538	0.0	0.0	0.0	0.0	0.0	0.0	0.0	0.0
0.0	0.0	0.0	0.0	0.0	1.8718021769	0.0	0.0	0.0	0.0	0.0	0.0
0.0	0.0	0.0	1.46633706879	0.0	0.0	0.0	0.0	0.0	2.93267413759	0.0	0.0
0.0	0.0	0.0	1.8718021769	0.0	0.0	0.0	0.0	0.0	0.0	0.0	0.0
0.0	0.0	0.0	1.8718021769	0.0	0.0	0.0	0.0	0.0	0.0	0.0	0.0
0.0	0.0	0.0	1.8718021769	0.0	0.0	0.0	0.0	0.0	0.0	0.0	0.0
0.0	0.0	0.0	1.8718021769	0.0	0.0	0.0	0.0	0.0	0.0	0.0	0.0
0.0	0.0	0.0	1.8718021769	0.0	0.0	0.0	0.0	0.0	0.0	0.0	0.0
0.0	0.0	0.0	1.8718021769	0.0	0.0	0.0	0.0	0.0	0.0	0.0	0.0
0.0	0.0	0.0	0.0	0.0	0.0	0.0	0.0	0.0	0.0	0.0	1.8718021769
0.0	0.0	0.0	1.8718021769	0.0	0.0	0.0	0.0	0.0	0.0	0.0	0.0
0.0	0.0	0.0	0.0	0.0	9.35901088451	0.0	0.0	0.0	0.0	0.0	0.0
0.0	0.0	0.0	0.0	1.8718021769	0.0	0.0	0.0	0.0	0.0	0.0	0.0
0.0	0.0	0.0	0.0	0.0	0.0	0.0	0.0	0.0	1.8718021769	0.0	0.0
0.0	0.0	0.0	0.0	0.0	0.0	0.0	0.0	0.0	0.0	3.7436043538	0.0
0.0	0.0	0.0	0.0	1.8718021769	0.0	0.0	0.0	0.0	0.0	0.0	0.0
0.0	0.0	0.0	0.0	0.0	1.8718021769	0.0	0.0	0.0	0.0	0.0	0.0
0.0	1.8718021769	0.0	0.0	0.0	0.0	0.0	0.0	0.0	0.0	0.0	0.0
0.0	0.0	0.0	1.23807841681	0.619039208406	0.619039208406	0.619039208406	0.619039208406	0.0	1.23807841681	0.0	0.0
0.0	0.0	0.0	0.0	0.0	0.0	0.0	0.0	0.0	0.0	0.0	1.8718021769
0.0	0.0	0.0	1.8718021769	0.0	0.0	0.0	0.0	0.0	0.0	0.0	0.0
0.0	0.0	0.0	0.0	0.0	0.0	0.0	0.0	0.0	0.0	0.0	1.8718021769
0.0	0.0	1.46633706879	1.46633706879	0.0	0.0	0.0	0.0	0.0	0.0	0.0	0.0
0.0	1.46633706879	0.0	0.0	0.0	0.0	0.0	1.46633706879	0.0	0.0	0.0	0.0
0.0	0.0	3.7436043538	0.0	0.0	0.0	0.0	0.0	0.0	0.0	0.0	0.0
1.8718021769	0.0	0.0	0.0	0.0	0.0	0.0	0.0	0.0	0.0	0.0	0.0
0.0	0.0	0.0	0.0	0.0	0.0	0.0	0.0	0.0	0.0	0.0	5.6154065307
0.0	0.0	1.8718021769	0.0	0.0	0.0	0.0	0.0	0.0	0.0	0.0	0.0
0.0	0.0	0.0	1.8718021769	0.0	0.0	0.0	0.0	0.0	0.0	0.0	0.0
0.0	1.8718021769	0.0	0.0	0.0	0.0	0.0	0.0	0.0	0.0	0.0	0.0
0.0	0.0	0.0	0.0	0.0	0.0	0.0	0.0	0.0	0.0	0.0	1.8718021769
0.0	0.0	1.46633706879	0.0	0.0	0.0	0.0	0.0	1.46633706879	0.0	0.0	0.0
0.0	0.0	0.0	0.0	0.0	1.8718021769	0.0	0.0	0.0	0.0	0.0	0.0
0.0	0.0	0.0	20.5898239459	0.0	0.0	0.0	0.0	0.0	0.0	0.0	0.0
0.0	0.0	0.0	14.9744174152	0.0	0.0	0.0	0.0	0.0	0.0	0.0	0.0
0.0	0.0	0.0	0.0	0.0	0.0	0.0	0.0	0.0	0.0	0.0	1.8718021769
0.0	0.0	0.0	0.0	0.0	0.0	0.0	1.8718021769	0.0	0.0	0.0	0.0
0.0	0.0	0.0	0.0	0.0	0.0	0.0	0.0	0.0	0.0	1.8718021769	0.0
1.8718021769	0.0	0.0	0.0	0.0	0.0	0.0	0.0	0.0	0.0	0.0	0.0
0.0	0.0	0.0	1.8718021769	0.0	0.0	0.0	0.0	0.0	0.0	0.0	0.0
0.0	0.0	0.0	0.0	0.0	0.0	0.0	0.0	0.0	0.0	0.0	1.8718021769
0.0	0.0	0.0	0.0	0.0	0.0	1.46633706879	0.0	0.0	0.0	0.0	4.39901120638
0.0	0.0	0.0	1.8718021769	0.0	0.0	0.0	0.0	0.0	0.0	0.0	0.0
0.0	0.0	0.0	0.0	0.0	0.0	0.0	0.0	1.8718021769	0.0	0.0	0.0
0.0	0.0	0.0	1.8718021769	0.0	0.0	0.0	0.0	0.0	0.0	0.0	0.0
3.7436043538	0.0	0.0	0.0	0.0	0.0	0.0	0.0	0.0	0.0	0.0	0.0
0.0	0.0	0.0	0.0	1.8718021769	0.0	0.0	0.0	0.0	0.0	0.0	0.0
0.0	0.0	0.0	0.0	0.0	0.0	0.0	0.0	0.0	0.0	0.0	1.8718021769
3.7436043538	0.0	0.0	0.0	0.0	0.0	0.0	0.0	0.0	0.0	0.0	0.0
0.0	0.0	0.0	5.6154065307	0.0	0.0	0.0	0.0	0.0	0.0	0.0	0.0
0.0	0.0	0.0	0.0	0.0	0.0	0.0	0.0	0.0	0.0	0.0	1.8718021769
0.0	0.0	0.0	0.0	0.0	0.0	0.0	0.0	0.0	0.0	0.0	1.8718021769
0.0	0.0	0.0	1.46633706879	0.0	0.0	0.0	0.0	0.0	4.39901120638	0.0	0.0
0.0	0.0	0.0	1.8718021769	0.0	0.0	0.0	0.0	0.0	0.0	0.0	0.0
0.0	0.0	0.0	1.8718021769	0.0	0.0	0.0	0.0	0.0	0.0	0.0	0.0
0.0	0.0	0.0	3.7436043538	0.0	0.0	0.0	0.0	0.0	0.0	0.0	0.0
0.0	0.0	0.0	2.93267413759	0.0	1.46633706879	0.0	0.0	0.0	0.0	0.0	0.0
0.0	0.0	0.0	0.0	0.0	0.0	0.0	1.8718021769	0.0	0.0	0.0	0.0
0.0	0.0	0.0	0.0	0.0	0.0	0.0	0.0	0.0	0.0	1.8718021769	0.0
0.0	0.0	0.0	0.0	0.0	0.0	0.0	1.8718021769	0.0	0.0	0.0	0.0
0.0	0.0	0.0	0.0	1.8718021769	0.0	0.0	0.0	0.0	0.0	0.0	0.0
0.0	0.0	0.0	1.8718021769	0.0	0.0	0.0	0.0	0.0	0.0	0.0	0.0
1.8718021769	0.0	0.0	0.0	0.0	0.0	0.0	0.0	0.0	0.0	0.0	0.0
0.0	0.0	0.0	0.0	0.0	0.0	1.8718021769	0.0	0.0	0.0	0.0	0.0
0.0	0.0	0.0	1.8718021769	0.0	0.0	0.0	0.0	0.0	0.0	0.0	0.0
0.0	0.0	0.0	1.17865499634	0.0	0.0	0.0	1.17865499634	0.0	0.0	0.0	2.35730999268
0.0	0.0	0.0	1.8718021769	0.0	0.0	0.0	0.0	0.0	0.0	0.0	0.0
0.0	0.0	0.0	0.0	0.0	0.0	0.0	0.0	0.0	1.8718021769	0.0	0.0
0.0	0.0	0.0	0.0	0.0	0.0	0.0	0.0	0.0	0.0	1.8718021769	0.0
0.0	0.0	0.0	0.0	0.0	0.0	0.0	0.0	0.0	9.35901088451	0.0	0.0
0.0	0.0	0.0	0.0	0.0	0.0	0.0	1.8718021769	0.0	0.0	0.0	0.0
0.0	0.0	0.0	0.0	0.0	0.0	0.0	0.0	0.0	7.48720870761	0.0	0.0
0.0	0.0	0.0	0.0	0.0	0.0	0.0	1.8718021769	0.0	0.0	0.0	0.0
0.0	1.46633706879	0.0	1.46633706879	0.0	0.0	0.0	0.0	0.0	0.0	0.0	0.0
0.0	0.0	0.0	0.0	0.0	0.0	0.0	0.0	0.0	1.8718021769	0.0	0.0
0.0	0.619039208406	0.0	0.619039208406	0.619039208406	0.0	0.0	0.0	0.0	0.619039208406	0.619039208406	1.23807841681
0.0	0.0	0.0	0.0	0.0	0.0	1.8718021769	0.0	0.0	0.0	0.0	0.0
0.0	0.0	0.0	1.46633706879	0.0	0.0	0.0	0.0	0.0	0.0	1.46633706879	0.0
0.0	1.8718021769	0.0	0.0	0.0	0.0	0.0	0.0	0.0	0.0	0.0	0.0
1.46633706879	0.0	0.0	1.46633706879	0.0	0.0	0.0	0.0	0.0	0.0	0.0	0.0
0.0	0.0	0.0	0.0	0.0	0.0	0.0	0.0	0.0	0.0	0.0	1.8718021769
0.0	0.0	0.0	0.0	0.0	2.93267413759	0.0	0.0	1.46633706879	0.0	0.0	0.0
0.0	0.0	0.0	1.8718021769	0.0	0.0	0.0	0.0	0.0	0.0	0.0	0.0
0.0	0.0	0.0	0.0	0.0	0.0	0.0	0.0	1.8718021769	0.0	0.0	0.0
1.8718021769	0.0	0.0	0.0	0.0	0.0	0.0	0.0	0.0	0.0	0.0	0.0
0.0	0.0	0.0	1.8718021769	0.0	0.0	0.0	0.0	0.0	0.0	0.0	0.0
0.0	0.0	1.46633706879	0.0	0.0	0.0	0.0	0.0	0.0	1.46633706879	0.0	0.0
0.0	0.0	0.0	0.0	0.0	0.0	0.0	0.0	0.0	0.0	1.8718021769	0.0
0.0	0.0	0.0	1.8718021769	0.0	0.0	0.0	0.0	0.0	0.0	0.0	0.0
0.0	0.0	0.0	1.8718021769	0.0	0.0	0.0	0.0	0.0	0.0	0.0	0.0
0.0	0.0	0.0	1.8718021769	0.0	0.0	0.0	0.0	0.0	0.0	0.0	0.0
0.0	0.0	0.0	1.46633706879	0.0	0.0	0.0	0.0	0.0	0.0	1.46633706879	0.0
0.0	0.0	0.0	1.8718021769	0.0	0.0	0.0	0.0	0.0	0.0	0.0	0.0
0.0	0.0	0.0	0.0	0.0	0.0	0.0	0.0	1.8718021769	0.0	0.0	0.0
0.0	0.0	0.0	0.0	0.0	0.0	0.0	0.0	0.0	0.0	3.7436043538	0.0
0.0	0.0	0.0	0.0	0.0	0.0	0.0	0.0	0.0	0.0	1.8718021769	0.0
0.0	0.0	0.0	5.6154065307	0.0	0.0	0.0	0.0	0.0	0.0	0.0	0.0
0.0	0.0	1.8718021769	0.0	0.0	0.0	0.0	0.0	0.0	0.0	0.0	0.0
0.0	0.0	0.0	1.8718021769	0.0	0.0	0.0	0.0	0.0	0.0	0.0	0.0
0.0	0.0	0.0	1.8718021769	0.0	0.0	0.0	0.0	0.0	0.0	0.0	0.0
0.0	0.0	0.0	0.0	0.0	1.8718021769	0.0	0.0	0.0	0.0	0.0	0.0
0.0	0.0	0.0	0.0	0.0	0.0	0.0	0.0	0.0	0.0	0.0	1.8718021769
0.0	0.0	0.0	0.0	0.0	1.8718021769	0.0	0.0	0.0	0.0	0.0	0.0
0.0	0.0	0.0	0.0	0.0	0.0	0.0	0.0	1.8718021769	0.0	0.0	0.0
0.0	0.0	0.0	0.0	0.0	0.0	0.0	0.0	0.0	0.0	3.7436043538	0.0
0.0	0.0	0.0	0.0	0.0	0.0	0.0	0.0	0.0	0.0	3.7436043538	0.0
0.0	0.0	0.0	0.0	0.0	0.0	0.0	5.6154065307	0.0	0.0	0.0	0.0
0.0	0.0	0.0	0.0	0.0	0.0	0.0	3.7436043538	0.0	0.0	0.0	0.0
0.0	0.0	0.0	0.0	0.0	0.0	0.0	0.0	0.0	0.0	3.7436043538	0.0
0.0	0.0	0.0	0.0	0.0	0.0	0.0	0.0	0.0	1.8718021769	0.0	0.0
0.0	0.0	0.0	0.0	0.0	2.93267413759	1.46633706879	0.0	0.0	0.0	0.0	0.0
0.0	0.0	0.0	0.0	0.0	0.0	1.8718021769	0.0	0.0	0.0	0.0	0.0
0.0	0.0	0.0	5.6154065307	0.0	0.0	0.0	0.0	0.0	0.0	0.0	0.0
0.0	3.7436043538	0.0	0.0	0.0	0.0	0.0	0.0	0.0	0.0	0.0	0.0
0.0	0.0	0.0	1.8718021769	0.0	0.0	0.0	0.0	0.0	0.0	0.0	0.0
0.0	1.8718021769	0.0	0.0	0.0	0.0	0.0	0.0	0.0	0.0	0.0	0.0
0.0	0.0	0.0	0.0	0.0	0.0	0.0	0.0	0.0	0.0	1.8718021769	0.0
0.0	0.0	0.0	0.0	0.0	0.0	0.0	0.0	0.0	0.0	1.8718021769	0.0
0.955511445027	1.91102289005	0.955511445027	0.0	0.0	0.0	0.0	0.0	0.0	0.0	0.955511445027	0.0
0.0	0.0	0.0	0.0	0.0	0.0	0.0	0.0	0.0	5.6154065307	0.0	0.0
0.0	0.0	0.0	1.17865499634	0.0	0.0	0.0	0.0	1.17865499634	1.17865499634	0.0	0.0
0.0	0.0	0.0	2.93267413759	0.0	0.0	0.0	0.0	0.0	2.93267413759	0.0	0.0
0.0	0.0	0.0	0.0	0.0	1.8718021769	0.0	0.0	0.0	0.0	0.0	0.0
0.0	0.0	0.0	1.8718021769	0.0	0.0	0.0	0.0	0.0	0.0	0.0	0.0
0.0	0.0	0.0	1.8718021769	0.0	0.0	0.0	0.0	0.0	0.0	0.0	0.0
0.0	0.0	0.0	1.8718021769	0.0	0.0	0.0	0.0	0.0	0.0	0.0	0.0
1.46633706879	0.0	0.0	0.0	0.0	0.0	0.0	1.46633706879	0.0	0.0	0.0	0.0
0.0	0.0	0.0	0.0	0.0	0.0	0.0	0.0	0.0	0.0	1.8718021769	0.0
0.0	0.0	0.0	3.7436043538	0.0	0.0	0.0	0.0	0.0	0.0	0.0	0.0
0.0	0.0	0.0	1.8718021769	0.0	0.0	0.0	0.0	0.0	0.0	0.0	0.0
0.0	0.0	0.0	0.0	0.0	0.0	0.0	0.0	0.0	0.0	0.0	1.8718021769
0.0	0.0	0.0	0.0	0.0	0.0	0.0	1.8718021769	0.0	0.0	0.0	0.0
0.0	0.0	0.0	3.7436043538	0.0	0.0	0.0	0.0	0.0	0.0	0.0	0.0
0.0	0.0	0.0	1.8718021769	0.0	0.0	0.0	0.0	0.0	0.0	0.0	0.0
0.0	0.0	0.0	1.8718021769	0.0	0.0	0.0	0.0	0.0	0.0	0.0	0.0
0.0	0.0	0.0	0.0	0.0	0.0	0.0	1.8718021769	0.0	0.0	0.0	0.0
0.0	0.0	0.0	0.0	0.0	0.0	0.0	1.8718021769	0.0	0.0	0.0	0.0
0.0	0.0	0.0	1.8718021769	0.0	0.0	0.0	0.0	0.0	0.0	0.0	0.0
0.0	0.0	0.0	0.0	0.0	1.8718021769	0.0	0.0	0.0	0.0	0.0	0.0
0.0	0.0	0.0	0.0	0.0	0.0	0.0	0.0	0.0	1.8718021769	0.0	0.0
0.0	0.0	0.0	0.0	0.0	0.0	1.8718021769	0.0	0.0	0.0	0.0	0.0
0.0	0.0	0.0	0.0	0.0	0.0	0.0	0.0	0.0	0.0	1.8718021769	0.0
0.0	0.0	0.0	0.0	0.0	0.0	0.0	0.0	0.0	0.0	0.0	1.8718021769
0.0	0.0	0.0	0.0	1.8718021769	0.0	0.0	0.0	0.0	0.0	0.0	0.0
0.0	0.0	0.0	0.0	0.0	0.0	0.0	1.8718021769	0.0	0.0	0.0	0.0
0.0	0.0	0.0	3.7436043538	0.0	0.0	0.0	0.0	0.0	0.0	0.0	0.0
0.0	0.0	0.0	0.0	0.0	0.0	1.8718021769	0.0	0.0	0.0	0.0	0.0
0.0	0.0	0.0	5.6154065307	0.0	0.0	0.0	0.0	0.0	0.0	0.0	0.0
0.0	0.0	0.0	3.7436043538	0.0	0.0	0.0	0.0	0.0	0.0	0.0	0.0
0.0	0.0	0.0	0.0	0.0	0.0	1.46633706879	0.0	0.0	0.0	0.0	11.7306965503
0.0	0.0	0.0	1.8718021769	0.0	0.0	0.0	0.0	0.0	0.0	0.0	0.0
1.17865499634	5.89327498171	0.0	0.0	0.0	1.17865499634	0.0	0.0	0.0	0.0	0.0	0.0
0.0	0.0	0.0	0.0	0.0	0.0	1.8718021769	0.0	0.0	0.0	0.0	0.0
1.8718021769	0.0	0.0	0.0	0.0	0.0	0.0	0.0	0.0	0.0	0.0	0.0
1.8718021769	0.0	0.0	0.0	0.0	0.0	0.0	0.0	0.0	0.0	0.0	0.0
0.0	0.0	1.8718021769	0.0	0.0	0.0	0.0	0.0	0.0	0.0	0.0	0.0
0.0	2.93267413759	0.0	2.93267413759	0.0	0.0	0.0	0.0	0.0	0.0	0.0	0.0
0.0	1.8718021769	0.0	0.0	0.0	0.0	0.0	0.0	0.0	0.0	0.0	0.0
0.0	0.0	0.0	0.0	0.0	1.8718021769	0.0	0.0	0.0	0.0	0.0	0.0
0.0	0.0	0.0	0.0	0.0	0.0	0.0	0.0	0.0	0.0	1.8718021769	0.0
0.0	0.0	0.0	0.0	0.0	0.0	0.0	0.0	0.0	0.0	1.8718021769	0.0
0.0	0.0	0.0	1.8718021769	0.0	0.0	0.0	0.0	0.0	0.0	0.0	0.0
0.0	0.0	0.0	1.8718021769	0.0	0.0	0.0	0.0	0.0	0.0	0.0	0.0
0.0	0.0	0.0	0.0	1.8718021769	0.0	0.0	0.0	0.0	0.0	0.0	0.0
0.0	0.0	0.0	0.0	0.0	0.0	1.8718021769	0.0	0.0	0.0	0.0	0.0
0.0	0.0	0.0	1.8718021769	0.0	0.0	0.0	0.0	0.0	0.0	0.0	0.0
0.0	0.0	0.0	0.0	0.0	0.0	1.8718021769	0.0	0.0	0.0	0.0	0.0
0.0	0.0	0.0	0.0	0.0	0.0	0.0	0.0	1.8718021769	0.0	0.0	0.0
1.8718021769	0.0	0.0	0.0	0.0	0.0	0.0	0.0	0.0	0.0	0.0	0.0
0.0	0.0	0.0	0.0	0.0	0.0	0.0	0.0	1.8718021769	0.0	0.0	0.0
0.0	0.0	0.0	1.8718021769	0.0	0.0	0.0	0.0	0.0	0.0	0.0	0.0
0.0	0.0	0.0	1.8718021769	0.0	0.0	0.0	0.0	0.0	0.0	0.0	0.0
0.0	0.0	0.0	0.0	0.0	1.46633706879	0.0	0.0	0.0	0.0	0.0	1.46633706879
2.93267413759	1.46633706879	0.0	0.0	0.0	0.0	0.0	0.0	0.0	0.0	0.0	0.0
0.0	3.7436043538	0.0	0.0	0.0	0.0	0.0	0.0	0.0	0.0	0.0	0.0
0.0	3.7436043538	0.0	0.0	0.0	0.0	0.0	0.0	0.0	0.0	0.0	0.0
0.0	0.0	0.0	9.35901088451	0.0	0.0	0.0	0.0	0.0	0.0	0.0	0.0
0.0	0.0	0.0	0.0	0.0	0.0	0.0	0.0	0.0	0.0	0.0	1.8718021769
0.0	0.0	0.0	0.0	0.0	1.8718021769	0.0	0.0	0.0	0.0	0.0	0.0
0.0	0.0	0.0	0.0	0.0	0.0	0.0	0.0	0.0	0.0	0.0	1.8718021769
0.0	0.0	0.0	0.0	0.0	0.0	0.0	0.0	0.0	1.8718021769	0.0	0.0
0.0	0.0	0.0	1.8718021769	0.0	0.0	0.0	0.0	0.0	0.0	0.0	0.0
0.0	0.0	0.0	0.0	1.8718021769	0.0	0.0	0.0	0.0	0.0	0.0	0.0
0.0	0.0	0.0	0.0	0.0	1.8718021769	0.0	0.0	0.0	0.0	0.0	0.0
0.0	0.0	0.0	1.8718021769	0.0	0.0	0.0	0.0	0.0	0.0	0.0	0.0
0.0	0.0	0.0	0.0	0.0	0.0	0.0	0.0	0.0	1.8718021769	0.0	0.0
0.0	0.0	0.0	0.0	0.0	0.0	0.0	0.0	7.48720870761	0.0	0.0	0.0
0.0	1.8718021769	0.0	0.0	0.0	0.0	0.0	0.0	0.0	0.0	0.0	0.0
1.8718021769	0.0	0.0	0.0	0.0	0.0	0.0	0.0	0.0	0.0	0.0	0.0
0.0	0.0	0.0	0.0	0.0	0.0	0.0	1.8718021769	0.0	0.0	0.0	0.0
0.0	0.0	0.0	0.0	0.0	0.0	0.0	0.0	0.0	1.8718021769	0.0	0.0
0.0	0.0	0.0	0.0	0.0	0.0	0.0	1.8718021769	0.0	0.0	0.0	0.0
0.0	0.0	0.0	0.0	0.0	0.0	0.0	1.8718021769	0.0	0.0	0.0	0.0
1.46633706879	1.46633706879	0.0	0.0	0.0	0.0	0.0	0.0	0.0	0.0	0.0	0.0
0.0	0.0	0.0	1.46633706879	0.0	0.0	0.0	0.0	0.0	1.46633706879	0.0	0.0
0.0	0.0	0.0	0.0	0.0	0.0	0.0	0.0	0.0	0.0	1.8718021769	0.0
0.0	0.0	0.0	5.6154065307	0.0	0.0	0.0	0.0	0.0	0.0	0.0	0.0
1.46633706879	0.0	0.0	1.46633706879	0.0	0.0	0.0	0.0	0.0	0.0	0.0	0.0
1.8718021769	0.0	0.0	0.0	0.0	0.0	0.0	0.0	0.0	0.0	0.0	0.0
0.0	0.0	1.8718021769	0.0	0.0	0.0	0.0	0.0	0.0	0.0	0.0	0.0
0.0	0.0	0.0	1.8718021769	0.0	0.0	0.0	0.0	0.0	0.0	0.0	0.0
0.0	0.0	1.8718021769	0.0	0.0	0.0	0.0	0.0	0.0	0.0	0.0	0.0
0.0	0.0	0.0	0.0	0.0	0.0	0.0	0.0	0.0	0.0	0.0	1.8718021769
0.0	0.0	0.0	2.93267413759	0.0	0.0	0.0	1.46633706879	0.0	0.0	0.0	0.0
0.0	0.0	0.0	1.8718021769	0.0	0.0	0.0	0.0	0.0	0.0	0.0	0.0
0.0	1.8718021769	0.0	0.0	0.0	0.0	0.0	0.0	0.0	0.0	0.0	0.0
0.0	0.0	0.0	0.0	0.0	0.0	0.0	0.0	0.0	1.8718021769	0.0	0.0
0.0	0.0	0.0	0.0	1.8718021769	0.0	0.0	0.0	0.0	0.0	0.0	0.0
0.0	0.0	0.0	1.8718021769	0.0	0.0	0.0	0.0	0.0	0.0	0.0	0.0
0.0	0.0	0.0	1.8718021769	0.0	0.0	0.0	0.0	0.0	0.0	0.0	0.0
0.0	0.0	0.0	0.0	0.0	0.0	0.0	0.0	0.0	0.0	1.8718021769	0.0
0.0	0.0	0.0	3.7436043538	0.0	0.0	0.0	0.0	0.0	0.0	0.0	0.0
0.0	1.8718021769	0.0	0.0	0.0	0.0	0.0	0.0	0.0	0.0	0.0	0.0
0.0	0.0	0.0	0.0	0.0	1.8718021769	0.0	0.0	0.0	0.0	0.0	0.0
0.0	0.0	0.0	5.6154065307	0.0	0.0	0.0	0.0	0.0	0.0	0.0	0.0
3.7436043538	0.0	0.0	0.0	0.0	0.0	0.0	0.0	0.0	0.0	0.0	0.0
0.0	0.0	0.0	1.8718021769	0.0	0.0	0.0	0.0	0.0	0.0	0.0	0.0
0.0	0.0	0.0	0.0	0.0	0.0	0.0	0.0	0.0	1.8718021769	0.0	0.0
0.0	0.0	0.0	0.0	0.0	1.8718021769	0.0	0.0	0.0	0.0	0.0	0.0
1.8718021769	0.0	0.0	0.0	0.0	0.0	0.0	0.0	0.0	0.0	0.0	0.0
0.0	0.0	0.0	1.8718021769	0.0	0.0	0.0	0.0	0.0	0.0	0.0	0.0
0.0	11.2308130614	0.0	0.0	0.0	0.0	0.0	0.0	0.0	0.0	0.0	0.0
0.0	0.0	0.0	1.8718021769	0.0	0.0	0.0	0.0	0.0	0.0	0.0	0.0
0.0	0.0	0.0	0.0	0.0	0.0	1.8718021769	0.0	0.0	0.0	0.0	0.0
0.0	0.0	0.0	0.0	0.0	0.0	0.0	1.8718021769	0.0	0.0	0.0	0.0
0.0	1.8718021769	0.0	0.0	0.0	0.0	0.0	0.0	0.0	0.0	0.0	0.0
0.0	0.0	0.0	1.8718021769	0.0	0.0	0.0	0.0	0.0	0.0	0.0	0.0
0.0	0.0	0.0	1.17865499634	1.17865499634	0.0	0.0	0.0	0.0	0.0	0.0	3.53596498902
0.0	0.0	0.0	1.8718021769	0.0	0.0	0.0	0.0	0.0	0.0	0.0	0.0
0.0	0.0	0.0	1.8718021769	0.0	0.0	0.0	0.0	0.0	0.0	0.0	0.0
0.0	0.0	0.0	1.8718021769	0.0	0.0	0.0	0.0	0.0	0.0	0.0	0.0
0.0	0.0	0.0	0.0	0.0	0.0	0.0	0.0	1.8718021769	0.0	0.0	0.0
0.0	0.0	0.0	0.955511445027	0.0	0.0	0.0	0.0	0.0	0.955511445027	0.955511445027	0.955511445027
0.0	0.0	0.0	0.0	1.8718021769	0.0	0.0	0.0	0.0	0.0	0.0	0.0
0.0	0.0	1.8718021769	0.0	0.0	0.0	0.0	0.0	0.0	0.0	0.0	0.0
0.0	0.0	0.0	0.0	0.0	0.0	0.0	0.0	0.0	0.0	1.8718021769	0.0
0.0	0.0	0.0	1.8718021769	0.0	0.0	0.0	0.0	0.0	0.0	0.0	0.0
0.0	0.0	0.0	0.0	0.0	1.8718021769	0.0	0.0	0.0	0.0	0.0	0.0
0.0	0.0	0.0	0.0	0.0	0.0	3.7436043538	0.0	0.0	0.0	0.0	0.0
0.0	0.0	0.0	1.8718021769	0.0	0.0	0.0	0.0	0.0	0.0	0.0	0.0
0.0	0.0	0.0	1.46633706879	0.0	0.0	0.0	0.0	1.46633706879	0.0	0.0	0.0
0.0	0.0	0.0	0.0	0.0	0.0	0.0	0.0	3.7436043538	0.0	0.0	0.0
0.0	0.0	0.0	1.8718021769	0.0	0.0	0.0	0.0	0.0	0.0	0.0	0.0
0.0	0.0	0.0	1.46633706879	0.0	0.0	0.0	1.46633706879	0.0	0.0	0.0	0.0
0.0	0.0	0.0	1.8718021769	0.0	0.0	0.0	0.0	0.0	0.0	0.0	0.0
0.0	0.0	1.8718021769	0.0	0.0	0.0	0.0	0.0	0.0	0.0	0.0	0.0
0.0	0.0	0.0	0.0	0.0	1.8718021769	0.0	0.0	0.0	0.0	0.0	0.0
0.0	0.0	1.46633706879	0.0	0.0	0.0	0.0	0.0	1.46633706879	0.0	0.0	0.0
0.0	0.0	0.0	0.0	0.0	0.0	1.8718021769	0.0	0.0	0.0	0.0	0.0
0.0	0.0	0.0	1.46633706879	1.46633706879	0.0	0.0	0.0	0.0	0.0	0.0	0.0
0.0	0.0	0.0	1.8718021769	0.0	0.0	0.0	0.0	0.0	0.0	0.0	0.0
0.0	0.0	0.0	3.7436043538	0.0	0.0	0.0	0.0	0.0	0.0	0.0	0.0
0.0	0.0	0.0	1.8718021769	0.0	0.0	0.0	0.0	0.0	0.0	0.0	0.0
0.0	0.0	0.0	0.0	0.0	0.0	0.0	0.0	0.0	0.0	0.0	1.8718021769
0.0	1.8718021769	0.0	0.0	0.0	0.0	0.0	0.0	0.0	0.0	0.0	0.0
0.0	1.8718021769	0.0	0.0	0.0	0.0	0.0	0.0	0.0	0.0	0.0	0.0
0.0	0.0	0.0	1.17865499634	0.0	1.17865499634	0.0	0.0	0.0	1.17865499634	0.0	0.0
0.0	0.0	0.0	1.8718021769	0.0	0.0	0.0	0.0	0.0	0.0	0.0	0.0
0.0	0.0	1.8718021769	0.0	0.0	0.0	0.0	0.0	0.0	0.0	0.0	0.0
0.0	0.0	0.0	0.0	0.0	0.0	0.0	0.0	0.0	1.8718021769	0.0	0.0
0.0	0.773189888233	0.0	3.09275955293	0.773189888233	0.0	0.773189888233	0.773189888233	0.0	0.0	0.0	0.0
0.0	0.0	0.0	0.0	0.0	0.0	0.0	0.0	0.0	0.0	0.0	1.8718021769
0.0	0.0	0.0	0.0	0.0	0.0	0.0	0.0	1.8718021769	0.0	0.0	0.0
0.0	0.0	0.0	0.0	0.0	0.0	0.0	3.7436043538	0.0	0.0	0.0	0.0
0.0	0.0	0.0	1.8718021769	0.0	0.0	0.0	0.0	0.0	0.0	0.0	0.0
0.0	4.71461998537	0.0	0.0	0.0	1.17865499634	0.0	8.25058497439	0.0	0.0	0.0	0.0
0.0	0.0	0.0	1.8718021769	0.0	0.0	0.0	0.0	0.0	0.0	0.0	0.0
0.0	0.0	0.0	0.0	0.0	0.0	0.0	0.0	0.0	1.8718021769	0.0	0.0
0.0	1.8718021769	0.0	0.0	0.0	0.0	0.0	0.0	0.0	0.0	0.0	0.0
0.0	0.0	0.0	0.0	0.0	0.0	0.0	0.0	0.0	0.0	1.46633706879	1.46633706879
0.0	0.0	0.0	1.8718021769	0.0	0.0	0.0	0.0	0.0	0.0	0.0	0.0
0.0	0.0	0.0	0.0	0.0	0.0	0.0	0.0	1.8718021769	0.0	0.0	0.0
0.0	0.0	1.91102289005	0.0	0.0	0.955511445027	0.0	0.0	0.0	1.91102289005	0.0	0.955511445027
0.0	1.8718021769	0.0	0.0	0.0	0.0	0.0	0.0	0.0	0.0	0.0	0.0
0.0	0.0	0.0	1.8718021769	0.0	0.0	0.0	0.0	0.0	0.0	0.0	0.0
7.33168534397	0.0	5.86534827517	0.0	0.0	0.0	0.0	0.0	0.0	0.0	0.0	0.0
0.0	0.0	0.0	0.0	0.0	0.0	0.0	1.8718021769	0.0	0.0	0.0	0.0
0.0	0.0	0.0	1.8718021769	0.0	0.0	0.0	0.0	0.0	0.0	0.0	0.0
0.0	0.0	0.0	0.0	0.0	0.0	1.46633706879	0.0	0.0	1.46633706879	0.0	0.0
0.0	0.0	0.0	3.7436043538	0.0	0.0	0.0	0.0	0.0	0.0	0.0	0.0
0.0	0.0	1.46633706879	0.0	0.0	0.0	0.0	0.0	0.0	0.0	1.46633706879	0.0
0.0	0.0	0.0	7.33168534397	0.0	0.0	0.0	0.0	1.46633706879	0.0	0.0	0.0
0.0	0.0	0.0	1.8718021769	0.0	0.0	0.0	0.0	0.0	0.0	0.0	0.0
0.0	5.6154065307	0.0	0.0	0.0	0.0	0.0	0.0	0.0	0.0	0.0	0.0
0.0	0.0	0.0	0.0	0.0	0.0	0.0	0.0	0.0	0.0	0.0	1.8718021769
0.0	0.0	0.0	3.7436043538	0.0	0.0	0.0	0.0	0.0	0.0	0.0	0.0
0.0	0.0	0.0	0.0	0.0	0.0	0.0	0.0	0.0	0.0	0.0	1.8718021769
0.0	0.0	1.8718021769	0.0	0.0	0.0	0.0	0.0	0.0	0.0	0.0	0.0
0.0	0.0	0.0	0.0	0.0	0.0	0.0	0.0	0.0	0.0	0.0	1.8718021769
0.0	0.0	0.0	0.0	0.0	0.0	0.0	0.0	0.0	0.0	0.0	1.8718021769
0.0	0.0	0.0	1.8718021769	0.0	0.0	0.0	0.0	0.0	0.0	0.0	0.0
1.8718021769	0.0	0.0	0.0	0.0	0.0	0.0	0.0	0.0	0.0	0.0	0.0
0.0	0.0	0.0	0.0	0.0	0.0	0.0	0.0	0.0	0.0	0.0	1.8718021769
0.0	0.0	0.0	0.0	0.0	0.0	0.0	0.0	0.0	0.0	0.0	1.8718021769
0.0	0.0	0.0	0.0	0.0	0.0	0.0	0.0	0.0	1.8718021769	0.0	0.0
0.0	0.0	0.0	1.8718021769	0.0	0.0	0.0	0.0	0.0	0.0	0.0	0.0
0.0	0.0	0.0	0.0	0.0	0.0	0.0	0.0	0.0	0.0	0.0	1.8718021769
0.0	7.33168534397	0.0	0.0	0.0	0.0	0.0	1.46633706879	0.0	0.0	0.0	0.0
0.0	0.0	0.0	0.0	0.0	0.0	0.0	0.0	0.0	0.0	0.0	1.8718021769
1.54637977647	0.0	0.773189888233	0.773189888233	0.0	0.0	0.773189888233	0.0	0.0	1.54637977647	0.0	0.0
0.0	1.8718021769	0.0	0.0	0.0	0.0	0.0	0.0	0.0	0.0	0.0	0.0
0.0	0.0	0.0	0.0	0.0	1.46633706879	0.0	1.46633706879	0.0	0.0	0.0	0.0
0.0	0.0	0.0	0.0	0.0	1.46633706879	0.0	0.0	0.0	0.0	0.0	1.46633706879
0.0	0.0	0.0	0.0	0.0	0.0	0.0	1.8718021769	0.0	0.0	0.0	0.0
0.0	0.0	0.0	0.0	0.0	0.0	3.7436043538	0.0	0.0	0.0	0.0	0.0
0.0	0.0	0.0	0.0	0.0	0.0	0.0	1.8718021769	0.0	0.0	0.0	0.0
0.0	0.0	0.0	1.8718021769	0.0	0.0	0.0	0.0	0.0	0.0	0.0	0.0
0.0	0.0	0.0	1.8718021769	0.0	0.0	0.0	0.0	0.0	0.0	0.0	0.0
0.0	0.0	0.0	1.8718021769	0.0	0.0	0.0	0.0	0.0	0.0	0.0	0.0
0.0	0.0	0.0	0.0	0.0	0.0	0.0	0.0	0.0	0.0	0.0	1.8718021769
0.0	0.0	0.0	14.9744174152	0.0	0.0	0.0	0.0	0.0	0.0	0.0	0.0
0.0	0.0	0.0	1.8718021769	0.0	0.0	0.0	0.0	0.0	0.0	0.0	0.0
0.0	0.0	0.0	1.8718021769	0.0	0.0	0.0	0.0	0.0	0.0	0.0	0.0
0.0	0.0	0.0	1.8718021769	0.0	0.0	0.0	0.0	0.0	0.0	0.0	0.0
0.0	0.0	0.0	5.6154065307	0.0	0.0	0.0	0.0	0.0	0.0	0.0	0.0
0.0	0.0	0.0	0.0	0.0	0.0	0.0	0.0	0.0	0.0	0.0	1.8718021769
0.0	0.0	0.0	4.39901120638	0.0	0.0	0.0	0.0	0.0	0.0	0.0	2.93267413759
0.0	0.0	0.773189888233	0.0	0.773189888233	0.0	0.773189888233	0.0	0.0	0.773189888233	0.0	0.773189888233
0.0	0.0	0.0	0.0	0.0	0.0	0.0	0.0	0.0	0.0	1.8718021769	0.0
0.0	0.0	0.0	1.8718021769	0.0	0.0	0.0	0.0	0.0	0.0	0.0	0.0
0.0	0.0	0.0	0.0	0.0	0.0	0.0	0.0	0.0	0.0	0.0	1.8718021769
0.0	0.0	0.0	1.46633706879	0.0	0.0	0.0	1.46633706879	0.0	0.0	0.0	0.0
0.0	0.0	0.0	3.7436043538	0.0	0.0	0.0	0.0	0.0	0.0	0.0	0.0
0.0	0.0	0.0	1.8718021769	0.0	0.0	0.0	0.0	0.0	0.0	0.0	0.0
0.0	0.0	0.0	1.17865499634	0.0	0.0	1.17865499634	0.0	0.0	0.0	0.0	1.17865499634
1.8718021769	0.0	0.0	0.0	0.0	0.0	0.0	0.0	0.0	0.0	0.0	0.0
0.0	0.0	0.0	0.0	0.0	1.8718021769	0.0	0.0	0.0	0.0	0.0	0.0
0.0	0.0	0.0	1.8718021769	0.0	0.0	0.0	0.0	0.0	0.0	0.0	0.0
0.0	11.2308130614	0.0	0.0	0.0	0.0	0.0	0.0	0.0	0.0	0.0	0.0
0.0	5.6154065307	0.0	0.0	0.0	0.0	0.0	0.0	0.0	0.0	0.0	0.0
0.0	0.0	0.0	0.0	0.0	1.46633706879	0.0	1.46633706879	0.0	0.0	0.0	0.0
0.0	0.0	0.0	1.8718021769	0.0	0.0	0.0	0.0	0.0	0.0	0.0	0.0
0.0	0.0	0.0	1.8718021769	0.0	0.0	0.0	0.0	0.0	0.0	0.0	0.0
0.0	0.0	0.0	0.0	1.8718021769	0.0	0.0	0.0	0.0	0.0	0.0	0.0
0.0	0.0	0.0	0.0	0.0	0.0	0.0	1.8718021769	0.0	0.0	0.0	0.0
0.0	0.0	0.0	0.0	0.0	0.0	1.8718021769	0.0	0.0	0.0	0.0	0.0
0.0	0.0	1.8718021769	0.0	0.0	0.0	0.0	0.0	0.0	0.0	0.0	0.0
0.0	0.0	0.0	0.0	0.0	0.0	0.0	1.8718021769	0.0	0.0	0.0	0.0
0.0	1.8718021769	0.0	0.0	0.0	0.0	0.0	0.0	0.0	0.0	0.0	0.0
0.0	0.0	0.0	0.0	0.0	0.0	0.0	0.0	0.0	0.0	0.0	1.8718021769
0.0	0.0	1.46633706879	0.0	0.0	0.0	0.0	0.0	0.0	0.0	0.0	1.46633706879
0.0	0.0	0.0	0.0	0.0	0.0	0.0	0.0	0.0	0.0	0.0	1.8718021769
0.0	0.0	0.0	0.0	0.0	0.0	1.46633706879	1.46633706879	0.0	0.0	0.0	0.0
0.0	0.0	0.0	0.0	0.0	0.0	0.0	0.0	0.0	1.46633706879	0.0	1.46633706879
0.0	0.0	1.8718021769	0.0	0.0	0.0	0.0	0.0	0.0	0.0	0.0	0.0
0.0	0.0	0.0	0.0	0.0	0.0	0.0	0.0	0.0	1.8718021769	0.0	0.0
0.0	0.0	0.0	0.0	0.0	0.0	0.0	0.0	0.0	3.7436043538	0.0	0.0
0.0	0.0	0.0	0.0	1.8718021769	0.0	0.0	0.0	0.0	0.0	0.0	0.0
0.0	0.0	0.0	0.0	0.0	0.0	0.0	0.0	0.0	0.0	1.8718021769	0.0
0.0	0.0	0.0	0.0	0.0	0.0	1.8718021769	0.0	0.0	0.0	0.0	0.0
0.0	0.0	0.0	0.0	0.0	0.0	0.0	0.0	0.0	0.0	3.7436043538	0.0
0.0	0.0	0.0	0.0	1.8718021769	0.0	0.0	0.0	0.0	0.0	0.0	0.0
0.0	0.0	1.46633706879	0.0	0.0	0.0	0.0	0.0	0.0	0.0	0.0	8.79802241276
0.0	2.93267413759	0.0	0.0	0.0	1.46633706879	0.0	0.0	0.0	0.0	0.0	0.0
0.0	0.0	0.0	0.0	0.0	0.0	0.0	0.0	0.0	1.8718021769	0.0	0.0
0.0	0.0	0.0	0.0	0.0	0.0	0.0	0.0	0.0	1.8718021769	0.0	0.0
0.0	3.7436043538	0.0	0.0	0.0	0.0	0.0	0.0	0.0	0.0	0.0	0.0
0.0	0.0	0.0	0.0	0.0	0.0	0.0	0.0	0.0	0.0	3.7436043538	0.0
0.0	0.0	0.0	1.8718021769	0.0	0.0	0.0	0.0	0.0	0.0	0.0	0.0
0.0	0.0	0.0	0.0	0.0	1.46633706879	0.0	0.0	0.0	0.0	1.46633706879	0.0
0.0	0.0	0.0	5.6154065307	0.0	0.0	0.0	0.0	0.0	0.0	0.0	0.0
0.0	0.0	0.0	0.0	0.0	1.8718021769	0.0	0.0	0.0	0.0	0.0	0.0
0.0	0.0	0.0	0.0	0.0	1.8718021769	0.0	0.0	0.0	0.0	0.0	0.0
5.6154065307	0.0	0.0	0.0	0.0	0.0	0.0	0.0	0.0	0.0	0.0	0.0
0.0	0.0	0.0	2.93267413759	0.0	0.0	0.0	0.0	0.0	1.46633706879	0.0	0.0
0.0	0.0	0.0	1.8718021769	0.0	0.0	0.0	0.0	0.0	0.0	0.0	0.0
0.0	0.0	0.0	1.8718021769	0.0	0.0	0.0	0.0	0.0	0.0	0.0	0.0
0.0	0.0	0.0	7.48720870761	0.0	0.0	0.0	0.0	0.0	0.0	0.0	0.0
0.0	0.0	0.0	0.0	0.0	0.0	0.0	0.0	0.0	1.8718021769	0.0	0.0
0.0	0.0	0.0	0.0	0.0	0.0	0.0	0.0	0.0	1.8718021769	0.0	0.0
0.0	0.0	0.0	5.6154065307	0.0	0.0	0.0	0.0	0.0	0.0	0.0	0.0
0.0	0.0	0.0	0.0	0.0	0.0	0.0	0.0	0.0	0.0	0.0	1.8718021769
0.0	0.0	0.0	0.0	0.0	0.0	0.0	0.0	1.8718021769	0.0	0.0	0.0
0.0	0.0	0.0	3.7436043538	0.0	0.0	0.0	0.0	0.0	0.0	0.0	0.0
0.0	0.0	1.8718021769	0.0	0.0	0.0	0.0	0.0	0.0	0.0	0.0	0.0
0.0	0.0	0.0	0.0	0.0	0.0	0.0	0.0	3.7436043538	0.0	0.0	0.0
0.0	0.0	0.0	1.46633706879	0.0	0.0	0.0	0.0	0.0	1.46633706879	0.0	0.0
0.0	0.0	1.8718021769	0.0	0.0	0.0	0.0	0.0	0.0	0.0	0.0	0.0
0.0	0.0	0.0	0.0	0.0	0.0	1.46633706879	0.0	0.0	0.0	0.0	1.46633706879
0.0	0.0	0.0	5.6154065307	0.0	0.0	0.0	0.0	0.0	0.0	0.0	0.0
1.8718021769	0.0	0.0	0.0	0.0	0.0	0.0	0.0	0.0	0.0	0.0	0.0
0.0	0.0	0.0	1.8718021769	0.0	0.0	0.0	0.0	0.0	0.0	0.0	0.0
1.8718021769	0.0	0.0	0.0	0.0	0.0	0.0	0.0	0.0	0.0	0.0	0.0
0.0	0.0	0.0	0.0	0.0	0.0	0.0	0.0	0.0	0.0	0.0	1.8718021769
0.0	0.0	0.0	0.0	0.0	7.48720870761	0.0	0.0	0.0	0.0	0.0	0.0
0.0	0.0	0.0	0.0	0.0	1.8718021769	0.0	0.0	0.0	0.0	0.0	0.0
0.0	0.0	0.0	4.39901120638	0.0	0.0	0.0	0.0	0.0	0.0	0.0	1.46633706879
0.0	0.0	0.0	1.8718021769	0.0	0.0	0.0	0.0	0.0	0.0	0.0	0.0
0.0	0.0	0.0	1.8718021769	0.0	0.0	0.0	0.0	0.0	0.0	0.0	0.0
0.0	1.8718021769	0.0	0.0	0.0	0.0	0.0	0.0	0.0	0.0	0.0	0.0
0.0	0.0	0.0	1.8718021769	0.0	0.0	0.0	0.0	0.0	0.0	0.0	0.0
0.0	0.0	0.0	1.8718021769	0.0	0.0	0.0	0.0	0.0	0.0	0.0	0.0
1.8718021769	0.0	0.0	0.0	0.0	0.0	0.0	0.0	0.0	0.0	0.0	0.0
0.0	0.0	0.0	3.7436043538	0.0	0.0	0.0	0.0	0.0	0.0	0.0	0.0
0.0	0.0	0.0	0.0	0.0	0.0	1.46633706879	0.0	0.0	0.0	0.0	1.46633706879
0.0	0.0	0.0	1.46633706879	0.0	0.0	0.0	0.0	1.46633706879	0.0	0.0	0.0
0.0	5.6154065307	0.0	0.0	0.0	0.0	0.0	0.0	0.0	0.0	0.0	0.0
0.0	0.0	0.0	0.0	0.0	0.0	1.8718021769	0.0	0.0	0.0	0.0	0.0
0.0	0.0	0.0	1.46633706879	0.0	0.0	0.0	0.0	0.0	0.0	1.46633706879	0.0
0.0	0.0	0.0	1.8718021769	0.0	0.0	0.0	0.0	0.0	0.0	0.0	0.0
1.46633706879	0.0	0.0	0.0	0.0	0.0	0.0	0.0	0.0	0.0	0.0	1.46633706879
0.0	0.0	0.0	0.0	0.0	0.0	0.0	0.0	0.0	0.0	1.8718021769	0.0
0.0	0.0	0.0	4.39901120638	0.0	0.0	0.0	0.0	0.0	1.46633706879	0.0	0.0
0.0	0.0	0.0	1.46633706879	0.0	0.0	0.0	2.93267413759	0.0	0.0	0.0	0.0
0.0	0.0	0.0	0.0	0.0	1.8718021769	0.0	0.0	0.0	0.0	0.0	0.0
0.0	0.0	0.0	0.0	0.0	0.0	0.0	0.0	5.6154065307	0.0	0.0	0.0
0.0	0.0	0.0	0.0	0.0	0.0	0.0	0.0	0.0	0.0	0.0	7.48720870761
0.0	0.0	0.0	0.0	0.0	0.0	1.8718021769	0.0	0.0	0.0	0.0	0.0
0.0	0.0	0.0	1.8718021769	0.0	0.0	0.0	0.0	0.0	0.0	0.0	0.0
1.8718021769	0.0	0.0	0.0	0.0	0.0	0.0	0.0	0.0	0.0	0.0	0.0
0.0	1.8718021769	0.0	0.0	0.0	0.0	0.0	0.0	0.0	0.0	0.0	0.0
0.0	0.0	0.0	0.0	0.0	0.0	0.0	0.0	0.0	1.8718021769	0.0	0.0
0.0	0.0	0.0	0.0	0.0	0.0	0.0	0.0	1.8718021769	0.0	0.0	0.0
0.0	0.0	0.0	1.8718021769	0.0	0.0	0.0	0.0	0.0	0.0	0.0	0.0
1.8718021769	0.0	0.0	0.0	0.0	0.0	0.0	0.0	0.0	0.0	0.0	0.0
1.8718021769	0.0	0.0	0.0	0.0	0.0	0.0	0.0	0.0	0.0	0.0	0.0
0.0	0.0	0.0	0.0	0.0	0.0	1.8718021769	0.0	0.0	0.0	0.0	0.0
0.0	1.46633706879	0.0	0.0	0.0	2.93267413759	0.0	0.0	0.0	0.0	0.0	0.0
0.0	0.0	0.0	0.0	0.0	1.8718021769	0.0	0.0	0.0	0.0	0.0	0.0
0.0	0.0	0.0	1.8718021769	0.0	0.0	0.0	0.0	0.0	0.0	0.0	0.0
0.0	0.0	0.0	0.0	1.8718021769	0.0	0.0	0.0	0.0	0.0	0.0	0.0
0.0	0.0	0.0	0.0	0.0	0.0	0.0	3.7436043538	0.0	0.0	0.0	0.0
0.0	0.0	0.0	0.0	0.0	0.0	0.0	0.0	0.0	0.0	0.0	1.8718021769
2.93267413759	0.0	0.0	0.0	0.0	0.0	1.46633706879	0.0	0.0	0.0	0.0	0.0
0.0	0.0	0.0	0.0	0.0	0.0	0.0	0.0	0.0	1.46633706879	1.46633706879	0.0
0.0	0.0	1.8718021769	0.0	0.0	0.0	0.0	0.0	0.0	0.0	0.0	0.0
0.0	0.955511445027	0.955511445027	0.0	0.0	0.0	0.955511445027	0.0	0.0	0.0	0.0	0.955511445027
0.0	0.0	0.0	0.0	0.0	0.0	0.0	0.0	0.0	0.0	0.0	1.8718021769
0.0	0.0	0.0	1.8718021769	0.0	0.0	0.0	0.0	0.0	0.0	0.0	0.0
0.0	0.0	0.0	0.0	0.0	0.0	0.0	0.0	1.8718021769	0.0	0.0	0.0
0.0	0.0	0.0	0.0	0.0	0.0	0.0	0.0	0.0	0.0	0.0	1.8718021769
0.0	0.0	0.0	0.0	0.0	0.0	0.0	0.0	0.0	5.6154065307	0.0	0.0
0.0	0.0	0.0	1.8718021769	0.0	0.0	0.0	0.0	0.0	0.0	0.0	0.0
0.0	0.0	0.0	0.0	0.0	0.0	0.0	0.0	0.0	1.8718021769	0.0	0.0
1.8718021769	0.0	0.0	0.0	0.0	0.0	0.0	0.0	0.0	0.0	0.0	0.0
1.8718021769	0.0	0.0	0.0	0.0	0.0	0.0	0.0	0.0	0.0	0.0	0.0
0.0	0.0	0.0	1.8718021769	0.0	0.0	0.0	0.0	0.0	0.0	0.0	0.0
0.0	0.0	0.0	0.0	0.0	1.8718021769	0.0	0.0	0.0	0.0	0.0	0.0
0.0	0.0	0.0	1.8718021769	0.0	0.0	0.0	0.0	0.0	0.0	0.0	0.0
0.0	0.0	0.0	1.8718021769	0.0	0.0	0.0	0.0	0.0	0.0	0.0	0.0
0.0	0.0	0.0	1.8718021769	0.0	0.0	0.0	0.0	0.0	0.0	0.0	0.0
0.0	0.0	0.0	3.7436043538	0.0	0.0	0.0	0.0	0.0	0.0	0.0	0.0
0.0	2.93267413759	0.0	1.46633706879	0.0	0.0	0.0	0.0	0.0	0.0	0.0	0.0
0.0	0.0	0.0	1.8718021769	0.0	0.0	0.0	0.0	0.0	0.0	0.0	0.0
5.6154065307	0.0	0.0	0.0	0.0	0.0	0.0	0.0	0.0	0.0	0.0	0.0
0.0	3.7436043538	0.0	0.0	0.0	0.0	0.0	0.0	0.0	0.0	0.0	0.0
0.0	0.0	0.0	1.8718021769	0.0	0.0	0.0	0.0	0.0	0.0	0.0	0.0
0.0	0.0	0.0	0.0	1.8718021769	0.0	0.0	0.0	0.0	0.0	0.0	0.0
0.0	0.0	0.0	0.0	0.0	0.0	1.8718021769	0.0	0.0	0.0	0.0	0.0
0.0	1.8718021769	0.0	0.0	0.0	0.0	0.0	0.0	0.0	0.0	0.0	0.0
0.0	0.0	0.0	23.4613931007	0.0	0.0	0.0	0.0	0.0	1.46633706879	0.0	0.0
0.0	0.0	0.0	0.0	0.0	0.0	0.0	0.0	1.8718021769	0.0	0.0	0.0
0.0	0.0	1.8718021769	0.0	0.0	0.0	0.0	0.0	0.0	0.0	0.0	0.0
0.0	0.0	0.0	1.8718021769	0.0	0.0	0.0	0.0	0.0	0.0	0.0	0.0
0.0	3.7436043538	0.0	0.0	0.0	0.0	0.0	0.0	0.0	0.0	0.0	0.0
0.0	0.0	0.0	1.8718021769	0.0	0.0	0.0	0.0	0.0	0.0	0.0	0.0
0.0	0.0	0.0	1.8718021769	0.0	0.0	0.0	0.0	0.0	0.0	0.0	0.0
0.0	0.0	0.0	0.0	0.0	0.0	0.0	1.8718021769	0.0	0.0	0.0	0.0
0.0	0.0	0.0	1.8718021769	0.0	0.0	0.0	0.0	0.0	0.0	0.0	0.0
0.0	0.0	0.0	0.0	0.0	0.0	0.0	0.0	1.8718021769	0.0	0.0	0.0
0.0	0.0	0.0	1.8718021769	0.0	0.0	0.0	0.0	0.0	0.0	0.0	0.0
0.0	0.0	0.0	0.0	0.0	0.0	0.0	0.0	0.0	1.8718021769	0.0	0.0
0.0	0.0	0.0	1.8718021769	0.0	0.0	0.0	0.0	0.0	0.0	0.0	0.0
0.0	0.0	0.0	0.0	0.0	0.0	0.0	0.0	0.0	7.48720870761	0.0	0.0
0.0	0.0	0.0	1.8718021769	0.0	0.0	0.0	0.0	0.0	0.0	0.0	0.0
0.0	1.17865499634	0.0	3.53596498902	0.0	0.0	0.0	2.35730999268	0.0	0.0	0.0	0.0
1.46633706879	0.0	0.0	0.0	0.0	0.0	0.0	0.0	2.93267413759	0.0	0.0	0.0
0.0	0.0	0.0	5.6154065307	0.0	0.0	0.0	0.0	0.0	0.0	0.0	0.0
0.0	0.0	0.0	0.0	0.0	0.0	0.0	0.0	0.0	0.0	0.0	1.8718021769
1.8718021769	0.0	0.0	0.0	0.0	0.0	0.0	0.0	0.0	0.0	0.0	0.0
3.7436043538	0.0	0.0	0.0	0.0	0.0	0.0	0.0	0.0	0.0	0.0	0.0
0.0	0.0	0.0	0.0	0.0	0.0	0.0	0.0	0.0	0.0	0.0	1.8718021769
0.0	0.0	0.0	0.0	1.8718021769	0.0	0.0	0.0	0.0	0.0	0.0	0.0
1.46633706879	0.0	0.0	1.46633706879	0.0	0.0	0.0	0.0	0.0	0.0	0.0	0.0
0.0	0.0	0.0	0.0	0.0	0.0	1.8718021769	0.0	0.0	0.0	0.0	0.0
0.0	0.0	0.0	0.0	0.0	0.0	0.0	0.0	0.0	0.0	0.0	1.8718021769
