0.0	0.0	0.0	1.60943791243	0.0	0.0	0.0	0.0	0.0
0.0	0.0	0.0	0.0	0.0	1.60943791243	0.0	0.0	0.0
0.0	0.0	0.0	1.60943791243	0.0	0.0	0.0	0.0	0.0
0.0	0.0	0.0	1.60943791243	0.0	0.0	0.0	0.0	0.0
0.0	1.60943791243	0.0	0.0	0.0	0.0	0.0	0.0	0.0
1.20397280433	0.0	1.20397280433	0.0	0.0	0.0	0.0	0.0	0.0
0.0	0.0	0.0	0.0	0.0	0.0	2.40794560865	0.0	2.40794560865
0.0	0.0	0.0	0.0	1.60943791243	0.0	0.0	0.0	0.0
0.0	1.20397280433	0.0	0.0	0.0	0.0	0.0	0.0	1.20397280433
0.0	0.0	0.0	1.60943791243	0.0	0.0	0.0	0.0	0.0
0.0	0.0	1.60943791243	0.0	0.0	0.0	0.0	0.0	0.0
1.11571775657	0.223143551314	1.11571775657	0.446287102628	0.0	0.446287102628	0.446287102628	0.0	0.669430653943
0.0	0.0	0.0	0.0	0.0	0.0	0.0	1.60943791243	0.0
0.69314718056	0.69314718056	0.0	0.0	0.69314718056	0.0	0.0	0.0	0.69314718056
0.0	0.0	1.20397280433	0.0	0.0	0.0	0.0	1.20397280433	0.0
1.60943791243	0.0	0.0	0.0	0.0	0.0	0.0	0.0	0.0
0.0	0.0	0.0	0.0	1.60943791243	0.0	0.0	0.0	0.0
0.0	0.0	0.0	0.0	0.0	0.0	0.0	0.0	1.60943791243
0.0	0.0	0.0	0.0	0.0	1.20397280433	1.20397280433	0.0	0.0
0.0	0.0	0.0	1.60943791243	0.0	0.0	0.0	0.0	0.0
0.0	0.0	1.60943791243	0.0	0.0	0.0	0.0	0.0	0.0
0.0	0.0	0.0	0.0	0.0	0.0	0.0	3.21887582487	0.0
0.0	0.0	0.0	0.0	0.0	1.20397280433	1.20397280433	0.0	0.0
0.0	0.0	0.0	0.0	0.0	1.60943791243	0.0	0.0	0.0
0.0	0.0	0.0	0.916290731874	1.83258146375	0.0	0.0	0.916290731874	0.0
0.0	0.0	0.0	0.0	0.0	0.0	0.0	1.60943791243	0.0
0.0	0.0	0.0	0.0	1.20397280433	1.20397280433	0.0	0.0	0.0
0.0	0.0	0.69314718056	0.0	0.0	1.38629436112	0.69314718056	0.0	0.69314718056
0.0	0.0	2.40794560865	0.0	1.20397280433	0.0	0.0	0.0	0.0
0.0	0.0	0.0	0.0	4.8283137373	0.0	0.0	0.0	0.0
0.0	0.0	0.0	0.0	1.60943791243	0.0	0.0	0.0	0.0
0.0	0.0	0.0	0.0	1.60943791243	0.0	0.0	0.0	0.0
0.0	0.0	0.0	0.0	0.0	0.0	0.0	1.60943791243	0.0
0.0	0.0	0.0	1.20397280433	0.0	0.0	0.0	0.0	1.20397280433
0.0	0.0	0.0	0.0	0.0	0.0	0.0	3.21887582487	0.0
0.0	1.60943791243	0.0	0.0	0.0	0.0	0.0	0.0	0.0
1.5324768713	1.02165124753	0.0	0.0	0.0	0.510825623766	0.510825623766	0.0	0.510825623766
1.60943791243	0.0	0.0	0.0	0.0	0.0	0.0	0.0	0.0
0.0	0.0	0.0	0.0	0.0	1.20397280433	1.20397280433	0.0	0.0
0.0	0.0	0.0	0.0	0.0	1.20397280433	1.20397280433	0.0	0.0
0.0	0.0	0.0	0.0	0.0	0.0	0.0	1.60943791243	0.0
0.0	0.0	0.0	1.60943791243	0.0	0.0	0.0	0.0	0.0
0.0	0.0	0.0	0.0	1.60943791243	0.0	0.0	0.0	0.0
0.0	0.0	1.60943791243	0.0	0.0	0.0	0.0	0.0	0.0
0.446287102628	0.0	0.446287102628	1.5620048592	1.11571775657	0.446287102628	0.223143551314	0.0	0.223143551314
0.0	0.0	0.0	0.0	0.0	0.0	1.60943791243	0.0	0.0
1.60943791243	0.0	0.0	0.0	0.0	0.0	0.0	0.0	0.0
0.0	0.0	0.916290731874	1.83258146375	0.0	0.0	0.0	0.0	0.916290731874
0.0	1.60943791243	0.0	0.0	0.0	0.0	0.0	0.0	0.0
0.69314718056	0.0	0.0	2.07944154168	0.0	0.0	0.0	0.69314718056	0.69314718056
0.0	0.0	1.60943791243	0.0	0.0	0.0	0.0	0.0	0.0
0.0	0.0	0.0	0.0	1.60943791243	0.0	0.0	0.0	0.0
0.0	0.0	0.0	0.0	1.60943791243	0.0	0.0	0.0	0.0
0.0	1.60943791243	0.0	0.0	0.0	0.0	0.0	0.0	0.0
0.0	0.0	0.0	0.0	1.60943791243	0.0	0.0	0.0	0.0
0.0	0.0	0.0	3.21887582487	0.0	0.0	0.0	0.0	0.0
0.0	0.0	1.60943791243	0.0	0.0	0.0	0.0	0.0	0.0
0.0	0.0	0.0	0.0	0.0	1.60943791243	0.0	0.0	0.0
1.38629436112	2.07944154168	0.69314718056	0.0	0.0	0.0	0.69314718056	0.0	0.0
0.0	0.0	0.0	0.0	3.21887582487	0.0	0.0	0.0	0.0
0.0	0.0	0.0	0.0	1.60943791243	0.0	0.0	0.0	0.0
0.0	0.0	1.60943791243	0.0	0.0	0.0	0.0	0.0	0.0
0.0	0.0	0.0	1.60943791243	0.0	0.0	0.0	0.0	0.0
0.0	0.0	0.0	0.0	0.0	0.0	0.0	1.60943791243	0.0
0.0	1.60943791243	0.0	0.0	0.0	0.0	0.0	0.0	0.0
0.0	0.0	1.60943791243	0.0	0.0	0.0	0.0	0.0	0.0
0.0	0.0	0.0	1.60943791243	0.0	0.0	0.0	0.0	0.0
0.0	0.0	0.0	0.0	0.0	0.0	0.0	1.60943791243	0.0
3.21887582487	0.0	0.0	0.0	0.0	0.0	0.0	0.0	0.0
0.0	0.0	0.0	1.60943791243	0.0	0.0	0.0	0.0	0.0
0.0	0.0	0.0	1.60943791243	0.0	0.0	0.0	0.0	0.0
0.0	0.0	0.0	0.0	1.60943791243	0.0	0.0	0.0	0.0
0.0	1.60943791243	0.0	0.0	0.0	0.0	0.0	0.0	0.0
0.0	0.0	1.60943791243	0.0	0.0	0.0	0.0	0.0	0.0
0.0	0.0	0.0	0.0	4.8283137373	0.0	0.0	0.0	0.0
0.0	0.0	1.60943791243	0.0	0.0	0.0	0.0	0.0	0.0
0.0	0.0	0.0	0.0	1.60943791243	0.0	0.0	0.0	0.0
0.0	0.0	0.0	1.60943791243	0.0	0.0	0.0	0.0	0.0
0.0	0.0	0.0	0.0	3.21887582487	0.0	0.0	0.0	0.0
0.0	0.0	0.0	0.0	1.20397280433	0.0	0.0	1.20397280433	0.0
0.0	0.0	0.0	0.0	0.0	1.60943791243	0.0	0.0	0.0
0.916290731874	0.916290731874	0.0	0.0	0.0	0.0	0.0	0.0	0.916290731874
0.0	0.0	0.0	0.0	0.0	1.60943791243	0.0	0.0	0.0
0.0	0.69314718056	0.69314718056	1.38629436112	0.0	0.0	0.0	1.38629436112	0.0
3.21887582487	0.0	0.0	0.0	0.0	0.0	0.0	0.0	0.0
0.0	0.0	0.0	0.0	0.0	0.0	0.0	1.60943791243	0.0
0.0	1.60943791243	0.0	0.0	0.0	0.0	0.0	0.0	0.0
0.0	0.0	0.0	0.0	0.0	0.0	0.0	1.60943791243	0.0
0.0	0.0	0.0	0.0	0.0	0.0	0.0	1.60943791243	0.0
0.0	0.0	0.0	0.0	1.60943791243	0.0	0.0	0.0	0.0
0.0	0.0	0.0	0.0	1.60943791243	0.0	0.0	0.0	0.0
0.0	1.60943791243	0.0	0.0	0.0	0.0	0.0	0.0	0.0
0.0	0.0	0.0	0.0	1.60943791243	0.0	0.0	0.0	0.0
0.0	0.0	0.0	0.0	1.60943791243	0.0	0.0	0.0	0.0
0.713349887877	0.356674943939	0.0	0.356674943939	0.713349887877	0.0	0.0	1.42669977575	0.356674943939
0.0	0.0	0.0	1.60943791243	0.0	0.0	0.0	0.0	0.0
0.0	0.916290731874	0.916290731874	0.916290731874	0.0	0.0	0.0	0.0	0.0
0.0	0.0	1.60943791243	0.0	0.0	0.0	0.0	0.0	0.0
0.0	0.0	0.0	0.0	1.60943791243	0.0	0.0	0.0	0.0
0.0	0.0	1.60943791243	0.0	0.0	0.0	0.0	0.0	0.0
0.916290731874	1.83258146375	0.0	0.0	0.0	0.0	0.0	0.0	0.916290731874
0.0	0.0	1.60943791243	0.0	0.0	0.0	0.0	0.0	0.0
1.83258146375	0.916290731874	0.0	0.0	0.916290731874	0.0	0.0	0.0	0.0
0.0	0.0	0.0	0.0	0.0	0.0	0.0	0.0	3.21887582487
0.0	0.0	0.0	0.0	0.0	0.0	0.0	1.60943791243	0.0
0.0	1.60943791243	0.0	0.0	0.0	0.0	0.0	0.0	0.0
0.0	0.0	1.60943791243	0.0	0.0	0.0	0.0	0.0	0.0
0.0	0.0	1.60943791243	0.0	0.0	0.0	0.0	0.0	0.0
0.0	0.0	0.0	1.83258146375	0.0	0.0	0.0	0.916290731874	1.83258146375
2.40794560865	0.0	0.0	0.0	0.0	0.0	1.20397280433	0.0	0.0
0.0	0.0	0.0	1.60943791243	0.0	0.0	0.0	0.0	0.0
0.0	1.60943791243	0.0	0.0	0.0	0.0	0.0	0.0	0.0
0.0	0.0	0.0	0.0	0.0	0.0	0.0	0.0	1.60943791243
0.0	0.0	0.0	3.21887582487	0.0	0.0	0.0	0.0	0.0
0.0	0.0	0.0	0.0	1.60943791243	0.0	0.0	0.0	0.0
0.0	0.0	1.60943791243	0.0	0.0	0.0	0.0	0.0	0.0
0.0	0.0	0.0	0.0	0.0	0.0	0.0	1.60943791243	0.0
0.0	0.0	0.0	0.0	1.60943791243	0.0	0.0	0.0	0.0
0.0	0.0	0.0	0.0	1.60943791243	0.0	0.0	0.0	0.0
0.0	0.0	0.0	0.0	1.60943791243	0.0	0.0	0.0	0.0
0.0	0.0	1.60943791243	0.0	0.0	0.0	0.0	0.0	0.0
0.0	0.0	0.0	0.0	0.0	0.0	0.0	0.0	1.60943791243
0.0	0.0	0.0	0.0	0.0	0.0	0.0	0.0	1.60943791243
0.0	0.0	3.21887582487	0.0	0.0	0.0	0.0	0.0	0.0
0.0	0.0	3.21887582487	0.0	0.0	0.0	0.0	0.0	0.0
0.0	0.0	0.0	3.21887582487	0.0	0.0	0.0	0.0	0.0
0.0	0.0	0.0	0.0	0.0	1.20397280433	1.20397280433	0.0	0.0
0.0	0.0	0.0	1.60943791243	0.0	0.0	0.0	0.0	0.0
0.0	0.0	0.0	0.0	0.0	1.20397280433	1.20397280433	0.0	0.0
0.0	0.0	0.0	0.0	3.21887582487	0.0	0.0	0.0	0.0
1.60943791243	0.0	0.0	0.0	0.0	0.0	0.0	0.0	0.0
0.0	0.0	0.0	1.60943791243	0.0	0.0	0.0	0.0	0.0
0.0	0.0	0.0	1.60943791243	0.0	0.0	0.0	0.0	0.0
1.60943791243	0.0	0.0	0.0	0.0	0.0	0.0	0.0	0.0
0.0	0.0	0.0	0.0	3.21887582487	0.0	0.0	0.0	0.0
0.0	0.0	1.20397280433	0.0	0.0	0.0	1.20397280433	0.0	0.0
0.0	1.60943791243	0.0	0.0	0.0	0.0	0.0	0.0	0.0
0.0	0.0	0.0	2.40794560865	1.20397280433	0.0	0.0	0.0	0.0
0.0	0.0	0.0	0.916290731874	0.0	0.0	0.916290731874	0.0	0.916290731874
0.0	0.0	0.0	1.60943791243	0.0	0.0	0.0	0.0	0.0
0.0	0.0	0.0	0.0	1.60943791243	0.0	0.0	0.0	0.0
0.0	0.0	0.0	0.0	0.0	0.0	0.0	1.60943791243	0.0
0.0	0.0	0.0	0.0	1.60943791243	0.0	0.0	0.0	0.0
0.0	0.0	1.60943791243	0.0	0.0	0.0	0.0	0.0	0.0
0.0	0.0	0.0	0.0	0.0	0.0	0.0	1.60943791243	0.0
0.0	0.0	0.0	1.60943791243	0.0	0.0	0.0	0.0	0.0
0.0	0.0	0.0	0.0	0.0	1.20397280433	2.40794560865	0.0	0.0
0.0	0.0	0.0	0.0	0.0	0.0	0.0	0.0	1.60943791243
0.0	0.0	0.0	0.0	0.0	0.0	0.0	8.04718956217	0.0
0.0	0.0	1.20397280433	1.20397280433	0.0	0.0	0.0	0.0	0.0
0.0	0.0	0.0	0.0	0.0	0.0	0.0	1.60943791243	0.0
0.0	0.0	1.60943791243	0.0	0.0	0.0	0.0	0.0	0.0
0.0	1.60943791243	0.0	0.0	0.0	0.0	0.0	0.0	0.0
0.0	0.0	0.0	1.60943791243	0.0	0.0	0.0	0.0	0.0
0.0	0.0	0.0	0.0	0.0	0.0	0.0	1.60943791243	0.0
0.0	1.60943791243	0.0	0.0	0.0	0.0	0.0	0.0	0.0
0.0	0.0	3.21887582487	0.0	0.0	0.0	0.0	0.0	0.0
0.0	0.0	0.0	0.0	1.60943791243	0.0	0.0	0.0	0.0
0.0	0.0	0.0	0.0	0.0	0.0	0.0	6.43775164974	0.0
0.0	0.0	0.0	0.0	1.60943791243	0.0	0.0	0.0	0.0
0.0	0.0	0.0	0.0	1.60943791243	0.0	0.0	0.0	0.0
0.0	0.0	0.0	1.60943791243	0.0	0.0	0.0	0.0	0.0
0.0	0.0	0.0	0.0	1.60943791243	0.0	0.0	0.0	0.0
0.0	1.60943791243	0.0	0.0	0.0	0.0	0.0	0.0	0.0
0.0	1.60943791243	0.0	0.0	0.0	0.0	0.0	0.0	0.0
0.0	0.0	0.0	0.0	1.60943791243	0.0	0.0	0.0	0.0
0.0	0.0	0.0	0.0	1.60943791243	0.0	0.0	0.0	0.0
0.0	0.0	0.0	0.0	0.0	0.0	0.0	1.60943791243	0.0
0.0	0.0	0.0	1.60943791243	0.0	0.0	0.0	0.0	0.0
0.0	0.0	0.0	0.0	0.0	1.60943791243	0.0	0.0	0.0
0.0	0.0	0.0	1.60943791243	0.0	0.0	0.0	0.0	0.0
0.0	0.0	0.0	0.0	1.60943791243	0.0	0.0	0.0	0.0
0.0	0.0	0.0	1.60943791243	0.0	0.0	0.0	0.0	0.0
0.0	0.0	0.0	0.0	1.60943791243	0.0	0.0	0.0	0.0
0.0	0.0	1.60943791243	0.0	0.0	0.0	0.0	0.0	0.0
0.0	1.20397280433	0.0	0.0	1.20397280433	0.0	0.0	0.0	0.0
0.0	0.0	1.60943791243	0.0	0.0	0.0	0.0	0.0	0.0
0.0	1.60943791243	0.0	0.0	0.0	0.0	0.0	0.0	0.0
0.0	0.0	0.0	0.0	0.0	0.0	1.60943791243	0.0	0.0
0.0	0.0	0.0	0.0	1.60943791243	0.0	0.0	0.0	0.0
0.0	0.0	0.0	0.0	1.60943791243	0.0	0.0	0.0	0.0
0.0	0.0	0.0	0.0	1.60943791243	0.0	0.0	0.0	0.0
0.0	0.0	0.0	0.0	1.60943791243	0.0	0.0	0.0	0.0
0.0	0.0	0.0	0.0	0.0	1.60943791243	0.0	0.0	0.0
1.60943791243	0.0	0.0	0.0	0.0	0.0	0.0	0.0	0.0
0.0	0.0	0.0	0.0	1.60943791243	0.0	0.0	0.0	0.0
1.5324768713	1.02165124753	0.0	0.0	0.0	0.510825623766	0.510825623766	0.0	0.510825623766
0.0	0.0	0.0	1.60943791243	0.0	0.0	0.0	0.0	0.0
1.20397280433	0.0	0.0	0.0	0.0	0.0	1.20397280433	0.0	0.0
0.0	0.0	0.0	0.0	0.0	1.60943791243	0.0	0.0	0.0
0.0	0.0	0.0	1.60943791243	0.0	0.0	0.0	0.0	0.0
0.0	1.60943791243	0.0	0.0	0.0	0.0	0.0	0.0	0.0
0.0	0.0	0.0	0.0	0.0	0.0	0.0	3.21887582487	0.0
0.0	0.0	0.0	1.60943791243	0.0	0.0	0.0	0.0	0.0
0.0	0.0	0.0	0.0	0.0	0.0	0.0	4.8283137373	0.0
1.60943791243	0.0	0.0	0.0	0.0	0.0	0.0	0.0	0.0
0.0	0.0	0.0	0.0	0.0	1.60943791243	0.0	0.0	0.0
0.0	0.0	0.916290731874	0.0	0.0	0.916290731874	0.916290731874	0.0	0.0
0.0	0.0	0.0	0.0	0.0	0.0	0.0	1.60943791243	0.0
0.0	0.0	0.0	0.0	0.0	0.0	0.0	1.60943791243	0.0
0.0	0.0	0.0	0.0	0.0	1.60943791243	0.0	0.0	0.0
0.0	0.0	0.0	0.0	0.0	1.60943791243	0.0	0.0	0.0
0.0	3.21887582487	0.0	0.0	0.0	0.0	0.0	0.0	0.0
0.0	1.60943791243	0.0	0.0	0.0	0.0	0.0	0.0	0.0
0.0	0.0	0.0	0.0	0.0	0.0	0.0	0.0	1.60943791243
0.0	0.0	0.0	0.0	0.0	0.0	0.0	1.60943791243	0.0
0.0	0.0	0.0	0.0	1.60943791243	0.0	0.0	0.0	0.0
0.0	0.0	0.0	0.0	1.60943791243	0.0	0.0	0.0	0.0
1.60943791243	0.0	0.0	0.0	0.0	0.0	0.0	0.0	0.0
0.0	0.0	0.0	0.0	0.0	1.60943791243	0.0	0.0	0.0
0.0	0.0	1.20397280433	0.0	0.0	0.0	0.0	1.20397280433	0.0
0.0	0.0	0.0	0.0	0.0	0.0	0.0	1.60943791243	0.0
0.0	0.0	1.60943791243	0.0	0.0	0.0	0.0	0.0	0.0
0.0	0.0	1.60943791243	0.0	0.0	0.0	0.0	0.0	0.0
0.0	0.0	1.20397280433	0.0	1.20397280433	0.0	0.0	0.0	0.0
0.0	0.0	0.0	1.60943791243	0.0	0.0	0.0	0.0	0.0
0.0	0.0	0.0	1.60943791243	0.0	0.0	0.0	0.0	0.0
0.0	0.0	0.0	1.60943791243	0.0	0.0	0.0	0.0	0.0
1.83258146375	0.0	0.0	0.0	0.0	0.0	0.916290731874	0.0	0.916290731874
0.0	0.0	1.60943791243	0.0	0.0	0.0	0.0	0.0	0.0
0.0	0.0	1.60943791243	0.0	0.0	0.0	0.0	0.0	0.0
0.0	0.0	0.0	0.0	0.0	0.0	0.0	1.60943791243	0.0
0.0	1.60943791243	0.0	0.0	0.0	0.0	0.0	0.0	0.0
1.20397280433	0.0	0.0	0.0	1.20397280433	0.0	0.0	0.0	0.0
0.0	0.0	0.0	0.0	1.60943791243	0.0	0.0	0.0	0.0
0.0	1.20397280433	0.0	1.20397280433	0.0	0.0	0.0	0.0	0.0
0.0	0.0	0.0	0.0	0.0	0.0	0.0	0.0	1.60943791243
0.0	0.0	1.60943791243	0.0	0.0	0.0	0.0	0.0	0.0
0.0	0.0	0.0	0.0	1.60943791243	0.0	0.0	0.0	0.0
0.446287102628	0.223143551314	0.223143551314	1.11571775657	0.0	0.446287102628	0.223143551314	0.0	0.223143551314
0.0	0.0	0.0	1.60943791243	0.0	0.0	0.0	0.0	0.0
0.0	0.0	0.0	0.0	1.60943791243	0.0	0.0	0.0	0.0
0.916290731874	0.0	1.83258146375	1.83258146375	0.0	0.0	0.0	0.0	0.0
0.0	0.0	1.20397280433	0.0	0.0	1.20397280433	0.0	0.0	0.0
0.0	0.0	0.0	0.0	0.0	0.0	1.20397280433	1.20397280433	0.0
0.0	1.60943791243	0.0	0.0	0.0	0.0	0.0	0.0	0.0
0.0	1.60943791243	0.0	0.0	0.0	0.0	0.0	0.0	0.0
0.0	0.0	0.0	0.0	0.0	0.0	0.0	1.60943791243	0.0
0.0	0.0	0.0	0.0	1.60943791243	0.0	0.0	0.0	0.0
0.0	0.0	0.0	0.0	0.0	0.0	0.0	0.0	1.60943791243
0.0	0.0	0.0	0.0	0.0	0.0	0.0	1.60943791243	0.0
0.356674943939	0.356674943939	0.0	0.356674943939	0.0	0.356674943939	0.356674943939	0.0	0.356674943939
6.43775164974	0.0	0.0	0.0	0.0	0.0	0.0	0.0	0.0
0.0	0.0	3.21887582487	0.0	0.0	0.0	0.0	0.0	0.0
1.60943791243	0.0	0.0	0.0	0.0	0.0	0.0	0.0	0.0
0.0	0.0	0.0	0.0	0.0	0.0	0.0	0.0	1.60943791243
0.0	0.0	0.0	1.60943791243	0.0	0.0	0.0	0.0	0.0
0.0	0.0	0.0	0.0	0.0	0.0	0.0	1.60943791243	0.0
0.0	0.0	0.0	0.0	0.0	0.0	0.0	0.0	1.60943791243
0.0	0.0	0.0	1.60943791243	0.0	0.0	0.0	0.0	0.0
0.0	3.21887582487	0.0	0.0	0.0	0.0	0.0	0.0	0.0
0.0	0.0	0.0	1.60943791243	0.0	0.0	0.0	0.0	0.0
0.0	0.0	0.0	0.0	0.0	0.0	0.0	0.0	3.21887582487
0.0	0.0	1.20397280433	0.0	0.0	1.20397280433	0.0	0.0	0.0
0.0	0.0	0.0	0.0	1.60943791243	0.0	0.0	0.0	0.0
0.0	0.0	0.0	0.0	0.0	1.60943791243	0.0	0.0	0.0
0.0	0.0	0.0	0.0	0.0	0.0	0.0	3.21887582487	0.0
0.0	0.0	0.0	0.0	0.0	0.0	0.0	1.60943791243	0.0
0.0	0.0	0.0	1.60943791243	0.0	0.0	0.0	0.0	0.0
0.0	0.0	1.60943791243	0.0	0.0	0.0	0.0	0.0	0.0
0.0	1.60943791243	0.0	0.0	0.0	0.0	0.0	0.0	0.0
0.0	0.0	0.0	1.20397280433	0.0	0.0	0.0	0.0	1.20397280433
0.0	0.0	0.0	0.0	1.60943791243	0.0	0.0	0.0	0.0
0.0	0.0	0.0	0.0	1.60943791243	0.0	0.0	0.0	0.0
1.60943791243	0.0	0.0	0.0	0.0	0.0	0.0	0.0	0.0
0.0	0.0	0.0	1.60943791243	0.0	0.0	0.0	0.0	0.0
0.0	0.0	0.0	0.0	1.20397280433	0.0	1.20397280433	0.0	0.0
0.0	0.0	0.0	0.0	8.04718956217	0.0	0.0	0.0	0.0
0.0	0.0	4.58145365937	0.916290731874	0.0	0.0	0.916290731874	0.0	0.0
0.0	0.0	0.0	0.0	0.0	0.0	0.0	0.0	1.60943791243
0.0	0.0	0.0	0.0	0.0	0.0	1.60943791243	0.0	0.0
0.0	0.0	0.0	1.60943791243	0.0	0.0	0.0	0.0	0.0
0.0	0.0	0.0	1.60943791243	0.0	0.0	0.0	0.0	0.0
0.0	0.0	0.0	0.0	0.0	1.60943791243	0.0	0.0	0.0
0.0	0.0	0.0	0.0	0.0	0.0	0.0	1.60943791243	0.0
0.0	0.0	0.0	0.0	0.0	1.60943791243	0.0	0.0	0.0
0.0	0.0	0.0	0.0	1.60943791243	0.0	0.0	0.0	0.0
0.0	0.0	3.21887582487	0.0	0.0	0.0	0.0	0.0	0.0
1.20397280433	1.20397280433	0.0	0.0	0.0	0.0	0.0	0.0	0.0
0.0	0.0	0.0	1.60943791243	0.0	0.0	0.0	0.0	0.0
0.0	0.510825623766	0.510825623766	1.02165124753	0.0	0.510825623766	1.02165124753	0.0	0.0
0.0	0.0	1.60943791243	0.0	0.0	0.0	0.0	0.0	0.0
0.0	0.0	1.20397280433	1.20397280433	0.0	0.0	0.0	0.0	0.0
0.0	1.60943791243	0.0	0.0	0.0	0.0	0.0	0.0	0.0
0.0	0.0	0.0	0.0	0.0	0.0	0.0	1.60943791243	0.0
0.0	0.0	0.0	0.0	6.43775164974	0.0	0.0	0.0	0.0
0.0	0.0	0.0	1.60943791243	0.0	0.0	0.0	0.0	0.0
0.0	0.0	0.0	0.0	0.0	0.0	0.0	1.60943791243	0.0
1.60943791243	0.0	0.0	0.0	0.0	0.0	0.0	0.0	0.0
0.0	0.0	0.0	0.0	3.21887582487	0.0	0.0	0.0	0.0
0.0	0.0	0.0	0.0	0.0	0.0	0.0	1.60943791243	0.0
0.0	0.0	0.0	0.0	1.60943791243	0.0	0.0	0.0	0.0
0.0	0.0	0.0	0.0	0.0	0.0	0.0	1.60943791243	0.0
1.60943791243	0.0	0.0	0.0	0.0	0.0	0.0	0.0	0.0
0.0	0.0	0.0	0.0	0.0	0.0	0.0	1.60943791243	0.0
0.0	0.0	0.0	0.0	0.0	0.0	0.0	1.60943791243	0.0
0.0	0.0	0.0	0.0	4.8283137373	0.0	0.0	0.0	0.0
0.0	0.0	1.60943791243	0.0	0.0	0.0	0.0	0.0	0.0
0.0	0.0	0.0	0.0	1.60943791243	0.0	0.0	0.0	0.0
0.0	0.0	0.0	1.60943791243	0.0	0.0	0.0	0.0	0.0
0.0	0.0	0.0	0.0	0.0	0.0	0.0	1.60943791243	0.0
0.0	0.0	0.0	1.60943791243	0.0	0.0	0.0	0.0	0.0
