0.0	2.01490302054	0.0	0.0	0.0	0.0	0.0	0.0	0.0	0.0	0.0	0.0	0.0	0.0
0.0	0.0	0.0	0.0	1.32175583998	1.32175583998	0.0	0.0	2.64351167996	0.0	0.0	0.0	0.0	0.0
0.0	0.0	0.0	1.32175583998	0.0	0.0	1.32175583998	0.0	0.0	0.0	1.32175583998	0.0	0.0	0.0
0.0	0.0	1.60943791243	0.0	0.0	0.0	0.0	0.0	0.0	1.60943791243	0.0	0.0	0.0	0.0
0.0	0.0	0.0	0.0	0.0	0.0	0.0	0.0	0.0	0.0	0.0	0.0	0.0	2.01490302054
0.0	2.01490302054	0.0	0.0	0.0	0.0	0.0	0.0	0.0	0.0	0.0	0.0	0.0	0.0
0.0	0.0	0.0	0.0	0.0	0.0	0.0	0.0	0.0	0.0	0.0	2.64351167996	2.64351167996	3.96526751995
0.0	2.01490302054	0.0	0.0	0.0	0.0	0.0	0.0	0.0	0.0	0.0	0.0	0.0	0.0
0.0	0.0	4.02980604108	0.0	0.0	0.0	0.0	0.0	0.0	0.0	0.0	0.0	0.0	0.0
1.60943791243	0.0	0.0	0.0	0.0	0.0	0.0	0.0	0.0	0.0	0.0	0.0	0.0	6.43775164974
0.0	0.0	0.0	0.0	0.0	0.0	0.0	0.0	0.0	0.0	0.0	0.0	0.0	2.01490302054
0.0	0.0	0.0	0.0	0.0	0.0	0.0	0.0	0.0	2.01490302054	0.0	0.0	0.0	0.0
0.0	2.01490302054	0.0	0.0	0.0	0.0	0.0	0.0	0.0	0.0	0.0	0.0	0.0	0.0
0.0	0.0	2.01490302054	0.0	0.0	0.0	0.0	0.0	0.0	0.0	0.0	0.0	0.0	0.0
0.0	0.0	2.01490302054	0.0	0.0	0.0	0.0	0.0	0.0	0.0	0.0	0.0	0.0	0.0
0.0	0.0	0.0	0.0	0.0	0.0	0.0	0.0	0.0	0.0	0.0	0.0	0.0	2.01490302054
1.83258146375	0.916290731874	2.74887219562	0.0	0.0	0.0	0.0	0.0	0.916290731874	0.916290731874	0.0	0.0	0.0	0.0
0.0	0.0	0.0	1.60943791243	0.0	0.0	1.60943791243	0.0	0.0	0.0	0.0	0.0	0.0	0.0
0.0	0.0	0.0	0.0	0.0	0.0	0.0	0.0	0.0	2.01490302054	0.0	0.0	0.0	0.0
0.0	0.0	0.0	0.0	0.0	2.01490302054	0.0	0.0	0.0	0.0	0.0	0.0	0.0	0.0
0.0	0.0	0.0	0.0	2.01490302054	0.0	0.0	0.0	0.0	0.0	0.0	0.0	0.0	0.0
0.0	0.0	0.0	0.0	0.0	0.0	0.0	0.0	0.0	0.0	0.0	0.0	0.0	2.01490302054
0.0	0.0	0.0	0.0	2.01490302054	0.0	0.0	0.0	0.0	0.0	0.0	0.0	0.0	0.0
0.0	0.0	0.0	0.0	0.0	0.0	0.0	0.0	0.0	0.0	4.02980604108	0.0	0.0	0.0
0.0	0.0	0.0	0.0	0.0	0.0	0.0	0.0	0.0	0.0	0.0	2.01490302054	0.0	0.0
0.0	0.0	0.0	1.60943791243	0.0	0.0	1.60943791243	0.0	0.0	0.0	0.0	0.0	0.0	0.0
0.0	0.0	0.0	0.0	0.0	0.0	0.0	0.0	0.0	13.2175583998	0.0	1.32175583998	2.64351167996	0.0
0.0	0.0	0.0	0.0	0.0	2.01490302054	0.0	0.0	0.0	0.0	0.0	0.0	0.0	0.0
0.0	0.0	0.0	0.0	0.0	0.0	0.0	0.0	2.01490302054	0.0	0.0	0.0	0.0	0.0
0.0	0.0	0.0	0.0	2.01490302054	0.0	0.0	0.0	0.0	0.0	0.0	0.0	0.0	0.0
0.0	0.0	0.0	0.0	0.0	0.0	0.0	0.0	0.0	24.1788362465	0.0	0.0	0.0	0.0
0.0	4.02980604108	0.0	0.0	0.0	0.0	0.0	0.0	0.0	0.0	0.0	0.0	0.0	0.0
0.0	2.01490302054	0.0	0.0	0.0	0.0	0.0	0.0	0.0	0.0	0.0	0.0	0.0	0.0
0.0	0.0	0.0	0.0	0.0	0.0	0.0	0.0	0.0	6.04470906163	0.0	0.0	0.0	0.0
0.0	0.0	0.0	0.0	0.0	0.0	0.0	0.0	0.0	0.0	0.0	2.01490302054	0.0	0.0
0.0	0.0	0.0	0.0	0.0	0.0	0.0	0.0	0.0	0.0	0.0	0.0	0.0	2.01490302054
0.0	0.0	0.0	0.0	0.0	1.32175583998	0.0	3.96526751995	0.0	3.96526751995	0.0	0.0	0.0	0.0
0.0	0.0	0.0	0.0	0.0	0.0	0.0	0.0	6.04470906163	0.0	0.0	0.0	0.0	0.0
0.0	0.0	0.0	0.0	0.0	0.0	0.0	0.0	0.0	0.0	2.01490302054	0.0	0.0	0.0
0.0	0.0	0.0	0.0	0.0	0.0	0.0	2.01490302054	0.0	0.0	0.0	0.0	0.0	0.0
0.0	0.0	0.0	0.0	0.0	0.0	0.0	0.0	0.0	2.01490302054	0.0	0.0	0.0	0.0
0.0	0.0	0.0	0.0	0.0	0.0	0.0	0.0	0.0	0.0	0.0	0.0	2.01490302054	0.0
0.0	0.0	1.52428010409	0.762140052047	1.52428010409	1.52428010409	0.762140052047	0.0	0.0	3.81070026023	0.0	0.0	0.0	0.0
0.0	0.0	0.0	0.0	0.0	0.0	0.0	0.0	0.0	0.0	0.0	0.0	0.0	2.01490302054
0.0	1.60943791243	0.0	0.0	0.0	0.0	0.0	0.0	0.0	0.0	0.0	0.0	0.0	14.4849412119
0.0	0.0	0.0	0.0	0.0	0.0	0.0	0.0	0.0	0.0	0.0	2.01490302054	0.0	0.0
0.0	2.01490302054	0.0	0.0	0.0	0.0	0.0	0.0	0.0	0.0	0.0	0.0	0.0	0.0
0.0	0.0	0.0	0.0	0.0	1.32175583998	0.0	1.32175583998	1.32175583998	0.0	0.0	0.0	0.0	0.0
0.0	0.0	0.0	1.60943791243	0.0	0.0	1.60943791243	0.0	0.0	0.0	0.0	0.0	0.0	0.0
0.0	0.0	0.0	3.21887582487	0.0	0.0	3.21887582487	0.0	0.0	0.0	0.0	0.0	0.0	0.0
0.0	1.32175583998	0.0	0.0	2.64351167996	1.32175583998	0.0	0.0	0.0	0.0	0.0	0.0	0.0	0.0
0.0	0.0	0.0	0.0	0.0	0.0	0.0	0.0	0.0	2.01490302054	0.0	0.0	0.0	0.0
0.628608659422	0.0	0.0	0.628608659422	0.0	0.0	0.628608659422	0.0	0.628608659422	0.628608659422	0.628608659422	0.0	0.628608659422	0.0
0.0	0.0	0.0	0.0	0.0	0.0	0.0	0.0	2.01490302054	0.0	0.0	0.0	0.0	0.0
0.0	1.60943791243	0.0	0.0	0.0	0.0	0.0	0.0	0.0	0.0	3.21887582487	0.0	0.0	0.0
0.0	0.0	2.01490302054	0.0	0.0	0.0	0.0	0.0	0.0	0.0	0.0	0.0	0.0	0.0
0.0	0.0	0.0	0.0	0.0	0.0	0.0	0.0	0.0	0.0	0.0	0.0	0.0	2.01490302054
0.0	0.0	0.0	0.0	0.0	0.0	0.0	0.0	0.0	0.0	0.0	0.0	0.0	2.01490302054
0.0	0.0	2.01490302054	0.0	0.0	0.0	0.0	0.0	0.0	0.0	0.0	0.0	0.0	0.0
0.0	1.32175583998	0.0	0.0	0.0	0.0	0.0	0.0	0.0	0.0	0.0	2.64351167996	1.32175583998	0.0
0.0	0.0	1.32175583998	1.32175583998	0.0	0.0	1.32175583998	0.0	0.0	0.0	0.0	0.0	0.0	0.0
0.0	0.0	0.0	0.0	0.0	0.0	0.0	0.0	0.0	4.02980604108	0.0	0.0	0.0	0.0
0.0	0.0	0.0	0.0	0.0	0.0	0.0	0.0	0.0	0.0	0.0	0.0	2.01490302054	0.0
0.0	0.0	0.0	0.0	0.0	0.0	0.0	0.0	0.0	0.0	0.0	0.0	0.0	2.01490302054
0.0	1.60943791243	0.0	0.0	0.0	0.0	0.0	0.0	0.0	1.60943791243	0.0	0.0	0.0	0.0
0.0	0.0	0.0	0.0	0.0	0.0	0.0	0.0	0.0	0.0	2.01490302054	0.0	0.0	0.0
2.01490302054	0.0	0.0	0.0	0.0	0.0	0.0	0.0	0.0	0.0	0.0	0.0	0.0	0.0
0.0	0.0	0.0	0.0	0.0	0.0	0.0	1.32175583998	0.0	3.96526751995	0.0	0.0	0.0	1.32175583998
0.0	0.0	1.60943791243	0.0	0.0	0.0	0.0	0.0	1.60943791243	0.0	0.0	0.0	0.0	0.0
0.0	2.01490302054	0.0	0.0	0.0	0.0	0.0	0.0	0.0	0.0	0.0	0.0	0.0	0.0
0.0	0.0	0.0	0.0	0.0	0.0	0.0	0.0	2.01490302054	0.0	0.0	0.0	0.0	0.0
2.01490302054	0.0	0.0	0.0	0.0	0.0	0.0	0.0	0.0	0.0	0.0	0.0	0.0	0.0
0.0	0.0	0.0	0.0	2.01490302054	0.0	0.0	0.0	0.0	0.0	0.0	0.0	0.0	0.0
2.19722457734	1.09861228867	0.0	0.0	0.0	0.0	0.0	0.0	0.0	1.09861228867	0.0	0.0	0.0	3.295836866
0.0	0.0	0.0	1.60943791243	0.0	0.0	1.60943791243	0.0	0.0	0.0	0.0	0.0	0.0	0.0
0.0	0.0	0.0	0.0	0.0	2.01490302054	0.0	0.0	0.0	0.0	0.0	0.0	0.0	0.0
0.0	0.0	0.0	0.0	0.0	0.0	0.0	0.0	0.0	0.0	0.0	2.01490302054	0.0	0.0
0.0	2.01490302054	0.0	0.0	0.0	0.0	0.0	0.0	0.0	0.0	0.0	0.0	0.0	0.0
0.0	0.0	0.0	0.0	0.0	0.0	0.0	2.01490302054	0.0	0.0	0.0	0.0	0.0	0.0
0.0	0.0	0.0	0.0	2.01490302054	0.0	0.0	0.0	0.0	0.0	0.0	0.0	0.0	0.0
0.0	0.0	0.0	0.0	0.0	0.0	0.0	1.60943791243	0.0	1.60943791243	0.0	0.0	0.0	0.0
0.0	0.0	0.0	1.60943791243	0.0	0.0	1.60943791243	0.0	0.0	0.0	0.0	0.0	0.0	0.0
0.0	0.0	0.0	0.0	0.0	0.0	0.0	0.0	0.0	0.0	0.0	0.0	2.01490302054	0.0
1.09861228867	1.09861228867	1.09861228867	0.0	0.0	0.0	0.0	0.0	0.0	3.295836866	0.0	0.0	0.0	0.0
0.0	0.0	0.0	0.0	0.0	2.01490302054	0.0	0.0	0.0	0.0	0.0	0.0	0.0	0.0
0.0	0.0	0.0	0.0	0.0	0.0	0.0	2.01490302054	0.0	0.0	0.0	0.0	0.0	0.0
0.0	0.0	0.0	0.0	1.60943791243	0.0	0.0	0.0	1.60943791243	0.0	0.0	0.0	0.0	0.0
0.0	0.0	0.0	0.0	0.0	0.0	0.0	0.0	1.32175583998	0.0	1.32175583998	0.0	1.32175583998	0.0
0.0	0.0	0.0	0.0	0.0	0.0	0.0	0.0	0.0	2.01490302054	0.0	0.0	0.0	0.0
0.0	0.0	0.0	0.0	0.0	0.0	0.0	0.0	0.0	2.01490302054	0.0	0.0	0.0	0.0
0.0	0.0	0.0	0.0	0.0	0.0	0.0	0.0	0.0	0.0	0.0	4.02980604108	0.0	0.0
0.0	0.0	0.0	1.60943791243	0.0	0.0	1.60943791243	0.0	0.0	0.0	0.0	0.0	0.0	0.0
2.01490302054	0.0	0.0	0.0	0.0	0.0	0.0	0.0	0.0	0.0	0.0	0.0	0.0	0.0
0.0	2.01490302054	0.0	0.0	0.0	0.0	0.0	0.0	0.0	0.0	0.0	0.0	0.0	0.0
0.0	0.0	0.0	0.0	0.0	0.0	0.0	0.0	0.0	0.0	0.0	0.0	2.01490302054	0.0
0.0	0.0	0.0	0.0	0.0	0.0	0.0	0.0	0.0	2.01490302054	0.0	0.0	0.0	0.0
0.0	0.0	0.0	0.0	0.0	0.0	0.0	0.0	0.0	2.01490302054	0.0	0.0	0.0	0.0
0.0	0.0	0.0	0.0	0.0	2.01490302054	0.0	0.0	0.0	0.0	0.0	0.0	0.0	0.0
0.0	0.0	0.0	3.96526751995	1.32175583998	0.0	3.96526751995	0.0	0.0	0.0	0.0	0.0	0.0	0.0
2.01490302054	0.0	0.0	0.0	0.0	0.0	0.0	0.0	0.0	0.0	0.0	0.0	0.0	0.0
0.0	0.0	0.0	0.0	0.0	2.01490302054	0.0	0.0	0.0	0.0	0.0	0.0	0.0	0.0
0.0	0.0	0.0	0.0	0.0	0.0	0.0	0.0	0.0	0.0	2.01490302054	0.0	0.0	0.0
0.0	0.0	0.0	1.60943791243	0.0	0.0	1.60943791243	0.0	0.0	0.0	0.0	0.0	0.0	0.0
0.0	0.0	0.762140052047	0.0	0.762140052047	1.52428010409	0.0	1.52428010409	0.762140052047	2.28642015614	0.0	0.0	0.0	0.0
0.0	0.0	0.0	0.0	0.0	0.0	0.0	0.0	0.0	0.0	0.0	0.0	0.0	2.01490302054
0.0	0.0	0.0	0.0	0.0	0.0	0.0	0.0	0.0	0.0	2.01490302054	0.0	0.0	0.0
0.0	0.0	0.0	0.0	0.0	0.0	0.0	0.0	0.0	2.01490302054	0.0	0.0	0.0	0.0
0.0	0.0	0.0	0.0	2.01490302054	0.0	0.0	0.0	0.0	0.0	0.0	0.0	0.0	0.0
0.0	2.01490302054	0.0	0.0	0.0	0.0	0.0	0.0	0.0	0.0	0.0	0.0	0.0	0.0
0.0	0.0	0.0	0.0	0.0	0.0	0.0	0.0	0.0	3.21887582487	0.0	1.60943791243	0.0	0.0
0.0	0.0	0.0	0.0	0.0	0.0	0.0	1.60943791243	0.0	1.60943791243	0.0	0.0	0.0	0.0
0.0	0.0	0.0	0.0	0.0	0.0	0.0	0.0	0.0	0.0	0.0	0.0	2.01490302054	0.0
0.0	0.0	0.0	0.0	0.0	0.0	0.0	0.0	0.0	0.0	2.01490302054	0.0	0.0	0.0
0.0	0.0	0.0	0.0	0.0	0.0	0.0	0.0	0.0	2.01490302054	0.0	0.0	0.0	0.0
2.01490302054	0.0	0.0	0.0	0.0	0.0	0.0	0.0	0.0	0.0	0.0	0.0	0.0	0.0
0.0	0.0	0.0	0.0	0.0	2.01490302054	0.0	0.0	0.0	0.0	0.0	0.0	0.0	0.0
0.0	0.0	0.0	0.0	0.0	0.0	0.0	0.0	0.0	0.0	0.0	1.60943791243	0.0	1.60943791243
0.0	0.0	0.0	0.0	0.0	0.0	0.0	0.0	0.0	0.0	2.01490302054	0.0	0.0	0.0
0.0	0.0	0.0	0.0	0.0	0.0	0.0	0.0	0.0	0.0	0.0	0.0	0.0	2.01490302054
0.0	0.0	0.0	2.19722457734	1.09861228867	0.0	2.19722457734	0.0	0.0	1.09861228867	0.0	0.0	0.0	0.0
0.0	0.0	0.0	0.0	0.0	0.0	0.0	0.0	0.0	2.01490302054	0.0	0.0	0.0	0.0
2.01490302054	0.0	0.0	0.0	0.0	0.0	0.0	0.0	0.0	0.0	0.0	0.0	0.0	0.0
0.0	0.0	0.0	0.0	0.0	0.0	0.0	0.0	2.01490302054	0.0	0.0	0.0	0.0	0.0
0.0	0.0	0.0	0.0	1.32175583998	1.32175583998	0.0	0.0	0.0	1.32175583998	0.0	0.0	0.0	0.0
0.0	0.0	0.0	0.0	0.0	0.0	0.0	0.0	0.0	0.0	0.0	0.0	0.0	2.01490302054
0.0	0.0	0.0	1.60943791243	0.0	0.0	1.60943791243	0.0	0.0	0.0	0.0	0.0	0.0	0.0
0.0	0.0	0.0	0.0	0.0	0.0	0.0	0.0	0.0	0.0	0.0	1.60943791243	3.21887582487	0.0
0.0	0.0	0.0	0.0	0.0	0.0	0.0	0.0	0.0	0.0	0.0	2.01490302054	0.0	0.0
0.0	0.0	0.0	0.0	0.0	0.0	0.0	0.0	0.0	2.01490302054	0.0	0.0	0.0	0.0
0.0	0.0	0.0	0.0	0.0	0.0	0.0	0.0	0.0	0.0	0.0	4.02980604108	0.0	0.0
0.0	0.0	0.0	0.0	0.0	2.19722457734	0.0	0.0	0.0	2.19722457734	1.09861228867	0.0	0.0	3.295836866
0.0	0.0	0.0	0.0	0.0	0.0	0.0	0.0	0.0	2.01490302054	0.0	0.0	0.0	0.0
0.0	0.0	0.0	0.0	0.0	0.0	0.0	0.0	0.0	0.0	4.02980604108	0.0	0.0	0.0
0.0	0.0	0.0	0.0	0.0	0.0	0.0	0.0	0.0	0.0	2.01490302054	0.0	0.0	0.0
0.0	0.0	0.0	0.0	4.8283137373	11.266065387	0.0	0.0	0.0	0.0	0.0	0.0	0.0	0.0
0.0	0.0	0.0	0.0	0.0	0.0	0.0	0.0	0.0	0.0	0.0	0.0	2.01490302054	0.0
0.0	0.0	0.0	0.0	2.01490302054	0.0	0.0	0.0	0.0	0.0	0.0	0.0	0.0	0.0
0.0	0.0	0.0	0.0	0.0	0.0	0.0	0.0	2.01490302054	0.0	0.0	0.0	0.0	0.0
1.32175583998	0.0	0.0	0.0	0.0	1.32175583998	0.0	0.0	2.64351167996	0.0	0.0	0.0	0.0	0.0
2.01490302054	0.0	0.0	0.0	0.0	0.0	0.0	0.0	0.0	0.0	0.0	0.0	0.0	0.0
0.0	0.0	0.0	0.0	0.0	0.0	0.0	0.0	0.0	0.0	0.0	2.01490302054	0.0	0.0
0.0	0.0	0.0	1.60943791243	0.0	0.0	1.60943791243	0.0	0.0	0.0	0.0	0.0	0.0	0.0
0.0	0.0	0.0	0.0	0.0	0.0	0.0	0.0	0.0	2.01490302054	0.0	0.0	0.0	0.0
0.0	0.0	0.0	0.0	1.60943791243	1.60943791243	0.0	0.0	0.0	0.0	0.0	0.0	0.0	0.0
0.0	0.0	0.0	0.0	0.0	0.0	0.0	0.0	0.0	0.0	0.0	0.0	0.0	2.01490302054
0.0	0.0	0.0	0.0	0.0	2.01490302054	0.0	0.0	0.0	0.0	0.0	0.0	0.0	0.0
0.0	0.0	0.0	0.0	0.0	0.0	0.0	0.0	0.0	0.0	1.60943791243	0.0	1.60943791243	0.0
0.0	0.0	0.0	0.0	0.0	0.0	0.0	0.0	0.0	0.0	0.0	0.0	4.02980604108	0.0
0.0	0.0	0.0	0.0	0.0	2.01490302054	0.0	0.0	0.0	0.0	0.0	0.0	0.0	0.0
2.01490302054	0.0	0.0	0.0	0.0	0.0	0.0	0.0	0.0	0.0	0.0	0.0	0.0	0.0
0.0	0.0	0.0	0.0	0.0	1.60943791243	0.0	0.0	0.0	0.0	0.0	0.0	0.0	1.60943791243
0.0	0.0	1.60943791243	0.0	0.0	0.0	0.0	0.0	1.60943791243	0.0	0.0	0.0	0.0	0.0
2.01490302054	0.0	0.0	0.0	0.0	0.0	0.0	0.0	0.0	0.0	0.0	0.0	0.0	0.0
0.0	0.0	0.0	0.0	0.0	0.0	0.0	0.0	0.0	0.0	0.0	2.01490302054	0.0	0.0
0.0	2.01490302054	0.0	0.0	0.0	0.0	0.0	0.0	0.0	0.0	0.0	0.0	0.0	0.0
0.0	0.0	0.0	1.09861228867	0.0	0.0	1.09861228867	0.0	1.09861228867	0.0	0.0	0.0	0.0	1.09861228867
0.0	0.0	0.0	0.0	0.0	0.0	0.0	0.0	0.0	18.1341271849	0.0	0.0	0.0	0.0
0.0	0.0	0.0	0.0	0.0	0.0	0.0	0.0	0.0	0.0	0.0	4.8283137373	3.21887582487	0.0
0.0	0.143100843641	0.0	0.143100843641	0.143100843641	0.286201687281	0.143100843641	0.429302530922	0.143100843641	0.572403374563	0.143100843641	0.143100843641	0.143100843641	0.143100843641
0.0	1.09861228867	0.0	0.0	0.0	1.09861228867	0.0	1.09861228867	0.0	0.0	0.0	0.0	0.0	1.09861228867
0.0	0.0	0.0	1.60943791243	0.0	0.0	1.60943791243	0.0	0.0	0.0	0.0	0.0	0.0	0.0
0.0	0.0	0.0	0.0	0.0	0.0	0.0	1.60943791243	1.60943791243	0.0	0.0	0.0	0.0	0.0
0.0	0.0	0.0	0.0	0.0	0.0	0.0	0.0	0.0	0.0	0.0	0.0	0.0	4.02980604108
0.0	0.0	0.0	0.0	0.0	0.0	0.0	0.0	0.0	4.02980604108	0.0	0.0	0.0	0.0
0.0	0.0	1.60943791243	0.0	1.60943791243	0.0	0.0	0.0	0.0	0.0	0.0	0.0	0.0	0.0
0.0	0.0	0.0	0.0	0.0	0.0	0.0	0.0	2.01490302054	0.0	0.0	0.0	0.0	0.0
2.01490302054	0.0	0.0	0.0	0.0	0.0	0.0	0.0	0.0	0.0	0.0	0.0	0.0	0.0
0.0	0.0	0.0	0.0	0.0	0.0	0.0	0.0	0.0	0.0	2.01490302054	0.0	0.0	0.0
0.0	0.0	2.01490302054	0.0	0.0	0.0	0.0	0.0	0.0	0.0	0.0	0.0	0.0	0.0
0.0	0.0	0.0	1.60943791243	0.0	0.0	1.60943791243	0.0	0.0	0.0	0.0	0.0	0.0	0.0
0.0	0.0	0.0	0.0	0.0	2.01490302054	0.0	0.0	0.0	0.0	0.0	0.0	0.0	0.0
0.0	0.0	0.0	0.0	0.0	0.0	0.0	0.0	0.0	0.0	0.0	0.0	0.0	2.01490302054
0.0	0.0	0.0	0.0	0.0	0.0	0.0	0.0	0.0	0.0	0.0	0.0	0.0	2.01490302054
0.0	0.0	0.0	0.0	0.0	0.0	0.0	0.0	0.0	0.0	0.0	0.0	2.01490302054	0.0
2.01490302054	0.0	0.0	0.0	0.0	0.0	0.0	0.0	0.0	0.0	0.0	0.0	0.0	0.0
0.0	0.0	0.0	0.0	2.01490302054	0.0	0.0	0.0	0.0	0.0	0.0	0.0	0.0	0.0
0.0	0.0	0.0	0.0	0.0	0.0	0.0	0.0	0.0	0.0	2.01490302054	0.0	0.0	0.0
0.0	0.0	0.0	0.0	0.0	0.0	0.0	0.0	0.0	4.02980604108	0.0	0.0	0.0	0.0
0.0	0.0	0.0	0.0	0.0	0.0	0.0	0.0	0.0	0.0	0.0	1.60943791243	0.0	1.60943791243
0.0	0.0	0.0	1.60943791243	0.0	0.0	1.60943791243	0.0	0.0	0.0	0.0	0.0	0.0	0.0
4.02980604108	0.0	0.0	0.0	0.0	0.0	0.0	0.0	0.0	0.0	0.0	0.0	0.0	0.0
0.0	0.0	0.0	0.0	0.0	0.0	0.0	0.0	0.0	0.0	2.01490302054	0.0	0.0	0.0
0.0	0.0	0.0	0.0	0.0	4.02980604108	0.0	0.0	0.0	0.0	0.0	0.0	0.0	0.0
0.0	0.0	0.0	1.09861228867	1.09861228867	0.0	1.09861228867	0.0	1.09861228867	0.0	0.0	0.0	0.0	0.0
0.0	0.0	0.0	0.0	0.0	0.0	0.0	0.0	0.0	0.0	0.0	0.0	0.0	2.01490302054
0.0	0.0	0.0	4.8283137373	0.0	0.0	4.8283137373	0.0	0.0	0.0	0.0	0.0	0.0	0.0
6.04470906163	0.0	0.0	0.0	0.0	0.0	0.0	0.0	0.0	0.0	0.0	0.0	0.0	0.0
0.0	0.0	0.0	0.0	0.0	0.0	0.0	0.0	2.01490302054	0.0	0.0	0.0	0.0	0.0
0.0	0.0	0.0	0.0	1.32175583998	3.96526751995	0.0	0.0	0.0	0.0	0.0	1.32175583998	0.0	0.0
0.0	0.0	0.0	0.0	0.0	4.02980604108	0.0	0.0	0.0	0.0	0.0	0.0	0.0	0.0
0.0	0.0	0.0	0.0	0.0	0.0	0.0	0.0	0.0	2.01490302054	0.0	0.0	0.0	0.0
0.0	0.0	0.0	1.60943791243	0.0	0.0	1.60943791243	0.0	0.0	0.0	0.0	0.0	0.0	0.0
0.0	0.0	0.0	0.0	0.0	0.0	0.0	0.0	0.0	0.0	0.0	0.0	0.0	2.01490302054
0.0	2.01490302054	0.0	0.0	0.0	0.0	0.0	0.0	0.0	0.0	0.0	0.0	0.0	0.0
0.0	0.0	0.0	0.0	0.0	2.01490302054	0.0	0.0	0.0	0.0	0.0	0.0	0.0	0.0
0.0	0.0	0.0	0.0	0.0	0.0	0.0	0.0	0.0	2.01490302054	0.0	0.0	0.0	0.0
0.0	0.0	0.0	0.0	0.0	0.0	0.0	0.0	0.0	6.04470906163	0.0	0.0	0.0	0.0
0.0	0.0	0.0	0.0	0.0	0.0	0.0	0.0	0.0	0.0	0.0	2.01490302054	0.0	0.0
0.0	0.0	0.0	0.0	0.0	0.0	0.0	0.0	0.0	0.0	2.01490302054	0.0	0.0	0.0
0.0	0.0	0.0	1.60943791243	0.0	0.0	1.60943791243	0.0	0.0	0.0	0.0	0.0	0.0	0.0
0.0	0.0	0.0	0.0	0.0	0.0	0.0	0.0	0.0	2.01490302054	0.0	0.0	0.0	0.0
0.0	0.0	0.0	0.0	0.0	2.01490302054	0.0	0.0	0.0	0.0	0.0	0.0	0.0	0.0
0.0	0.0	2.01490302054	0.0	0.0	0.0	0.0	0.0	0.0	0.0	0.0	0.0	0.0	0.0
0.0	0.0	0.0	0.0	3.21887582487	0.0	0.0	0.0	0.0	1.60943791243	0.0	0.0	0.0	0.0
0.0	0.0	0.0	0.0	0.0	0.0	0.0	0.0	0.0	2.01490302054	0.0	0.0	0.0	0.0
0.0	0.0	0.0	0.0	0.0	0.0	0.0	0.0	2.01490302054	0.0	0.0	0.0	0.0	0.0
0.0	0.0	0.0	0.0	0.0	0.0	0.0	0.0	0.0	0.0	2.01490302054	0.0	0.0	0.0
2.01490302054	0.0	0.0	0.0	0.0	0.0	0.0	0.0	0.0	0.0	0.0	0.0	0.0	0.0
0.0	0.0	0.0	0.0	0.0	0.0	0.0	0.0	0.0	4.02980604108	0.0	0.0	0.0	0.0
0.0	0.0	0.0	0.0	0.0	0.0	0.0	0.0	0.0	1.60943791243	1.60943791243	0.0	0.0	0.0
0.0	0.0	0.0	0.0	0.0	0.0	0.0	0.0	4.02980604108	0.0	0.0	0.0	0.0	0.0
0.0	0.0	0.0	0.0	0.0	0.0	0.0	0.0	0.0	0.0	0.0	0.0	4.02980604108	0.0
0.0	0.0	0.0	0.0	0.0	0.0	0.0	2.01490302054	0.0	0.0	0.0	0.0	0.0	0.0
0.0	0.0	0.0	0.0	0.0	0.0	0.0	0.0	0.0	1.60943791243	1.60943791243	0.0	0.0	0.0
2.01490302054	0.0	0.0	0.0	0.0	0.0	0.0	0.0	0.0	0.0	0.0	0.0	0.0	0.0
0.0	0.0	0.0	0.0	0.0	0.0	0.0	0.0	0.0	2.01490302054	0.0	0.0	0.0	0.0
0.0	2.01490302054	0.0	0.0	0.0	0.0	0.0	0.0	0.0	0.0	0.0	0.0	0.0	0.0
0.0	0.0	0.0	0.0	0.0	0.0	0.0	0.0	0.0	0.0	0.0	0.0	2.01490302054	0.0
0.0	2.01490302054	0.0	0.0	0.0	0.0	0.0	0.0	0.0	0.0	0.0	0.0	0.0	0.0
0.0	0.0	0.0	0.0	0.0	0.0	0.0	0.0	0.0	6.04470906163	0.0	0.0	0.0	0.0
0.0	0.0	0.0	0.0	0.0	0.0	0.0	0.0	0.0	2.01490302054	0.0	0.0	0.0	0.0
0.0	0.0	0.0	0.0	0.0	0.0	0.0	0.0	0.0	0.0	2.01490302054	0.0	0.0	0.0
0.0	0.0	0.0	0.0	0.0	0.0	0.0	0.0	0.0	0.0	0.0	0.0	0.0	2.01490302054
0.0	0.0	0.0	0.0	0.0	0.0	0.0	0.0	0.0	2.01490302054	0.0	0.0	0.0	0.0
2.64351167996	0.0	0.0	1.32175583998	0.0	0.0	1.32175583998	0.0	0.0	0.0	0.0	0.0	0.0	0.0
0.0	0.0	0.0	0.0	0.0	0.0	0.0	0.0	0.0	2.01490302054	0.0	0.0	0.0	0.0
0.0	0.0	0.0	0.0	0.0	0.0	0.0	0.0	0.0	0.0	0.0	0.0	0.0	2.01490302054
0.0	0.0	0.0	0.0	1.60943791243	0.0	0.0	0.0	0.0	0.0	0.0	0.0	1.60943791243	0.0
0.0	0.0	0.0	0.0	0.0	0.0	0.0	0.0	0.0	0.0	2.01490302054	0.0	0.0	0.0
0.0	0.0	0.0	0.0	0.0	0.0	0.0	0.0	0.0	2.01490302054	0.0	0.0	0.0	0.0
0.0	0.0	0.0	0.0	0.0	0.0	0.0	2.01490302054	0.0	0.0	0.0	0.0	0.0	0.0
0.0	0.0	0.0	0.0	0.0	0.0	0.0	0.0	0.0	0.0	0.0	2.01490302054	0.0	0.0
0.0	0.0	0.0	0.0	0.0	0.0	0.0	0.0	2.01490302054	0.0	0.0	0.0	0.0	0.0
0.0	0.0	0.0	0.0	0.0	4.8283137373	0.0	3.21887582487	0.0	0.0	0.0	0.0	0.0	0.0
0.0	0.0	0.0	0.0	0.0	0.0	0.0	0.0	0.0	0.0	2.01490302054	0.0	0.0	0.0
1.60943791243	8.04718956217	0.0	0.0	0.0	0.0	0.0	0.0	0.0	0.0	0.0	0.0	0.0	0.0
0.0	0.0	0.0	0.0	0.0	0.0	0.0	2.01490302054	0.0	0.0	0.0	0.0	0.0	0.0
0.0	0.0	0.0	11.266065387	0.0	0.0	11.266065387	0.0	0.0	0.0	0.0	0.0	0.0	0.0
0.0	0.0	0.0	0.0	0.0	0.0	0.0	0.0	0.0	0.0	0.0	0.0	0.0	2.01490302054
0.0	0.0	0.0	0.0	0.0	0.0	0.0	0.0	0.0	0.0	0.0	0.0	0.0	2.01490302054
0.0	0.0	0.0	0.0	0.0	0.0	0.0	0.0	2.01490302054	0.0	0.0	0.0	0.0	0.0
0.0	0.0	0.0	0.0	0.0	0.0	0.0	0.0	0.0	0.0	0.0	0.0	1.60943791243	1.60943791243
0.0	0.0	0.0	0.0	0.0	0.0	0.0	0.0	0.0	4.02980604108	0.0	0.0	0.0	0.0
0.0	0.0	0.0	0.0	0.0	0.0	0.0	2.01490302054	0.0	0.0	0.0	0.0	0.0	0.0
0.0	0.0	1.09861228867	0.0	1.09861228867	3.295836866	0.0	0.0	0.0	1.09861228867	0.0	0.0	0.0	0.0
0.0	0.0	0.510825623766	0.510825623766	1.02165124753	1.02165124753	0.510825623766	1.5324768713	1.02165124753	1.5324768713	0.0	0.0	0.0	0.0
0.0	0.0	0.0	2.19722457734	0.0	0.0	2.19722457734	0.0	0.0	2.19722457734	0.0	0.0	1.09861228867	0.0
0.0	0.0	0.0	0.0	0.0	0.0	0.0	0.0	0.0	0.0	3.21887582487	0.0	1.60943791243	0.0
0.0	0.0	0.0	0.0	0.0	0.0	0.0	0.0	8.05961208217	0.0	0.0	0.0	0.0	0.0
0.0	0.0	0.0	0.0	0.0	0.0	0.0	0.0	0.0	1.60943791243	0.0	0.0	3.21887582487	0.0
0.0	0.0	0.0	0.0	0.0	0.0	0.0	0.0	0.0	0.0	2.01490302054	0.0	0.0	0.0
0.0	0.0	0.0	0.0	2.01490302054	0.0	0.0	0.0	0.0	0.0	0.0	0.0	0.0	0.0
0.0	0.0	0.0	0.0	0.0	0.0	0.0	0.0	0.0	0.0	0.0	0.0	4.02980604108	0.0
0.0	0.0	0.0	0.0	0.0	0.0	0.0	0.0	0.0	0.0	0.0	0.0	2.01490302054	0.0
0.0	0.0	2.01490302054	0.0	0.0	0.0	0.0	0.0	0.0	0.0	0.0	0.0	0.0	0.0
0.0	0.0	0.0	0.0	0.0	0.0	0.0	0.0	4.02980604108	0.0	0.0	0.0	0.0	0.0
0.0	0.0	0.0	0.0	0.0	0.0	0.0	0.0	0.0	0.0	0.0	0.0	0.0	2.01490302054
0.0	0.0	0.0	0.0	0.0	2.01490302054	0.0	0.0	0.0	0.0	0.0	0.0	0.0	0.0
0.0	0.0	0.0	0.0	0.0	0.0	0.0	0.0	0.0	0.0	0.0	2.01490302054	0.0	0.0
0.0	0.0	1.32175583998	1.32175583998	0.0	0.0	1.32175583998	0.0	0.0	0.0	0.0	0.0	0.0	0.0
0.0	0.0	0.0	0.0	0.0	0.0	0.0	0.0	0.0	3.96526751995	0.0	1.32175583998	0.0	2.64351167996
0.0	0.0	0.0	0.0	0.0	0.0	0.0	0.0	0.0	1.60943791243	0.0	0.0	1.60943791243	0.0
2.01490302054	0.0	0.0	0.0	0.0	0.0	0.0	0.0	0.0	0.0	0.0	0.0	0.0	0.0
0.0	0.0	0.0	3.96526751995	0.0	0.0	3.96526751995	0.0	0.0	1.32175583998	0.0	0.0	0.0	0.0
0.0	0.0	0.0	0.0	1.60943791243	0.0	0.0	0.0	4.8283137373	0.0	0.0	0.0	0.0	0.0
4.02980604108	0.0	0.0	0.0	0.0	0.0	0.0	0.0	0.0	0.0	0.0	0.0	0.0	0.0
0.0	0.0	0.0	0.0	0.0	0.0	0.0	0.0	0.0	0.0	0.0	0.0	0.0	4.02980604108
0.0	0.0	0.0	0.0	0.0	0.0	0.0	0.0	2.01490302054	0.0	0.0	0.0	0.0	0.0
0.0	0.0	0.0	0.0	0.0	0.0	0.0	0.0	0.0	2.01490302054	0.0	0.0	0.0	0.0
2.01490302054	0.0	0.0	0.0	0.0	0.0	0.0	0.0	0.0	0.0	0.0	0.0	0.0	0.0
0.0	0.0	0.0	0.0	0.0	0.0	0.0	0.0	0.0	0.0	0.0	3.21887582487	1.60943791243	0.0
0.0	0.0	0.0	0.0	0.0	0.0	0.0	0.0	0.0	2.01490302054	0.0	0.0	0.0	0.0
0.0	0.0	0.0	0.0	0.0	0.0	0.0	0.0	0.0	2.01490302054	0.0	0.0	0.0	0.0
0.0	0.0	0.0	0.0	0.0	0.0	0.0	0.0	0.0	2.01490302054	0.0	0.0	0.0	0.0
0.0	0.0	0.0	0.0	0.0	0.0	0.0	0.0	0.0	2.01490302054	0.0	0.0	0.0	0.0
0.0	0.0	0.0	0.0	0.0	0.0	0.0	0.0	0.0	2.01490302054	0.0	0.0	0.0	0.0
0.0	0.0	0.0	0.0	0.0	0.0	0.0	0.0	0.0	0.0	0.0	2.01490302054	0.0	0.0
0.0	0.0	0.0	0.0	0.0	0.0	0.0	0.0	0.0	0.0	0.0	0.0	0.0	2.01490302054
0.0	0.0	0.0	0.0	0.0	0.0	0.0	0.0	0.0	0.0	2.01490302054	0.0	0.0	0.0
0.0	0.0	0.0	0.0	0.0	0.0	0.0	0.0	0.0	3.21887582487	1.60943791243	0.0	0.0	0.0
0.0	0.0	0.0	0.0	0.0	0.0	0.0	0.0	0.0	0.0	0.0	0.0	2.01490302054	0.0
0.0	6.04470906163	0.0	0.0	0.0	0.0	0.0	0.0	0.0	0.0	0.0	0.0	0.0	0.0
0.0	0.0	0.0	0.0	0.0	0.0	0.0	0.0	0.0	0.0	0.0	2.01490302054	0.0	0.0
0.0	2.01490302054	0.0	0.0	0.0	0.0	0.0	0.0	0.0	0.0	0.0	0.0	0.0	0.0
0.0	0.0	0.0	1.60943791243	0.0	0.0	1.60943791243	0.0	0.0	0.0	0.0	0.0	0.0	0.0
0.0	0.0	0.0	0.0	0.0	0.0	0.0	0.0	0.0	0.0	0.0	0.0	4.02980604108	0.0
0.0	0.0	2.01490302054	0.0	0.0	0.0	0.0	0.0	0.0	0.0	0.0	0.0	0.0	0.0
0.0	0.0	0.0	0.0	0.0	0.0	0.0	0.0	0.0	0.0	0.0	0.0	0.0	2.01490302054
0.0	0.0	0.0	0.0	0.0	0.0	0.0	0.0	0.0	2.01490302054	0.0	0.0	0.0	0.0
2.01490302054	0.0	0.0	0.0	0.0	0.0	0.0	0.0	0.0	0.0	0.0	0.0	0.0	0.0
0.0	0.0	0.0	0.0	0.0	0.0	0.0	0.0	0.0	0.0	0.0	1.60943791243	3.21887582487	0.0
0.0	0.0	0.0	0.0	2.01490302054	0.0	0.0	0.0	0.0	0.0	0.0	0.0	0.0	0.0
0.0	0.0	0.0	0.0	0.0	0.0	0.0	0.0	0.0	2.01490302054	0.0	0.0	0.0	0.0
0.0	0.0	0.0	1.09861228867	1.09861228867	1.09861228867	1.09861228867	0.0	0.0	0.0	0.0	0.0	0.0	0.0
0.0	0.0	0.0	0.0	0.0	0.0	0.0	0.0	0.0	0.0	2.01490302054	0.0	0.0	0.0
0.0	0.0	0.0	0.0	0.0	0.0	0.0	0.0	0.0	4.02980604108	0.0	0.0	0.0	0.0
0.0	0.0	0.0	0.0	2.01490302054	0.0	0.0	0.0	0.0	0.0	0.0	0.0	0.0	0.0
0.0	0.0	0.0	0.0	0.0	0.0	0.0	4.02980604108	0.0	0.0	0.0	0.0	0.0	0.0
0.0	0.0	0.0	0.0	0.0	2.01490302054	0.0	0.0	0.0	0.0	0.0	0.0	0.0	0.0
0.0	0.0	0.0	0.0	2.01490302054	0.0	0.0	0.0	0.0	0.0	0.0	0.0	0.0	0.0
0.0	2.01490302054	0.0	0.0	0.0	0.0	0.0	0.0	0.0	0.0	0.0	0.0	0.0	0.0
0.0	0.0	0.0	0.0	0.0	0.0	0.0	0.0	0.0	4.02980604108	0.0	0.0	0.0	0.0
0.0	0.0	0.0	0.0	0.0	0.0	0.0	0.0	0.0	2.01490302054	0.0	0.0	0.0	0.0
0.0	0.0	0.0	0.0	0.0	0.0	0.0	0.0	0.0	2.01490302054	0.0	0.0	0.0	0.0
0.0	0.0	0.0	0.0	0.0	0.0	0.0	0.0	0.0	0.0	0.0	0.0	2.01490302054	0.0
0.762140052047	0.0	0.0	0.762140052047	0.762140052047	0.762140052047	0.762140052047	0.0	0.0	0.0	0.0	0.762140052047	0.0	0.0
0.0	0.0	0.0	0.0	0.0	0.0	0.0	0.0	0.0	0.0	1.60943791243	0.0	0.0	1.60943791243
0.0	0.0	0.0	0.0	0.0	0.0	0.0	0.0	0.0	0.0	0.0	2.01490302054	0.0	0.0
0.0	0.0	0.0	1.60943791243	0.0	0.0	1.60943791243	0.0	0.0	0.0	0.0	0.0	0.0	0.0
0.0	0.0	0.0	0.0	0.0	0.0	0.0	0.0	0.0	0.0	0.0	0.0	2.01490302054	0.0
0.0	0.0	0.0	0.0	0.916290731874	0.916290731874	0.0	3.6651629275	2.74887219562	0.916290731874	0.0	0.0	0.0	0.0
0.0	1.32175583998	0.0	1.32175583998	0.0	0.0	1.32175583998	0.0	0.0	0.0	0.0	0.0	0.0	0.0
0.0	0.0	0.0	0.0	0.0	2.01490302054	0.0	0.0	0.0	0.0	0.0	0.0	0.0	0.0
0.0	0.0	0.0	0.0	0.0	0.0	0.0	0.0	0.0	2.01490302054	0.0	0.0	0.0	0.0
4.8283137373	0.0	0.0	0.0	0.0	0.0	0.0	0.0	0.0	0.0	0.0	0.0	0.0	1.60943791243
0.0	0.0	0.0	1.60943791243	0.0	0.0	1.60943791243	0.0	0.0	0.0	0.0	0.0	0.0	0.0
0.0	0.0	0.0	0.0	0.0	2.01490302054	0.0	0.0	0.0	0.0	0.0	0.0	0.0	0.0
6.04470906163	0.0	0.0	0.0	0.0	0.0	0.0	0.0	0.0	0.0	0.0	0.0	0.0	0.0
0.0	0.0	0.0	0.0	0.0	0.0	0.0	0.0	2.01490302054	0.0	0.0	0.0	0.0	0.0
0.0	0.0	0.0	0.0	0.0	0.0	0.0	0.0	0.0	2.01490302054	0.0	0.0	0.0	0.0
0.0	0.0	0.0	0.0	0.0	2.01490302054	0.0	0.0	0.0	0.0	0.0	0.0	0.0	0.0
0.0	0.0	0.0	0.0	1.60943791243	0.0	0.0	0.0	1.60943791243	0.0	0.0	0.0	0.0	0.0
0.0	0.0	0.0	0.0	0.0	4.8283137373	0.0	1.60943791243	0.0	0.0	0.0	0.0	0.0	0.0
0.0	0.0	0.0	0.0	0.0	0.0	0.0	0.0	0.0	0.0	0.0	2.01490302054	0.0	0.0
0.0	0.0	0.0	0.0	0.0	0.0	0.0	2.01490302054	0.0	0.0	0.0	0.0	0.0	0.0
0.0	0.0	0.0	1.60943791243	0.0	0.0	1.60943791243	0.0	0.0	0.0	0.0	0.0	0.0	0.0
0.0	0.0	0.0	1.32175583998	0.0	1.32175583998	1.32175583998	0.0	0.0	0.0	0.0	0.0	0.0	0.0
0.0	0.0	0.0	0.0	0.0	0.0	0.0	0.0	2.01490302054	0.0	0.0	0.0	0.0	0.0
0.0	0.0	0.0	0.0	0.0	0.0	0.0	0.0	0.0	0.0	0.0	0.0	0.0	4.02980604108
0.0	0.0	0.0	0.0	2.01490302054	0.0	0.0	0.0	0.0	0.0	0.0	0.0	0.0	0.0
0.0	0.0	0.0	0.0	0.0	0.0	0.0	0.0	0.0	0.0	0.0	1.60943791243	1.60943791243	0.0
0.0	0.0	0.0	0.0	0.0	2.01490302054	0.0	0.0	0.0	0.0	0.0	0.0	0.0	0.0
0.0	0.0	0.0	0.0	0.0	0.0	0.0	0.0	0.0	0.0	4.02980604108	0.0	0.0	0.0
0.0	0.0	0.0	0.0	0.0	2.01490302054	0.0	0.0	0.0	0.0	0.0	0.0	0.0	0.0
0.0	0.0	0.0	0.0	0.0	0.0	0.0	0.0	2.01490302054	0.0	0.0	0.0	0.0	0.0
0.0	4.02980604108	0.0	0.0	0.0	0.0	0.0	0.0	0.0	0.0	0.0	0.0	0.0	0.0
0.0	0.0	0.0	0.0	0.0	0.0	0.0	0.0	0.0	0.0	4.02980604108	0.0	0.0	0.0
0.510825623766	0.510825623766	0.0	0.0	0.510825623766	1.02165124753	0.0	0.510825623766	0.0	1.02165124753	0.510825623766	0.0	0.0	0.510825623766
0.0	0.0	0.0	0.0	0.0	2.01490302054	0.0	0.0	0.0	0.0	0.0	0.0	0.0	0.0
0.0	0.0	0.0	0.0	0.0	2.01490302054	0.0	0.0	0.0	0.0	0.0	0.0	0.0	0.0
0.0	0.0	0.0	0.916290731874	1.83258146375	0.0	0.916290731874	0.0	0.916290731874	8.24661658687	0.0	0.0	0.0	0.0
0.0	0.0	0.0	0.0	0.0	0.0	0.0	0.0	0.0	2.01490302054	0.0	0.0	0.0	0.0
0.0	0.0	0.0	0.0	3.21887582487	0.0	0.0	0.0	3.21887582487	0.0	0.0	0.0	0.0	0.0
0.0	0.0	0.0	0.0	0.0	2.01490302054	0.0	0.0	0.0	0.0	0.0	0.0	0.0	0.0
0.0	0.0	0.0	1.60943791243	0.0	0.0	1.60943791243	0.0	0.0	0.0	0.0	0.0	0.0	0.0
0.0	0.0	0.0	0.0	0.0	2.01490302054	0.0	0.0	0.0	0.0	0.0	0.0	0.0	0.0
0.916290731874	0.916290731874	0.0	0.0	0.0	0.0	0.0	0.0	0.0	0.916290731874	0.916290731874	0.916290731874	0.0	0.0
0.0	0.0	0.0	0.0	0.0	0.0	0.0	0.0	0.0	0.0	0.0	2.01490302054	0.0	0.0
0.0	0.0	0.0	0.916290731874	0.916290731874	0.0	0.916290731874	0.0	0.0	0.0	0.0	0.916290731874	0.0	0.916290731874
0.0	0.0	1.60943791243	0.0	0.0	1.60943791243	0.0	0.0	0.0	0.0	0.0	0.0	0.0	0.0
0.0	0.0	0.0	0.0	0.0	0.0	0.0	0.0	0.0	0.0	0.0	0.0	0.0	4.02980604108
0.0	1.32175583998	0.0	0.0	0.0	0.0	0.0	0.0	0.0	0.0	0.0	1.32175583998	1.32175583998	0.0
2.01490302054	0.0	0.0	0.0	0.0	0.0	0.0	0.0	0.0	0.0	0.0	0.0	0.0	0.0
0.0	2.01490302054	0.0	0.0	0.0	0.0	0.0	0.0	0.0	0.0	0.0	0.0	0.0	0.0
0.0	0.0	1.09861228867	0.0	1.09861228867	0.0	0.0	0.0	0.0	0.0	1.09861228867	0.0	0.0	1.09861228867
0.0	0.0	0.0	1.60943791243	0.0	0.0	1.60943791243	0.0	0.0	0.0	0.0	0.0	0.0	0.0
0.0	2.01490302054	0.0	0.0	0.0	0.0	0.0	0.0	0.0	0.0	0.0	0.0	0.0	0.0
0.0	0.0	0.0	0.0	0.0	0.0	0.0	0.0	0.0	2.01490302054	0.0	0.0	0.0	0.0
0.0	0.0	0.0	0.0	0.0	0.0	0.0	0.0	2.01490302054	0.0	0.0	0.0	0.0	0.0
0.0	0.0	0.0	0.0	0.0	0.0	0.0	0.0	0.0	0.0	0.0	0.0	0.0	2.01490302054
0.0	2.01490302054	0.0	0.0	0.0	0.0	0.0	0.0	0.0	0.0	0.0	0.0	0.0	0.0
0.0	0.0	0.0	0.0	0.0	0.0	0.0	0.0	0.0	0.0	0.0	0.0	0.0	2.01490302054
0.0	0.0	0.0	0.0	0.0	0.0	0.0	3.21887582487	0.0	0.0	0.0	1.60943791243	0.0	0.0
0.0	0.0	0.0	0.0	0.0	0.0	0.0	0.0	2.01490302054	0.0	0.0	0.0	0.0	0.0
0.0	0.0	0.0	0.0	0.0	0.0	0.0	0.0	0.0	0.0	0.0	0.0	0.0	2.01490302054
0.0	0.0	0.0	0.0	0.0	0.0	0.0	0.0	0.0	2.01490302054	0.0	0.0	0.0	0.0
0.0	0.0	0.0	0.0	0.0	2.01490302054	0.0	0.0	0.0	0.0	0.0	0.0	0.0	0.0
2.01490302054	0.0	0.0	0.0	0.0	0.0	0.0	0.0	0.0	0.0	0.0	0.0	0.0	0.0
0.0	0.0	0.0	0.0	0.0	0.0	0.0	0.0	0.0	0.0	0.0	1.32175583998	1.32175583998	1.32175583998
0.0	0.0	0.0	1.60943791243	0.0	0.0	1.60943791243	0.0	0.0	0.0	0.0	0.0	0.0	0.0
0.0	0.0	0.0	0.0	0.0	0.0	0.0	0.0	0.0	0.0	2.01490302054	0.0	0.0	0.0
0.0	0.0	0.0	0.0	0.0	0.0	0.0	0.0	0.0	4.02980604108	0.0	0.0	0.0	0.0
0.0	0.0	0.0	0.0	0.0	0.0	0.0	0.0	2.01490302054	0.0	0.0	0.0	0.0	0.0
0.0	0.0	0.0	0.0	0.0	0.0	0.0	0.0	0.0	0.0	0.0	0.0	0.0	2.01490302054
0.0	2.01490302054	0.0	0.0	0.0	0.0	0.0	0.0	0.0	0.0	0.0	0.0	0.0	0.0
0.0	0.0	0.0	0.0	0.0	0.0	0.0	0.0	0.0	0.0	0.0	4.02980604108	0.0	0.0
0.0	0.0	0.0	0.0	0.0	0.0	0.0	0.0	0.0	18.1341271849	0.0	0.0	0.0	0.0
0.0	4.02980604108	0.0	0.0	0.0	0.0	0.0	0.0	0.0	0.0	0.0	0.0	0.0	0.0
0.0	0.0	0.0	0.0	0.0	2.01490302054	0.0	0.0	0.0	0.0	0.0	0.0	0.0	0.0
0.0	0.0	0.0	0.0	0.0	0.0	0.0	0.0	0.0	2.01490302054	0.0	0.0	0.0	0.0
0.0	0.0	0.0	0.0	0.0	0.0	0.0	0.0	0.0	0.0	2.01490302054	0.0	0.0	0.0
6.04470906163	0.0	0.0	0.0	0.0	0.0	0.0	0.0	0.0	0.0	0.0	0.0	0.0	0.0
0.0	0.0	0.0	0.0	0.0	1.60943791243	0.0	0.0	0.0	0.0	0.0	0.0	0.0	1.60943791243
0.0	1.09861228867	0.0	1.09861228867	0.0	0.0	1.09861228867	0.0	0.0	0.0	2.19722457734	0.0	0.0	0.0
0.0	0.0	0.0	0.0	0.0	0.0	0.0	0.0	0.0	2.01490302054	0.0	0.0	0.0	0.0
0.0	0.0	0.0	0.0	0.0	0.0	0.0	0.0	0.0	0.0	2.01490302054	0.0	0.0	0.0
0.0	0.0	0.0	0.0	0.0	0.0	0.0	0.0	0.0	0.0	0.0	1.32175583998	1.32175583998	2.64351167996
0.0	0.0	0.0	0.0	0.0	0.0	0.0	0.0	0.0	0.0	0.0	0.0	0.0	2.01490302054
0.0	0.0	2.01490302054	0.0	0.0	0.0	0.0	0.0	0.0	0.0	0.0	0.0	0.0	0.0
0.0	0.0	0.0	0.0	0.0	0.0	0.0	0.0	0.0	0.0	2.01490302054	0.0	0.0	0.0
0.762140052047	0.0	0.0	0.762140052047	0.0	0.0	0.762140052047	2.28642015614	0.0	0.0	0.762140052047	0.762140052047	0.0	0.0
0.0	0.0	0.0	0.0	0.0	0.0	0.0	0.0	0.0	0.0	0.0	0.0	0.0	2.01490302054
0.0	0.0	0.0	0.0	0.0	0.0	0.0	0.0	0.0	4.02980604108	0.0	0.0	0.0	0.0
0.0	0.0	0.0	0.0	0.0	0.0	0.0	0.0	0.0	2.01490302054	0.0	0.0	0.0	0.0
0.0	0.0	0.0	0.0	0.0	0.0	0.0	0.0	2.01490302054	0.0	0.0	0.0	0.0	0.0
0.0	0.0	0.0	0.0	0.0	0.0	0.0	0.0	10.0745151027	0.0	0.0	0.0	0.0	0.0
0.0	0.0	1.09861228867	0.0	3.295836866	0.0	0.0	4.39444915467	2.19722457734	0.0	0.0	0.0	0.0	0.0
0.0	0.0	0.0	1.60943791243	0.0	0.0	1.60943791243	0.0	0.0	0.0	0.0	0.0	0.0	0.0
0.0	0.0	0.0	0.0	0.0	0.0	0.0	0.0	0.0	0.0	4.02980604108	0.0	0.0	0.0
0.0	0.0	0.0	0.0	0.0	0.0	0.0	2.01490302054	0.0	0.0	0.0	0.0	0.0	0.0
0.0	0.0	0.0	0.0	0.0	0.0	0.0	0.0	4.02980604108	0.0	0.0	0.0	0.0	0.0
2.01490302054	0.0	0.0	0.0	0.0	0.0	0.0	0.0	0.0	0.0	0.0	0.0	0.0	0.0
0.0	0.0	0.0	0.0	0.0	0.0	0.0	0.0	0.0	0.0	0.0	0.0	4.02980604108	0.0
0.0	0.0	0.0	0.0	2.01490302054	0.0	0.0	0.0	0.0	0.0	0.0	0.0	0.0	0.0
0.0	0.0	0.0	0.0	0.0	0.0	0.0	0.0	0.0	2.01490302054	0.0	0.0	0.0	0.0
0.0	0.0	0.0	0.0	0.0	0.0	0.0	0.0	0.0	0.0	0.0	2.01490302054	0.0	0.0
0.0	0.0	0.0	0.0	0.0	0.0	0.0	0.0	0.0	0.0	0.0	0.0	0.0	2.01490302054
0.0	0.0	0.0	0.0	0.0	0.0	0.0	0.0	0.0	0.0	0.0	2.01490302054	0.0	0.0
0.0	0.0	0.0	0.0	0.0	0.0	0.0	0.0	0.0	0.0	0.0	0.0	0.0	2.01490302054
0.0	0.0	0.0	0.0	0.0	0.0	0.0	0.0	0.0	0.0	0.0	2.01490302054	0.0	0.0
0.0	0.0	0.0	0.0	0.0	2.01490302054	0.0	0.0	0.0	0.0	0.0	0.0	0.0	0.0
0.0	0.0	0.0	0.0	0.0	0.0	0.0	0.0	0.0	0.0	2.01490302054	0.0	0.0	0.0
0.0	0.0	0.0	0.0	0.0	0.0	0.0	0.0	0.0	0.0	0.0	2.01490302054	0.0	0.0
1.60943791243	0.0	0.0	0.0	0.0	0.0	0.0	0.0	0.0	0.0	1.60943791243	0.0	0.0	0.0
0.0	0.0	0.0	0.0	0.0	0.0	0.0	0.0	0.0	0.0	0.0	0.0	0.0	2.01490302054
0.0	0.0	0.0	0.0	0.0	0.0	0.0	0.0	0.0	0.0	2.01490302054	0.0	0.0	0.0
0.0	0.0	0.916290731874	1.83258146375	0.0	0.0	1.83258146375	0.0	0.0	0.916290731874	0.916290731874	0.0	0.0	0.0
0.0	0.0	0.0	0.0	0.0	0.0	0.0	0.0	0.0	2.01490302054	0.0	0.0	0.0	0.0
0.0	0.0	2.01490302054	0.0	0.0	0.0	0.0	0.0	0.0	0.0	0.0	0.0	0.0	0.0
1.60943791243	1.60943791243	0.0	0.0	0.0	0.0	0.0	0.0	0.0	0.0	0.0	0.0	0.0	0.0
0.0	0.0	0.0	0.0	0.0	0.0	0.0	0.0	0.0	0.0	0.0	0.0	2.01490302054	0.0
0.0	0.0	0.0	0.0	0.0	0.0	0.0	0.0	0.0	0.0	0.0	4.02980604108	0.0	0.0
0.0	0.0	0.0	0.0	1.60943791243	0.0	0.0	0.0	6.43775164974	0.0	0.0	0.0	0.0	0.0
0.0	0.0	0.0	0.0	0.0	0.0	0.0	0.0	0.0	0.0	2.01490302054	0.0	0.0	0.0
0.0	1.60943791243	0.0	0.0	0.0	0.0	0.0	0.0	0.0	1.60943791243	0.0	0.0	0.0	0.0
0.0	0.0	0.0	0.0	0.0	0.0	0.0	0.0	2.01490302054	0.0	0.0	0.0	0.0	0.0
0.0	0.0	0.0	0.0	1.60943791243	1.60943791243	0.0	0.0	0.0	0.0	0.0	0.0	0.0	0.0
0.0	0.0	0.0	0.0	0.0	0.0	0.0	0.0	0.0	2.01490302054	0.0	0.0	0.0	0.0
0.0	0.0	0.0	0.0	0.0	0.0	0.0	0.0	0.0	2.01490302054	0.0	0.0	0.0	0.0
0.0	4.02980604108	0.0	0.0	0.0	0.0	0.0	0.0	0.0	0.0	0.0	0.0	0.0	0.0
0.0	0.0	0.0	1.60943791243	0.0	0.0	1.60943791243	0.0	0.0	0.0	0.0	0.0	0.0	0.0
0.0	0.0	0.0	0.0	0.0	0.0	0.0	0.0	2.01490302054	0.0	0.0	0.0	0.0	0.0
0.0	2.01490302054	0.0	0.0	0.0	0.0	0.0	0.0	0.0	0.0	0.0	0.0	0.0	0.0
0.0	0.0	0.0	0.0	0.0	0.0	0.0	1.60943791243	0.0	0.0	4.8283137373	0.0	0.0	0.0
0.0	0.0	0.0	0.0	0.0	0.0	0.0	0.0	1.60943791243	0.0	0.0	0.0	1.60943791243	0.0
0.0	0.0	0.0	0.0	2.01490302054	0.0	0.0	0.0	0.0	0.0	0.0	0.0	0.0	0.0
2.01490302054	0.0	0.0	0.0	0.0	0.0	0.0	0.0	0.0	0.0	0.0	0.0	0.0	0.0
2.01490302054	0.0	0.0	0.0	0.0	0.0	0.0	0.0	0.0	0.0	0.0	0.0	0.0	0.0
0.0	0.0	0.0	0.0	0.0	0.0	0.0	2.01490302054	0.0	0.0	0.0	0.0	0.0	0.0
0.0	2.01490302054	0.0	0.0	0.0	0.0	0.0	0.0	0.0	0.0	0.0	0.0	0.0	0.0
0.0	0.0	0.0	0.0	0.0	0.0	0.0	0.0	0.0	0.0	0.0	0.0	0.0	2.01490302054
0.0	0.0	0.0	0.0	0.0	2.01490302054	0.0	0.0	0.0	0.0	0.0	0.0	0.0	0.0
0.0	0.0	0.0	0.0	0.0	0.0	0.0	0.0	0.0	0.0	0.0	0.0	0.0	2.01490302054
0.0	2.01490302054	0.0	0.0	0.0	0.0	0.0	0.0	0.0	0.0	0.0	0.0	0.0	0.0
0.0	0.0	0.0	0.0	0.0	0.0	0.0	0.0	0.0	0.0	2.01490302054	0.0	0.0	0.0
0.0	2.01490302054	0.0	0.0	0.0	0.0	0.0	0.0	0.0	0.0	0.0	0.0	0.0	0.0
0.0	0.0	0.0	0.0	0.0	0.0	0.0	0.0	0.0	0.0	2.01490302054	0.0	0.0	0.0
0.0	0.0	0.0	0.0	0.0	0.0	0.0	0.0	0.0	0.0	0.0	0.0	0.0	2.01490302054
0.0	0.0	0.0	0.0	0.0	0.0	0.0	0.0	0.0	0.0	0.0	0.0	0.0	4.02980604108
0.0	0.0	0.0	0.0	0.0	0.0	0.0	0.0	0.0	0.0	2.01490302054	0.0	0.0	0.0
0.0	0.0	0.0	0.0	0.0	0.0	0.0	0.0	0.0	0.0	0.0	0.0	0.0	2.01490302054
0.0	0.0	0.0	1.32175583998	0.0	0.0	1.32175583998	0.0	1.32175583998	0.0	0.0	0.0	0.0	0.0
0.0	0.0	0.0	0.0	4.02980604108	0.0	0.0	0.0	0.0	0.0	0.0	0.0	0.0	0.0
0.0	0.0	1.32175583998	0.0	0.0	0.0	0.0	0.0	0.0	1.32175583998	0.0	0.0	0.0	1.32175583998
0.0	0.0	0.0	0.0	0.0	0.0	0.0	0.0	0.0	0.0	0.0	0.0	0.0	2.01490302054
0.0	0.0	0.0	0.0	0.0	0.0	0.0	0.0	0.0	0.0	0.0	0.0	0.0	2.01490302054
0.0	0.0	0.0	0.0	0.0	0.0	0.0	0.0	0.0	2.01490302054	0.0	0.0	0.0	0.0
0.0	0.0	0.0	0.0	0.0	0.0	0.0	0.0	0.0	0.0	2.01490302054	0.0	0.0	0.0
0.0	0.0	0.0	0.0	0.0	0.0	0.0	0.0	0.0	2.01490302054	0.0	0.0	0.0	0.0
1.09861228867	1.09861228867	0.0	0.0	0.0	0.0	0.0	0.0	0.0	0.0	1.09861228867	0.0	0.0	1.09861228867
0.0	0.0	0.0	0.762140052047	0.0	0.762140052047	0.762140052047	0.762140052047	0.0	0.0	3.04856020819	0.0	0.0	0.762140052047
0.0	2.01490302054	0.0	0.0	0.0	0.0	0.0	0.0	0.0	0.0	0.0	0.0	0.0	0.0
0.0	0.0	0.0	0.0	0.0	0.0	0.0	2.01490302054	0.0	0.0	0.0	0.0	0.0	0.0
0.0	2.01490302054	0.0	0.0	0.0	0.0	0.0	0.0	0.0	0.0	0.0	0.0	0.0	0.0
0.0	0.0	0.0	0.0	0.0	1.60943791243	0.0	0.0	0.0	8.04718956217	0.0	0.0	0.0	0.0
0.0	0.0	2.01490302054	0.0	0.0	0.0	0.0	0.0	0.0	0.0	0.0	0.0	0.0	0.0
0.0	0.0	0.0	0.0	0.0	0.0	0.0	0.0	2.01490302054	0.0	0.0	0.0	0.0	0.0
0.0	0.0	1.83258146375	0.0	3.6651629275	2.74887219562	0.0	3.6651629275	0.916290731874	0.0	0.0	0.0	0.0	0.0
0.0	0.0	0.0	1.60943791243	0.0	0.0	1.60943791243	0.0	0.0	0.0	0.0	0.0	0.0	0.0
0.0	0.0	0.0	0.0	0.0	2.01490302054	0.0	0.0	0.0	0.0	0.0	0.0	0.0	0.0
0.0	0.0	0.0	0.0	0.0	0.0	0.0	0.0	0.0	0.0	2.01490302054	0.0	0.0	0.0
0.0	0.0	0.0	0.0	0.0	0.0	0.0	0.0	0.0	2.01490302054	0.0	0.0	0.0	0.0
0.0	0.0	0.0	1.60943791243	0.0	0.0	1.60943791243	0.0	0.0	0.0	0.0	0.0	0.0	0.0
0.0	0.0	0.0	0.0	0.0	0.0	0.0	0.0	0.0	2.01490302054	0.0	0.0	0.0	0.0
0.0	2.01490302054	0.0	0.0	0.0	0.0	0.0	0.0	0.0	0.0	0.0	0.0	0.0	0.0
0.0	0.0	0.0	0.0	0.0	0.0	0.0	0.0	0.0	0.0	0.0	1.60943791243	1.60943791243	0.0
0.0	0.0	0.0	0.0	0.0	0.0	0.0	0.0	0.0	0.0	0.0	0.0	0.0	2.01490302054
0.0	0.0	0.0	0.0	0.0	0.0	0.0	0.0	0.0	0.0	0.0	0.0	2.01490302054	0.0
0.0	0.0	0.0	0.0	0.0	0.0	0.0	0.0	0.0	0.0	0.0	0.0	0.0	2.01490302054
0.0	0.0	0.0	0.0	3.21887582487	0.0	0.0	0.0	0.0	0.0	0.0	1.60943791243	0.0	0.0
0.0	0.0	0.0	0.0	0.0	0.0	0.0	0.0	0.0	0.0	0.0	2.01490302054	0.0	0.0
2.01490302054	0.0	0.0	0.0	0.0	0.0	0.0	0.0	0.0	0.0	0.0	0.0	0.0	0.0
0.0	2.01490302054	0.0	0.0	0.0	0.0	0.0	0.0	0.0	0.0	0.0	0.0	0.0	0.0
0.0	2.01490302054	0.0	0.0	0.0	0.0	0.0	0.0	0.0	0.0	0.0	0.0	0.0	0.0
0.0	0.0	0.0	0.0	0.0	0.0	0.0	0.0	0.0	0.0	0.0	1.32175583998	1.32175583998	1.32175583998
0.0	2.01490302054	0.0	0.0	0.0	0.0	0.0	0.0	0.0	0.0	0.0	0.0	0.0	0.0
0.0	0.0	0.0	1.60943791243	0.0	0.0	1.60943791243	0.0	0.0	0.0	0.0	0.0	0.0	0.0
0.0	0.0	0.0	0.0	0.0	0.0	0.0	0.0	2.01490302054	0.0	0.0	0.0	0.0	0.0
0.0	0.0	0.0	2.19722457734	1.09861228867	1.09861228867	2.19722457734	0.0	0.0	0.0	0.0	0.0	0.0	0.0
0.0	0.0	0.0	0.0	0.0	0.0	0.0	0.0	0.0	0.0	0.0	2.01490302054	0.0	0.0
0.0	0.0	0.0	0.0	0.0	4.02980604108	0.0	0.0	0.0	0.0	0.0	0.0	0.0	0.0
1.60943791243	0.0	0.0	0.0	0.0	0.0	0.0	0.0	0.0	0.0	0.0	0.0	1.60943791243	0.0
0.0	0.0	0.0	0.0	0.0	0.0	0.0	0.0	2.01490302054	0.0	0.0	0.0	0.0	0.0
0.0	2.01490302054	0.0	0.0	0.0	0.0	0.0	0.0	0.0	0.0	0.0	0.0	0.0	0.0
0.0	0.0	0.0	0.0	0.0	0.0	0.0	0.0	0.0	0.0	0.0	1.60943791243	1.60943791243	0.0
0.0	0.0	0.0	0.0	0.0	0.0	0.0	0.0	0.0	2.01490302054	0.0	0.0	0.0	0.0
2.01490302054	0.0	0.0	0.0	0.0	0.0	0.0	0.0	0.0	0.0	0.0	0.0	0.0	0.0
0.0	0.0	2.01490302054	0.0	0.0	0.0	0.0	0.0	0.0	0.0	0.0	0.0	0.0	0.0
0.0	0.0	0.0	0.0	0.0	0.0	0.0	0.0	0.0	1.60943791243	0.0	1.60943791243	0.0	0.0
0.0	0.0	1.09861228867	0.0	1.09861228867	0.0	0.0	3.295836866	0.0	7.69028602068	0.0	0.0	0.0	0.0
2.64351167996	5.28702335993	0.0	0.0	0.0	0.0	0.0	0.0	0.0	0.0	0.0	0.0	0.0	1.32175583998
0.0	0.0	0.0	0.0	0.0	2.01490302054	0.0	0.0	0.0	0.0	0.0	0.0	0.0	0.0
0.0	0.0	0.0	0.0	0.0	0.0	0.0	0.0	0.0	0.0	0.0	0.0	0.0	4.02980604108
0.0	0.0	0.0	0.0	0.0	0.0	0.0	0.0	0.0	0.0	0.0	0.0	0.0	2.01490302054
0.0	2.01490302054	0.0	0.0	0.0	0.0	0.0	0.0	0.0	0.0	0.0	0.0	0.0	0.0
0.0	0.0	0.0	0.0	0.0	0.0	0.0	0.0	0.0	0.0	0.0	2.01490302054	0.0	0.0
0.0	0.0	0.0	0.0	0.0	2.01490302054	0.0	0.0	0.0	0.0	0.0	0.0	0.0	0.0
0.0	1.09861228867	0.0	0.0	0.0	0.0	0.0	0.0	0.0	0.0	1.09861228867	2.19722457734	0.0	5.49306144334
0.0	2.01490302054	0.0	0.0	0.0	0.0	0.0	0.0	0.0	0.0	0.0	0.0	0.0	0.0
0.0	0.0	0.0	0.0	0.0	0.0	0.0	0.0	0.0	3.21887582487	0.0	1.60943791243	0.0	0.0
0.0	0.0	0.0	0.0	0.0	0.0	0.0	0.0	0.0	0.0	2.01490302054	0.0	0.0	0.0
0.0	0.0	0.0	1.60943791243	0.0	0.0	1.60943791243	0.0	0.0	0.0	0.0	0.0	0.0	0.0
0.0	0.0	0.0	0.0	0.0	0.0	0.0	0.0	1.60943791243	3.21887582487	0.0	0.0	0.0	0.0
0.0	1.09861228867	0.0	1.09861228867	0.0	0.0	1.09861228867	0.0	0.0	2.19722457734	0.0	0.0	0.0	0.0
0.0	0.0	0.0	0.0	0.0	0.0	0.0	0.0	0.0	8.05961208217	0.0	0.0	0.0	0.0
0.0	0.0	0.0	0.0	0.0	0.0	0.0	2.01490302054	0.0	0.0	0.0	0.0	0.0	0.0
2.01490302054	0.0	0.0	0.0	0.0	0.0	0.0	0.0	0.0	0.0	0.0	0.0	0.0	0.0
0.0	0.0	0.0	0.0	0.0	0.0	0.0	0.0	0.0	0.0	0.0	0.0	0.0	2.01490302054
0.0	2.01490302054	0.0	0.0	0.0	0.0	0.0	0.0	0.0	0.0	0.0	0.0	0.0	0.0
0.0	0.0	0.0	0.0	0.0	0.0	0.0	0.0	0.0	2.01490302054	0.0	0.0	0.0	0.0
0.0	0.0	0.0	0.0	0.0	0.0	0.0	0.0	0.0	2.01490302054	0.0	0.0	0.0	0.0
0.0	4.8283137373	0.0	0.0	0.0	0.0	0.0	0.0	0.0	0.0	0.0	0.0	0.0	1.60943791243
0.0	0.0	0.0	0.0	0.0	0.0	0.0	0.0	0.0	2.01490302054	0.0	0.0	0.0	0.0
0.0	0.0	0.0	0.0	0.0	0.0	0.0	0.0	0.0	1.60943791243	0.0	1.60943791243	0.0	0.0
0.0	0.0	0.0	1.60943791243	0.0	0.0	1.60943791243	0.0	0.0	0.0	0.0	0.0	0.0	0.0
0.0	0.0	0.0	0.0	0.0	0.0	0.0	2.01490302054	0.0	0.0	0.0	0.0	0.0	0.0
4.02980604108	0.0	0.0	0.0	0.0	0.0	0.0	0.0	0.0	0.0	0.0	0.0	0.0	0.0
0.0	0.0	0.0	0.0	0.0	0.0	0.0	0.0	0.0	0.0	0.0	2.01490302054	0.0	0.0
0.0	0.0	0.0	0.0	0.0	0.0	0.0	0.0	2.01490302054	0.0	0.0	0.0	0.0	0.0
0.0	2.01490302054	0.0	0.0	0.0	0.0	0.0	0.0	0.0	0.0	0.0	0.0	0.0	0.0
0.0	0.0	0.0	0.0	0.0	0.0	0.0	0.0	0.0	2.01490302054	0.0	0.0	0.0	0.0
0.0	0.0	0.762140052047	3.04856020819	3.04856020819	1.52428010409	3.04856020819	0.0	0.0	2.28642015614	0.0	0.0	0.0	0.0
0.0	0.0	0.0	0.0	0.0	0.0	0.0	0.0	0.0	8.05961208217	0.0	0.0	0.0	0.0
0.0	0.0	0.0	0.0	1.60943791243	1.60943791243	0.0	0.0	0.0	0.0	0.0	0.0	0.0	0.0
0.0	0.0	0.0	0.0	0.0	0.0	0.0	0.0	2.01490302054	0.0	0.0	0.0	0.0	0.0
0.0	0.0	0.0	0.0	0.0	2.01490302054	0.0	0.0	0.0	0.0	0.0	0.0	0.0	0.0
0.0	0.0	0.0	0.0	0.0	0.0	0.0	0.0	2.01490302054	0.0	0.0	0.0	0.0	0.0
0.0	0.0	0.0	0.0	2.01490302054	0.0	0.0	0.0	0.0	0.0	0.0	0.0	0.0	0.0
0.0	0.0	0.0	0.0	1.09861228867	1.09861228867	0.0	0.0	0.0	2.19722457734	0.0	1.09861228867	0.0	0.0
0.0	0.0	0.0	0.0	0.0	0.0	0.0	0.0	0.0	2.01490302054	0.0	0.0	0.0	0.0
0.0	0.0	0.0	0.0	0.0	0.0	0.0	0.0	2.01490302054	0.0	0.0	0.0	0.0	0.0
2.01490302054	0.0	0.0	0.0	0.0	0.0	0.0	0.0	0.0	0.0	0.0	0.0	0.0	0.0
0.0	0.0	0.0	0.0	0.0	2.01490302054	0.0	0.0	0.0	0.0	0.0	0.0	0.0	0.0
0.0	0.0	0.0	0.0	0.0	0.0	0.0	0.0	0.0	0.0	0.0	1.60943791243	1.60943791243	0.0
0.0	0.0	0.0	0.0	0.0	0.0	0.0	0.0	0.0	0.0	0.0	2.01490302054	0.0	0.0
0.0	0.0	1.32175583998	0.0	1.32175583998	0.0	0.0	0.0	0.0	0.0	1.32175583998	0.0	0.0	0.0
0.0	0.0	0.0	0.0	0.0	0.0	0.0	0.0	0.0	2.01490302054	0.0	0.0	0.0	0.0
0.0	0.0	0.0	0.0	0.0	0.0	0.0	0.0	0.0	0.0	0.0	0.0	0.0	2.01490302054
0.0	0.0	0.0	0.0	0.0	0.0	0.0	0.0	0.0	4.02980604108	0.0	0.0	0.0	0.0
0.0	0.0	0.0	1.60943791243	0.0	0.0	1.60943791243	0.0	0.0	0.0	0.0	0.0	0.0	0.0
4.02980604108	0.0	0.0	0.0	0.0	0.0	0.0	0.0	0.0	0.0	0.0	0.0	0.0	0.0
0.0	2.01490302054	0.0	0.0	0.0	0.0	0.0	0.0	0.0	0.0	0.0	0.0	0.0	0.0
0.0	0.0	0.0	0.0	0.0	0.0	0.0	0.0	0.0	0.0	0.0	2.01490302054	0.0	0.0
0.0	0.0	0.0	0.0	0.0	0.0	0.0	0.0	0.0	12.0894181233	0.0	0.0	0.0	0.0
0.0	0.0	0.0	0.0	0.0	0.0	0.0	0.0	0.0	4.02980604108	0.0	0.0	0.0	0.0
0.0	0.0	0.0	0.0	0.0	0.0	0.0	0.0	2.01490302054	0.0	0.0	0.0	0.0	0.0
0.0	0.0	0.0	0.0	0.0	2.01490302054	0.0	0.0	0.0	0.0	0.0	0.0	0.0	0.0
0.0	0.0	0.0	0.0	0.0	0.0	0.0	2.01490302054	0.0	0.0	0.0	0.0	0.0	0.0
0.0	0.0	0.0	0.0	0.0	0.0	0.0	0.0	0.0	0.0	0.0	0.0	2.01490302054	0.0
0.0	0.0	0.0	0.0	0.0	0.0	0.0	0.0	0.0	0.0	2.01490302054	0.0	0.0	0.0
0.0	0.0	0.0	0.0	0.0	0.0	0.0	2.01490302054	0.0	0.0	0.0	0.0	0.0	0.0
0.0	0.0	0.0	0.0	0.0	0.0	0.0	0.0	0.0	4.02980604108	0.0	0.0	0.0	0.0
0.0	0.0	0.0	0.0	0.0	0.0	0.0	0.0	0.0	0.0	2.01490302054	0.0	0.0	0.0
0.0	0.0	0.0	0.0	2.01490302054	0.0	0.0	0.0	0.0	0.0	0.0	0.0	0.0	0.0
0.0	0.0	0.0	0.0	0.0	0.0	0.0	0.0	0.0	2.01490302054	0.0	0.0	0.0	0.0
0.0	0.0	0.0	0.0	0.0	0.0	0.0	0.0	0.0	0.0	10.0745151027	0.0	0.0	0.0
0.0	0.0	0.0	0.0	0.0	0.0	0.0	0.0	0.0	0.0	2.01490302054	0.0	0.0	0.0
0.0	0.0	0.0	0.0	1.60943791243	1.60943791243	0.0	0.0	0.0	0.0	0.0	0.0	0.0	0.0
0.0	0.0	0.0	0.0	0.0	0.0	0.0	0.0	0.0	0.0	0.0	0.0	2.01490302054	0.0
0.0	0.0	0.0	0.0	0.0	0.0	0.0	0.0	0.0	0.0	2.01490302054	0.0	0.0	0.0
0.0	0.0	0.0	0.0	0.0	2.01490302054	0.0	0.0	0.0	0.0	0.0	0.0	0.0	0.0
2.01490302054	0.0	0.0	0.0	0.0	0.0	0.0	0.0	0.0	0.0	0.0	0.0	0.0	0.0
0.0	0.0	0.0	0.0	0.0	0.0	0.0	0.0	0.0	2.01490302054	0.0	0.0	0.0	0.0
0.0	0.0	0.0	0.0	0.0	0.0	0.0	2.01490302054	0.0	0.0	0.0	0.0	0.0	0.0
0.0	0.0	0.0	0.0	0.0	0.0	0.0	0.0	0.0	1.60943791243	0.0	0.0	3.21887582487	0.0
0.0	0.0	0.0	0.0	0.0	0.0	0.0	0.0	0.0	0.0	2.01490302054	0.0	0.0	0.0
0.0	0.0	0.0	0.0	0.0	0.0	0.0	0.0	0.0	0.0	0.0	0.0	0.0	2.01490302054
0.0	0.0	0.0	6.43775164974	0.0	0.0	6.43775164974	0.0	0.0	0.0	0.0	0.0	0.0	0.0
0.0	2.01490302054	0.0	0.0	0.0	0.0	0.0	0.0	0.0	0.0	0.0	0.0	0.0	0.0
0.0	2.01490302054	0.0	0.0	0.0	0.0	0.0	0.0	0.0	0.0	0.0	0.0	0.0	0.0
0.0	0.0	0.0	0.0	0.0	0.0	0.0	0.0	0.0	0.0	0.0	0.0	0.0	2.01490302054
0.0	0.0	0.0	0.0	0.0	0.0	0.0	2.01490302054	0.0	0.0	0.0	0.0	0.0	0.0
0.0	0.0	0.0	0.0	0.0	0.0	0.0	2.01490302054	0.0	0.0	0.0	0.0	0.0	0.0
2.01490302054	0.0	0.0	0.0	0.0	0.0	0.0	0.0	0.0	0.0	0.0	0.0	0.0	0.0
0.0	0.0	0.0	0.0	0.0	4.02980604108	0.0	0.0	0.0	0.0	0.0	0.0	0.0	0.0
0.0	0.0	0.0	0.0	0.0	0.0	0.0	0.0	0.0	0.0	2.01490302054	0.0	0.0	0.0
0.0	0.0	0.0	1.60943791243	0.0	0.0	1.60943791243	0.0	0.0	0.0	0.0	0.0	0.0	0.0
0.0	0.0	0.0	0.0	0.0	0.0	0.0	0.0	0.0	0.0	0.0	0.0	0.0	2.01490302054
0.0	0.0	0.0	0.0	0.0	0.0	0.0	0.0	0.0	0.0	0.0	0.0	0.0	2.01490302054
0.0	0.0	0.0	0.0	0.0	0.0	0.0	0.0	0.0	0.0	0.0	0.0	0.0	2.01490302054
0.0	0.0	0.0	0.0	2.01490302054	0.0	0.0	0.0	0.0	0.0	0.0	0.0	0.0	0.0
0.0	0.0	0.0	0.0	0.0	0.0	0.0	0.0	0.0	0.0	0.0	1.60943791243	1.60943791243	0.0
0.0	0.0	0.0	0.0	2.01490302054	0.0	0.0	0.0	0.0	0.0	0.0	0.0	0.0	0.0
0.0	0.0	0.0	0.0	0.0	0.0	0.0	0.0	0.0	0.0	0.0	1.60943791243	1.60943791243	0.0
0.0	0.0	0.0	0.0	0.0	0.0	0.0	0.0	2.01490302054	0.0	0.0	0.0	0.0	0.0
0.0	0.0	0.0	1.60943791243	0.0	0.0	1.60943791243	0.0	0.0	0.0	0.0	0.0	0.0	0.0
0.0	0.0	0.0	0.0	0.0	0.0	0.0	0.0	0.0	0.0	0.0	0.0	0.0	2.01490302054
0.0	0.0	0.0	0.0	0.0	0.0	0.0	0.0	2.01490302054	0.0	0.0	0.0	0.0	0.0
0.0	0.0	0.0	0.0	0.0	2.01490302054	0.0	0.0	0.0	0.0	0.0	0.0	0.0	0.0
1.60943791243	0.0	0.0	0.0	0.0	0.0	0.0	0.0	0.0	0.0	1.60943791243	0.0	0.0	0.0
0.0	0.0	0.0	0.916290731874	0.0	0.916290731874	0.916290731874	0.0	0.916290731874	0.916290731874	0.0	0.0	0.0	0.0
0.0	0.0	0.0	0.0	0.0	0.0	0.0	0.0	0.0	0.0	0.0	2.01490302054	0.0	0.0
0.0	0.0	0.405465108108	1.21639532432	0.405465108108	0.405465108108	1.21639532432	1.62186043243	0.810930216216	3.64918597297	0.0	0.0	0.405465108108	0.0
0.0	0.0	0.0	0.0	0.0	0.0	0.0	0.0	0.0	0.0	6.04470906163	0.0	0.0	0.0
0.0	0.0	0.0	1.32175583998	0.0	0.0	1.32175583998	0.0	0.0	9.25229087988	0.0	0.0	0.0	0.0
0.0	0.0	0.0	0.0	0.0	2.01490302054	0.0	0.0	0.0	0.0	0.0	0.0	0.0	0.0
0.0	0.0	2.01490302054	0.0	0.0	0.0	0.0	0.0	0.0	0.0	0.0	0.0	0.0	0.0
0.0	0.0	0.0	0.0	0.0	0.0	0.0	0.0	0.0	0.0	0.0	0.0	0.0	2.01490302054
0.0	0.0	0.0	1.60943791243	0.0	0.0	1.60943791243	0.0	0.0	0.0	0.0	0.0	0.0	0.0
0.0	0.0	2.01490302054	0.0	0.0	0.0	0.0	0.0	0.0	0.0	0.0	0.0	0.0	0.0
0.0	0.0	0.0	0.0	0.0	2.01490302054	0.0	0.0	0.0	0.0	0.0	0.0	0.0	0.0
0.0	0.0	2.01490302054	0.0	0.0	0.0	0.0	0.0	0.0	0.0	0.0	0.0	0.0	0.0
0.0	0.0	0.0	0.0	0.0	2.01490302054	0.0	0.0	0.0	0.0	0.0	0.0	0.0	0.0
0.0	0.0	0.0	0.0	0.0	1.60943791243	0.0	0.0	0.0	0.0	0.0	1.60943791243	0.0	0.0
0.0	0.0	0.0	0.0	0.0	0.0	0.0	0.0	0.0	0.0	0.0	1.60943791243	1.60943791243	0.0
0.0	0.0	0.0	0.0	0.0	2.01490302054	0.0	0.0	0.0	0.0	0.0	0.0	0.0	0.0
0.0	0.0	0.0	0.0	0.0	0.0	0.0	0.0	0.0	0.0	0.0	0.0	0.0	6.04470906163
0.628608659422	0.0	0.0	4.40026061596	0.0	0.628608659422	4.40026061596	0.0	0.0	2.51443463769	0.0	0.628608659422	0.0	0.628608659422
0.0	0.0	0.0	0.0	0.0	0.0	0.0	0.0	2.01490302054	0.0	0.0	0.0	0.0	0.0
0.0	0.0	0.0	0.0	0.0	0.0	0.0	0.0	1.60943791243	0.0	1.60943791243	0.0	0.0	0.0
2.01490302054	0.0	0.0	0.0	0.0	0.0	0.0	0.0	0.0	0.0	0.0	0.0	0.0	0.0
0.0	2.01490302054	0.0	0.0	0.0	0.0	0.0	0.0	0.0	0.0	0.0	0.0	0.0	0.0
0.0	0.0	0.0	0.0	0.0	0.0	0.0	0.0	0.0	2.01490302054	0.0	0.0	0.0	0.0
2.01490302054	0.0	0.0	0.0	0.0	0.0	0.0	0.0	0.0	0.0	0.0	0.0	0.0	0.0
0.0	0.0	0.0	0.0	0.0	0.0	0.0	0.0	0.0	0.0	0.0	0.0	0.0	2.01490302054
0.0	0.0	0.0	0.0	0.0	0.0	0.0	0.0	0.0	0.0	0.0	2.01490302054	0.0	0.0
0.0	0.0	0.0	0.0	1.32175583998	2.64351167996	0.0	1.32175583998	0.0	0.0	0.0	0.0	0.0	0.0
0.0	0.0	0.0	1.60943791243	0.0	0.0	1.60943791243	0.0	0.0	0.0	0.0	0.0	0.0	0.0
0.0	0.0	0.0	0.0	0.0	0.0	0.0	0.0	0.0	0.0	0.0	0.0	0.0	2.01490302054
0.0	0.0	0.0	0.0	0.0	2.01490302054	0.0	0.0	0.0	0.0	0.0	0.0	0.0	0.0
0.0	0.0	0.0	1.60943791243	0.0	0.0	1.60943791243	0.0	0.0	0.0	0.0	0.0	0.0	0.0
0.0	0.0	0.0	0.0	0.0	0.0	0.0	0.0	0.0	0.0	0.0	0.0	0.0	2.01490302054
0.0	0.0	0.0	0.0	0.0	0.0	0.0	2.01490302054	0.0	0.0	0.0	0.0	0.0	0.0
0.0	0.0	0.0	0.0	2.01490302054	0.0	0.0	0.0	0.0	0.0	0.0	0.0	0.0	0.0
0.0	0.0	0.0	1.60943791243	0.0	0.0	1.60943791243	0.0	0.0	0.0	0.0	0.0	0.0	0.0
0.0	0.0	0.0	0.0	0.0	0.0	0.0	0.0	0.0	0.0	2.01490302054	0.0	0.0	0.0
0.0	0.0	0.0	0.0	0.0	0.0	0.0	0.0	0.0	0.0	0.0	0.0	2.01490302054	0.0
0.0	0.0	2.19722457734	1.09861228867	0.0	0.0	1.09861228867	0.0	0.0	1.09861228867	0.0	0.0	0.0	0.0
0.0	0.0	0.0	0.0	0.0	0.0	0.0	0.0	0.0	2.01490302054	0.0	0.0	0.0	0.0
0.0	0.0	0.0	0.0	0.0	0.0	0.0	0.0	0.0	0.0	2.01490302054	0.0	0.0	0.0
0.0	0.0	0.0	0.0	0.0	0.0	0.0	0.0	0.0	2.01490302054	0.0	0.0	0.0	0.0
0.0	0.0	0.0	0.0	0.0	0.0	0.0	0.0	0.0	0.0	2.01490302054	0.0	0.0	0.0
0.0	0.0	0.0	0.0	0.0	1.60943791243	0.0	0.0	0.0	1.60943791243	0.0	0.0	0.0	0.0
0.0	0.0	2.64351167996	0.0	2.64351167996	0.0	0.0	0.0	1.32175583998	0.0	0.0	0.0	0.0	0.0
0.0	0.0	0.0	0.0	0.0	0.0	0.0	0.0	0.0	2.01490302054	0.0	0.0	0.0	0.0
0.0	0.0	2.01490302054	0.0	0.0	0.0	0.0	0.0	0.0	0.0	0.0	0.0	0.0	0.0
0.0	0.0	0.0	0.0	0.0	1.60943791243	0.0	0.0	0.0	0.0	1.60943791243	0.0	0.0	0.0
0.0	0.0	0.0	0.0	0.0	0.0	0.0	0.0	2.01490302054	0.0	0.0	0.0	0.0	0.0
0.0	0.0	0.0	0.0	0.0	2.01490302054	0.0	0.0	0.0	0.0	0.0	0.0	0.0	0.0
0.0	0.0	0.0	3.21887582487	0.0	0.0	3.21887582487	0.0	0.0	0.0	0.0	0.0	0.0	0.0
0.0	0.0	0.0	0.0	0.0	0.0	0.0	0.0	2.01490302054	0.0	0.0	0.0	0.0	0.0
0.0	0.0	0.0	0.0	0.0	0.0	0.0	0.0	2.01490302054	0.0	0.0	0.0	0.0	0.0
0.0	0.0	0.0	0.0	4.02980604108	0.0	0.0	0.0	0.0	0.0	0.0	0.0	0.0	0.0
0.0	0.0	0.0	0.0	0.0	0.0	0.0	0.0	0.0	2.01490302054	0.0	0.0	0.0	0.0
0.0	2.01490302054	0.0	0.0	0.0	0.0	0.0	0.0	0.0	0.0	0.0	0.0	0.0	0.0
0.0	1.60943791243	0.0	0.0	0.0	0.0	0.0	0.0	0.0	0.0	0.0	0.0	0.0	3.21887582487
0.0	0.0	2.01490302054	0.0	0.0	0.0	0.0	0.0	0.0	0.0	0.0	0.0	0.0	0.0
0.0	0.0	0.0	0.0	0.0	2.01490302054	0.0	0.0	0.0	0.0	0.0	0.0	0.0	0.0
0.0	0.0	0.0	0.0	0.0	0.0	0.0	0.0	0.0	0.0	0.0	0.0	2.01490302054	0.0
0.0	0.0	0.0	0.0	0.0	0.0	0.0	0.0	0.0	0.0	0.0	0.0	0.0	2.01490302054
0.0	0.0	0.0	0.0	0.0	0.0	0.0	0.0	0.0	0.0	0.0	0.0	0.0	4.02980604108
0.0	0.0	0.0	0.0	2.01490302054	0.0	0.0	0.0	0.0	0.0	0.0	0.0	0.0	0.0
0.0	0.0	0.0	0.0	4.8283137373	1.60943791243	0.0	0.0	0.0	0.0	0.0	0.0	0.0	0.0
0.0	0.0	0.0	0.0	0.0	0.0	0.0	0.0	0.0	0.0	0.0	0.0	2.01490302054	0.0
0.0	0.0	0.0	0.0	0.0	0.0	0.0	0.0	0.0	0.0	2.01490302054	0.0	0.0	0.0
0.0	0.0	0.0	0.0	0.0	0.0	0.0	0.0	0.0	0.0	2.01490302054	0.0	0.0	0.0
0.0	4.02980604108	0.0	0.0	0.0	0.0	0.0	0.0	0.0	0.0	0.0	0.0	0.0	0.0
0.0	0.0	0.0	0.0	0.0	0.0	0.0	0.0	0.0	0.0	0.0	0.0	2.01490302054	0.0
0.0	0.0	0.0	0.0	0.0	0.0	0.0	0.0	0.0	2.01490302054	0.0	0.0	0.0	0.0
0.0	8.05961208217	0.0	0.0	0.0	0.0	0.0	0.0	0.0	0.0	0.0	0.0	0.0	0.0
0.0	0.0	0.0	0.0	0.0	0.0	0.0	0.0	0.0	1.09861228867	2.19722457734	2.19722457734	1.09861228867	0.0
0.0	0.0	0.0	0.0	0.0	0.0	0.0	0.0	2.01490302054	0.0	0.0	0.0	0.0	0.0
0.0	0.0	0.0	0.0	0.0	2.01490302054	0.0	0.0	0.0	0.0	0.0	0.0	0.0	0.0
0.0	0.0	0.0	0.0	0.0	0.0	0.0	0.0	0.0	4.02980604108	0.0	0.0	0.0	0.0
0.0	0.0	0.0	0.0	1.09861228867	1.09861228867	0.0	0.0	0.0	1.09861228867	0.0	0.0	1.09861228867	0.0
0.0	0.0	0.0	0.0	0.0	0.0	0.0	0.0	0.0	2.01490302054	0.0	0.0	0.0	0.0
0.0	0.0	0.0	0.0	0.0	0.0	0.0	0.0	0.0	0.0	0.0	0.0	0.0	2.01490302054
