1.70474809224	0.0	0.0	0.0	0.0	0.0	0.0	0.0	0.0	0.0
0.0	0.0	1.70474809224	0.0	0.0	0.0	0.0	0.0	0.0	0.0
0.0	0.0	0.0	0.0	0.0	0.0	0.0	0.0	0.0	1.70474809224
0.0	0.0	0.0	0.0	0.0	0.0	0.0	0.0	1.70474809224	0.0
0.0	0.0	0.0	1.01160091168	1.01160091168	1.01160091168	0.0	0.0	0.0	0.0
0.0	0.0	0.0	0.0	0.0	0.0	0.0	0.0	0.0	3.40949618448
0.0	0.0	0.0	1.70474809224	0.0	0.0	0.0	0.0	0.0	0.0
0.0	0.0	0.0	0.0	0.0	1.70474809224	0.0	0.0	0.0	0.0
3.40949618448	0.0	0.0	0.0	0.0	0.0	0.0	0.0	0.0	0.0
6.81899236895	0.0	0.0	0.0	0.0	0.0	0.0	0.0	0.0	0.0
0.0	0.0	0.0	0.0	0.0	0.0	0.0	0.0	1.70474809224	0.0
0.0	1.70474809224	0.0	0.0	0.0	0.0	0.0	0.0	0.0	0.0
0.0	0.0	0.0	0.0	0.0	0.0	0.0	0.0	1.70474809224	0.0
0.0	0.0	0.0	0.0	0.0	0.0	2.02320182336	2.02320182336	1.01160091168	0.0
0.0	0.0	0.0	0.0	0.0	0.0	0.0	0.0	6.81899236895	0.0
0.0	0.0	0.0	0.0	1.70474809224	0.0	0.0	0.0	0.0	0.0
0.0	0.0	2.02320182336	1.01160091168	2.02320182336	0.0	0.0	0.0	0.0	0.0
0.0	0.0	0.0	0.0	0.0	0.0	0.0	0.0	1.70474809224	0.0
0.0	0.0	0.0	0.0	0.0	0.0	1.70474809224	0.0	0.0	0.0
1.70474809224	0.0	0.0	0.0	0.0	0.0	0.0	0.0	0.0	0.0
0.0	0.0	1.70474809224	0.0	0.0	0.0	0.0	0.0	0.0	0.0
0.0	0.0	0.0	0.0	0.0	0.0	0.0	1.70474809224	0.0	0.0
1.70474809224	0.0	0.0	0.0	0.0	0.0	0.0	0.0	0.0	0.0
0.0	0.0	0.0	0.0	0.0	0.0	0.0	0.0	1.70474809224	0.0
3.63681482142	0.0	0.0	0.60613580357	0.60613580357	0.60613580357	0.0	0.0	0.0	0.60613580357
0.0	0.0	0.0	1.01160091168	1.01160091168	1.01160091168	0.0	0.0	0.0	0.0
0.0	0.0	0.0	0.0	0.0	0.0	0.0	0.0	0.0	1.70474809224
0.0	0.0	1.70474809224	0.0	0.0	0.0	0.0	0.0	0.0	0.0
0.0	0.0	0.0	0.0	1.70474809224	0.0	0.0	0.0	0.0	0.0
0.0	0.0	1.01160091168	1.01160091168	0.0	0.0	0.0	0.0	1.01160091168	0.0
0.0	0.0	0.0	0.0	0.0	0.0	0.0	0.0	0.0	1.70474809224
0.0	0.0	0.0	0.0	0.0	1.29928298413	1.29928298413	0.0	0.0	0.0
0.0	0.0	0.0	0.0	0.0	0.0	0.0	1.70474809224	0.0	0.0
0.0	0.0	1.70474809224	0.0	0.0	0.0	0.0	0.0	0.0	0.0
1.70474809224	0.0	0.0	0.0	0.0	0.0	0.0	0.0	0.0	0.0
0.0	0.0	0.0	0.0	0.0	0.0	0.0	0.0	1.70474809224	0.0
0.0	0.0	0.0	0.0	1.70474809224	0.0	0.0	0.0	0.0	0.0
0.0	0.0	0.0	0.0	0.0	0.0	0.0	0.0	0.0	1.70474809224
0.0	0.0	0.0	1.01160091168	6.06960547007	0.0	0.0	1.01160091168	0.0	0.0
0.0	3.40949618448	0.0	0.0	0.0	0.0	0.0	0.0	0.0	0.0
0.0	0.0	0.0	0.0	1.70474809224	0.0	0.0	0.0	0.0	0.0
0.0	1.70474809224	0.0	0.0	0.0	0.0	0.0	0.0	0.0	0.0
0.0	0.0	0.0	0.0	0.0	0.0	0.0	0.0	1.70474809224	0.0
0.0	0.0	0.0	0.0	0.0	0.0	0.0	1.70474809224	0.0	0.0
0.0	0.0	0.0	0.0	0.0	0.0	0.0	0.0	1.70474809224	0.0
0.0	0.0	0.0	0.0	0.0	1.70474809224	0.0	0.0	0.0	0.0
0.0	0.0	0.0	0.0	0.0	0.0	0.0	0.0	1.70474809224	0.0
0.0	0.0	0.0	0.0	0.0	0.0	0.0	0.0	0.0	1.70474809224
0.0	0.0	0.0	0.0	0.0	1.70474809224	0.0	0.0	0.0	0.0
0.0	0.0	5.11424427672	0.0	0.0	0.0	0.0	0.0	0.0	0.0
0.0	0.0	0.0	0.0	0.0	0.0	0.0	1.70474809224	0.0	0.0
0.0	0.0	0.0	0.0	0.0	0.0	0.0	1.70474809224	0.0	0.0
0.0	0.0	0.0	0.0	0.0	1.70474809224	0.0	0.0	0.0	0.0
0.0	0.0	0.0	0.0	0.0	0.0	0.0	1.70474809224	0.0	0.0
0.0	0.0	0.0	0.0	0.0	0.0	1.70474809224	0.0	0.0	0.0
0.0	0.0	0.0	0.0	0.0	0.0	0.0	0.0	0.0	1.70474809224
0.0	0.0	0.0	0.0	0.0	1.70474809224	0.0	0.0	0.0	0.0
0.0	0.0	0.0	0.0	0.0	1.70474809224	0.0	0.0	0.0	0.0
0.0	0.0	0.0	0.0	0.0	0.0	0.0	0.0	0.0	6.81899236895
0.788457360364	0.0	3.15382944146	0.0	0.788457360364	0.0	0.0	0.0	1.57691472073	0.0
0.0	0.0	0.0	0.0	1.70474809224	0.0	0.0	0.0	0.0	0.0
0.0	0.0	0.0	0.0	1.70474809224	0.0	0.0	0.0	0.0	0.0
0.0	0.0	0.0	0.0	0.0	0.0	0.0	0.0	3.40949618448	0.0
1.29928298413	0.0	1.29928298413	0.0	0.0	0.0	0.0	0.0	0.0	0.0
0.0	0.0	0.0	0.0	0.0	0.0	1.70474809224	0.0	0.0	0.0
0.0	0.0	0.0	1.29928298413	1.29928298413	0.0	0.0	0.0	0.0	0.0
0.0	0.0	0.0	0.0	0.0	0.0	0.0	0.0	0.0	1.70474809224
0.0	0.0	0.0	0.0	1.70474809224	0.0	0.0	0.0	0.0	0.0
0.0	0.0	0.0	0.0	0.0	0.0	0.0	0.0	1.70474809224	0.0
0.0	0.0	1.70474809224	0.0	0.0	0.0	0.0	0.0	0.0	0.0
0.0	0.0	0.0	0.0	0.0	0.0	0.0	0.0	0.0	6.81899236895
0.0	0.0	0.0	0.0	1.70474809224	0.0	0.0	0.0	0.0	0.0
0.0	0.0	0.0	1.70474809224	0.0	0.0	0.0	0.0	0.0	0.0
0.0	0.0	0.0	0.0	3.40949618448	0.0	0.0	0.0	0.0	0.0
0.0	0.0	0.0	0.0	0.0	0.0	0.0	0.0	0.0	1.70474809224
0.0	0.0	1.70474809224	0.0	0.0	0.0	0.0	0.0	0.0	0.0
0.0	0.0	0.0	0.0	0.0	0.0	0.0	0.0	0.0	1.70474809224
0.0	0.0	0.0	0.0	0.0	0.0	0.0	1.70474809224	0.0	0.0
0.0	0.0	0.0	0.0	0.788457360364	0.788457360364	0.0	0.788457360364	0.788457360364	0.0
0.0	0.0	0.0	0.0	1.70474809224	0.0	0.0	0.0	0.0	0.0
0.0	0.0	0.0	0.0	0.0	0.0	0.0	0.0	0.0	1.70474809224
1.29928298413	0.0	0.0	0.0	1.29928298413	0.0	0.0	0.0	0.0	0.0
0.0	0.60613580357	1.21227160714	2.42454321428	3.03067901785	0.0	0.0	0.60613580357	0.0	0.0
0.0	0.0	0.0	0.0	0.0	0.0	0.0	1.70474809224	0.0	0.0
0.0	0.0	0.0	0.0	0.0	1.29928298413	0.0	0.0	0.0	1.29928298413
1.29928298413	0.0	0.0	0.0	0.0	0.0	0.0	0.0	0.0	2.59856596826
0.0	0.0	0.0	0.0	0.0	1.70474809224	0.0	0.0	0.0	0.0
0.0	0.0	0.0	0.0	0.0	0.0	0.0	0.0	5.11424427672	0.0
0.0	0.0	0.0	0.0	0.0	0.0	3.40949618448	0.0	0.0	0.0
0.0	0.0	0.0	0.0	0.0	0.0	0.0	0.0	0.0	1.70474809224
1.70474809224	0.0	0.0	0.0	0.0	0.0	0.0	0.0	0.0	0.0
0.0	1.70474809224	0.0	0.0	0.0	0.0	0.0	0.0	0.0	0.0
0.0	0.0	0.0	0.0	0.0	0.0	0.0	0.0	0.0	1.70474809224
0.0	0.0	0.0	0.0	0.0	0.0	0.0	0.0	0.0	1.70474809224
1.70474809224	0.0	0.0	0.0	0.0	0.0	0.0	0.0	0.0	0.0
0.0	0.0	1.29928298413	0.0	0.0	0.0	1.29928298413	0.0	0.0	0.0
0.0	0.0	0.0	0.0	0.0	0.0	0.0	0.0	1.70474809224	0.0
0.0	0.0	0.0	0.0	0.0	0.0	0.0	0.0	1.70474809224	0.0
0.0	0.0	0.0	0.0	0.0	1.70474809224	0.0	0.0	0.0	0.0
0.0	0.0	0.0	0.0	0.0	0.0	0.0	0.0	1.70474809224	0.0
0.0	0.0	0.0	0.0	0.0	0.0	0.0	0.0	1.70474809224	0.0
0.0	0.0	0.0	0.0	0.0	0.0	0.0	0.0	0.0	1.70474809224
1.70474809224	0.0	0.0	0.0	0.0	0.0	0.0	0.0	0.0	0.0
1.70474809224	0.0	0.0	0.0	0.0	0.0	0.0	0.0	0.0	0.0
1.01160091168	0.0	4.04640364671	0.0	0.0	0.0	0.0	0.0	0.0	2.02320182336
5.11424427672	0.0	0.0	0.0	0.0	0.0	0.0	0.0	0.0	0.0
0.0	0.0	0.0	0.0	0.0	0.0	0.0	0.0	0.0	1.70474809224
0.0	0.0	1.70474809224	0.0	0.0	0.0	0.0	0.0	0.0	0.0
0.0	0.0	0.0	0.0	0.0	0.0	0.0	0.0	1.70474809224	0.0
0.0	0.0	0.0	0.0	0.0	3.40949618448	0.0	0.0	0.0	0.0
0.0	0.0	0.0	0.0	0.0	0.0	0.0	1.70474809224	0.0	0.0
0.0	0.0	0.0	0.0	2.59856596826	0.0	0.0	0.0	2.59856596826	0.0
0.0	0.0	0.0	0.0	0.0	0.0	1.70474809224	0.0	0.0	0.0
0.0	0.0	0.0	0.0	0.0	0.0	0.0	0.0	1.70474809224	0.0
0.0	0.0	0.0	0.0	0.0	0.0	1.70474809224	0.0	0.0	0.0
0.0	0.0	0.0	0.0	0.0	1.70474809224	0.0	0.0	0.0	0.0
0.0	0.0	0.0	0.0	0.0	0.0	0.0	0.0	3.40949618448	0.0
0.0	0.0	0.0	0.0	0.0	0.0	1.70474809224	0.0	0.0	0.0
0.0	1.29928298413	0.0	0.0	2.59856596826	0.0	0.0	0.0	0.0	0.0
3.40949618448	0.0	0.0	0.0	0.0	0.0	0.0	0.0	0.0	0.0
0.0	0.0	0.0	1.29928298413	1.29928298413	0.0	0.0	0.0	0.0	0.0
0.0	0.0	0.0	0.0	0.0	0.0	0.0	0.0	1.70474809224	0.0
0.0	0.0	0.0	0.0	0.0	0.0	0.0	0.0	1.70474809224	0.0
0.0	0.0	0.0	0.0	0.0	1.70474809224	0.0	0.0	0.0	0.0
0.0	1.29928298413	0.0	0.0	1.29928298413	0.0	0.0	0.0	0.0	0.0
0.0	0.0	0.0	0.0	0.0	1.70474809224	0.0	0.0	0.0	0.0
0.0	0.0	1.70474809224	0.0	0.0	0.0	0.0	0.0	0.0	0.0
5.19713193652	0.0	1.29928298413	0.0	0.0	0.0	0.0	0.0	0.0	0.0
0.0	0.0	0.0	0.0	1.29928298413	0.0	0.0	0.0	0.0	3.89784895239
0.60613580357	0.0	0.60613580357	0.0	0.0	0.0	0.0	0.60613580357	0.60613580357	0.60613580357
1.70474809224	0.0	0.0	0.0	0.0	0.0	0.0	0.0	0.0	0.0
0.0	1.29928298413	0.0	1.29928298413	0.0	0.0	0.0	0.0	0.0	0.0
0.0	0.0	0.0	0.0	0.0	0.0	0.0	0.0	1.70474809224	0.0
0.0	0.0	1.70474809224	0.0	0.0	0.0	0.0	0.0	0.0	0.0
0.0	0.0	0.0	0.0	0.0	1.70474809224	0.0	0.0	0.0	0.0
0.0	0.0	0.0	0.0	0.0	1.70474809224	0.0	0.0	0.0	0.0
0.0	0.0	3.40949618448	0.0	0.0	0.0	0.0	0.0	0.0	0.0
0.0	0.0	0.0	0.0	0.0	0.0	0.0	1.70474809224	0.0	0.0
0.0	1.70474809224	0.0	0.0	0.0	0.0	0.0	0.0	0.0	0.0
0.0	0.0	0.0	0.0	0.0	0.0	0.0	0.0	1.70474809224	0.0
0.0	0.0	0.0	0.0	0.0	1.70474809224	0.0	0.0	0.0	0.0
1.70474809224	0.0	0.0	0.0	0.0	0.0	0.0	0.0	0.0	0.0
0.0	0.0	0.0	0.0	1.70474809224	0.0	0.0	0.0	0.0	0.0
0.0	0.0	1.70474809224	0.0	0.0	0.0	0.0	0.0	0.0	0.0
0.0	0.0	0.0	0.0	0.0	0.0	0.0	0.0	0.0	1.70474809224
0.0	0.0	0.0	0.0	0.0	1.70474809224	0.0	0.0	0.0	0.0
0.0	0.0	0.0	0.0	1.70474809224	0.0	0.0	0.0	0.0	0.0
0.0	0.0	1.70474809224	0.0	0.0	0.0	0.0	0.0	0.0	0.0
0.0	0.0	0.0	0.0	0.0	1.70474809224	0.0	0.0	0.0	0.0
0.0	0.0	0.0	0.0	0.0	0.0	0.0	1.70474809224	0.0	0.0
0.0	0.0	0.0	0.0	0.0	0.0	0.0	1.70474809224	0.0	0.0
0.0	0.0	1.70474809224	0.0	0.0	0.0	0.0	0.0	0.0	0.0
0.0	0.0	1.70474809224	0.0	0.0	0.0	0.0	0.0	0.0	0.0
1.70474809224	0.0	0.0	0.0	0.0	0.0	0.0	0.0	0.0	0.0
0.0	0.0	0.0	0.0	0.0	0.0	0.0	0.0	1.70474809224	0.0
0.0	0.0	0.0	0.0	0.0	1.70474809224	0.0	0.0	0.0	0.0
0.0	0.0	0.0	0.0	0.0	1.70474809224	0.0	0.0	0.0	0.0
1.70474809224	0.0	0.0	0.0	0.0	0.0	0.0	0.0	0.0	0.0
1.29928298413	0.0	0.0	0.0	0.0	1.29928298413	0.0	0.0	0.0	0.0
0.0	0.0	0.0	0.0	0.0	0.0	1.70474809224	0.0	0.0	0.0
0.0	0.0	0.0	1.01160091168	1.01160091168	0.0	0.0	1.01160091168	0.0	0.0
0.0	0.0	0.0	0.0	0.0	0.0	0.0	0.0	0.0	1.70474809224
0.0	0.0	1.70474809224	0.0	0.0	0.0	0.0	0.0	0.0	0.0
0.0	0.0	1.70474809224	0.0	0.0	0.0	0.0	0.0	0.0	0.0
0.0	0.0	1.29928298413	0.0	5.19713193652	0.0	0.0	0.0	0.0	0.0
0.0	0.0	0.0	0.0	0.0	0.0	0.0	1.70474809224	0.0	0.0
0.0	0.0	0.0	0.0	0.0	0.0	0.0	1.70474809224	0.0	0.0
0.0	5.11424427672	0.0	0.0	0.0	0.0	0.0	0.0	0.0	0.0
0.0	0.0	1.70474809224	0.0	0.0	0.0	0.0	0.0	0.0	0.0
1.70474809224	0.0	0.0	0.0	0.0	0.0	0.0	0.0	0.0	0.0
0.0	1.70474809224	0.0	0.0	0.0	0.0	0.0	0.0	0.0	0.0
1.29928298413	0.0	0.0	0.0	0.0	0.0	5.19713193652	0.0	0.0	0.0
0.0	0.0	0.0	0.0	0.0	0.0	3.40949618448	0.0	0.0	0.0
0.0	0.0	0.0	0.0	0.0	0.0	0.0	0.0	0.0	1.70474809224
0.0	1.70474809224	0.0	0.0	0.0	0.0	0.0	0.0	0.0	0.0
0.0	0.0	0.0	0.0	0.0	0.0	0.0	0.0	3.40949618448	0.0
0.0	0.0	0.0	1.29928298413	1.29928298413	0.0	0.0	0.0	0.0	0.0
0.0	0.0	0.0	0.0	1.70474809224	0.0	0.0	0.0	0.0	0.0
0.0	0.0	0.0	1.01160091168	2.02320182336	0.0	0.0	0.0	0.0	1.01160091168
0.0	0.0	0.0	1.29928298413	1.29928298413	0.0	0.0	0.0	0.0	0.0
0.0	0.0	0.0	0.0	0.0	0.0	0.0	0.0	1.70474809224	0.0
0.0	0.0	0.0	0.0	0.0	0.0	1.70474809224	0.0	0.0	0.0
0.0	0.0	0.0	0.0	0.0	0.0	0.0	1.70474809224	0.0	0.0
0.0	0.0	0.0	0.0	0.0	0.0	0.0	0.0	1.70474809224	0.0
0.0	0.0	2.59856596826	0.0	0.0	0.0	1.29928298413	0.0	0.0	0.0
1.70474809224	0.0	0.0	0.0	0.0	0.0	0.0	0.0	0.0	0.0
0.0	0.0	1.70474809224	0.0	0.0	0.0	0.0	0.0	0.0	0.0
0.0	0.0	0.0	0.0	0.0	1.70474809224	0.0	0.0	0.0	0.0
0.955361193356	0.636907462237	0.0	0.636907462237	0.318453731119	0.955361193356	0.0	0.318453731119	0.318453731119	0.0
1.70474809224	0.0	0.0	0.0	0.0	0.0	0.0	0.0	0.0	0.0
1.70474809224	0.0	0.0	0.0	0.0	0.0	0.0	0.0	0.0	0.0
1.70474809224	0.0	0.0	0.0	0.0	0.0	0.0	0.0	0.0	0.0
1.70474809224	0.0	0.0	0.0	0.0	0.0	0.0	0.0	0.0	0.0
0.0	0.0	0.0	0.0	0.0	1.70474809224	0.0	0.0	0.0	0.0
0.0	0.0	0.0	0.0	0.0	0.0	0.0	0.0	0.0	1.70474809224
1.70474809224	0.0	0.0	0.0	0.0	0.0	0.0	0.0	0.0	0.0
0.0	0.0	1.29928298413	0.0	0.0	0.0	0.0	1.29928298413	0.0	0.0
0.0	0.0	0.0	0.0	0.0	0.0	1.70474809224	0.0	0.0	0.0
0.0	0.0	3.40949618448	0.0	0.0	0.0	0.0	0.0	0.0	0.0
0.0	0.0	1.70474809224	0.0	0.0	0.0	0.0	0.0	0.0	0.0
0.0	0.0	0.0	1.70474809224	0.0	0.0	0.0	0.0	0.0	0.0
0.0	0.0	0.0	0.0	0.0	0.0	0.0	0.0	0.0	1.70474809224
0.0	0.0	0.0	0.0	1.70474809224	0.0	0.0	0.0	0.0	0.0
0.0	0.0	3.03480273504	0.0	1.01160091168	0.0	0.0	2.02320182336	0.0	0.0
0.0	0.0	0.0	0.0	0.0	0.0	0.0	0.0	0.0	1.70474809224
0.0	0.0	0.0	0.0	0.0	0.0	0.0	0.0	0.0	11.9332366457
0.0	0.0	0.0	0.0	0.0	0.0	0.0	0.0	0.0	1.70474809224
0.0	0.0	0.0	0.0	0.0	0.0	0.0	0.0	1.70474809224	0.0
0.0	0.0	1.70474809224	0.0	0.0	0.0	0.0	0.0	0.0	0.0
0.0	0.0	0.0	0.0	3.40949618448	0.0	0.0	0.0	0.0	0.0
0.0	0.0	1.29928298413	0.0	0.0	2.59856596826	0.0	0.0	0.0	0.0
0.0	0.0	0.0	0.0	0.0	1.70474809224	0.0	0.0	0.0	0.0
0.0	0.0	0.0	0.0	0.0	0.0	0.0	0.0	0.0	3.40949618448
0.0	0.0	0.0	0.0	0.0	0.0	1.70474809224	0.0	0.0	0.0
1.70474809224	0.0	0.0	0.0	0.0	0.0	0.0	0.0	0.0	0.0
0.0	0.0	1.70474809224	0.0	0.0	0.0	0.0	0.0	0.0	0.0
0.0	0.0	1.70474809224	0.0	0.0	0.0	0.0	0.0	0.0	0.0
0.0	0.0	1.70474809224	0.0	0.0	0.0	0.0	0.0	0.0	0.0
0.0	0.0	0.0	0.0	0.0	0.0	1.70474809224	0.0	0.0	0.0
0.0	1.70474809224	0.0	0.0	0.0	0.0	0.0	0.0	0.0	0.0
0.0	0.0	0.0	0.0	0.0	0.0	0.0	0.0	0.0	3.40949618448
0.0	0.0	0.0	1.29928298413	1.29928298413	0.0	0.0	0.0	0.0	0.0
0.0	1.70474809224	0.0	0.0	0.0	0.0	0.0	0.0	0.0	0.0
0.0	1.29928298413	0.0	1.29928298413	0.0	0.0	0.0	0.0	0.0	0.0
0.0	0.0	0.0	0.0	0.0	1.70474809224	0.0	0.0	0.0	0.0
0.0	0.0	1.29928298413	0.0	0.0	0.0	0.0	0.0	0.0	1.29928298413
0.0	0.0	0.0	0.0	0.0	0.0	0.0	0.0	0.0	1.70474809224
0.0	0.0	0.0	0.0	0.0	1.70474809224	0.0	0.0	0.0	0.0
5.11424427672	0.0	0.0	0.0	0.0	0.0	0.0	0.0	0.0	0.0
0.0	0.0	0.0	0.0	1.29928298413	0.0	0.0	0.0	1.29928298413	0.0
0.0	0.0	0.0	0.0	0.0	1.70474809224	0.0	0.0	0.0	0.0
0.0	0.0	0.0	0.0	0.0	0.0	1.70474809224	0.0	0.0	0.0
0.0	0.0	0.0	0.0	0.0	1.70474809224	0.0	0.0	0.0	0.0
1.70474809224	0.0	0.0	0.0	0.0	0.0	0.0	0.0	0.0	0.0
0.0	0.0	0.0	0.0	1.70474809224	0.0	0.0	0.0	0.0	0.0
0.0	0.0	0.0	0.0	1.70474809224	0.0	0.0	0.0	0.0	0.0
0.0	1.21227160714	1.81840741071	1.21227160714	0.60613580357	0.0	0.60613580357	0.0	0.0	0.0
1.70474809224	0.0	0.0	0.0	0.0	0.0	0.0	0.0	0.0	0.0
0.0	0.0	0.0	0.0	0.0	0.0	0.0	0.0	1.29928298413	2.59856596826
0.0	0.0	0.0	0.0	1.70474809224	0.0	0.0	0.0	0.0	0.0
1.70474809224	0.0	0.0	0.0	0.0	0.0	0.0	0.0	0.0	0.0
0.0	0.0	0.0	0.0	0.0	0.0	0.0	0.0	1.70474809224	0.0
1.70474809224	0.0	0.0	0.0	0.0	0.0	0.0	0.0	0.0	0.0
2.59856596826	0.0	0.0	0.0	0.0	1.29928298413	0.0	0.0	0.0	0.0
0.0	0.0	1.70474809224	0.0	0.0	0.0	0.0	0.0	0.0	0.0
0.0	0.0	0.0	0.0	0.0	0.0	0.0	0.0	3.40949618448	0.0
0.0	0.0	1.70474809224	0.0	0.0	0.0	0.0	0.0	0.0	0.0
0.0	0.0	0.0	0.0	0.0	0.0	0.0	0.0	1.70474809224	0.0
0.0	0.0	0.0	0.0	0.0	0.0	0.0	1.70474809224	0.0	0.0
1.70474809224	0.0	0.0	0.0	0.0	0.0	0.0	0.0	0.0	0.0
0.0	0.0	1.70474809224	0.0	0.0	0.0	0.0	0.0	0.0	0.0
0.0	0.0	0.0	0.0	0.0	0.0	0.0	1.70474809224	0.0	0.0
0.0	0.0	0.0	0.0	0.0	0.0	0.0	0.0	0.0	3.40949618448
0.0	0.0	0.0	0.0	0.0	0.0	6.81899236895	0.0	0.0	0.0
0.0	0.0	0.0	0.0	0.0	0.0	0.0	0.0	0.0	1.70474809224
0.0	0.0	0.0	0.0	0.0	1.70474809224	0.0	0.0	0.0	0.0
0.0	0.0	1.70474809224	0.0	0.0	0.0	0.0	0.0	0.0	0.0
0.0	0.0	0.0	1.29928298413	1.29928298413	0.0	0.0	0.0	0.0	0.0
0.0	0.0	0.0	0.0	0.0	0.0	0.0	0.0	1.70474809224	0.0
0.0	0.0	0.0	0.0	0.0	0.0	0.0	0.0	1.70474809224	0.0
0.0	0.0	0.0	0.0	1.70474809224	0.0	0.0	0.0	0.0	0.0
0.0	0.0	0.0	0.0	0.0	0.0	0.0	0.0	0.0	1.70474809224
0.0	0.0	0.0	0.0	0.0	0.0	0.0	0.0	1.70474809224	0.0
0.0	0.0	1.29928298413	0.0	1.29928298413	0.0	0.0	0.0	0.0	0.0
0.0	0.0	0.0	0.0	0.0	1.70474809224	0.0	0.0	0.0	0.0
1.70474809224	0.0	0.0	0.0	0.0	0.0	0.0	0.0	0.0	0.0
0.0	0.0	0.0	0.0	0.0	0.0	0.0	0.0	1.70474809224	0.0
0.0	0.0	1.70474809224	0.0	0.0	0.0	0.0	0.0	0.0	0.0
0.0	0.0	1.70474809224	0.0	0.0	0.0	0.0	0.0	0.0	0.0
0.0	0.0	0.0	0.0	0.0	0.0	0.0	0.0	0.0	1.70474809224
0.0	0.0	0.0	0.0	0.0	0.0	0.0	0.0	0.0	1.70474809224
1.29928298413	0.0	0.0	0.0	0.0	0.0	0.0	0.0	0.0	1.29928298413
0.0	1.70474809224	0.0	0.0	0.0	0.0	0.0	0.0	0.0	0.0
0.0	0.0	0.0	0.0	0.0	0.0	0.0	1.70474809224	0.0	0.0
1.01160091168	0.0	0.0	1.01160091168	0.0	0.0	0.0	0.0	0.0	4.04640364671
0.0	0.0	0.0	0.0	0.0	0.0	0.0	0.0	0.0	1.70474809224
0.0	0.0	0.0	1.01160091168	1.01160091168	0.0	0.0	1.01160091168	0.0	0.0
0.0	0.0	0.0	0.0	0.0	0.0	0.0	0.0	0.0	1.70474809224
0.0	0.0	0.0	0.0	0.0	0.0	0.0	1.70474809224	0.0	0.0
0.0	0.0	1.70474809224	0.0	0.0	0.0	0.0	0.0	0.0	0.0
0.0	0.0	0.0	0.0	0.0	0.0	0.0	0.0	0.0	1.70474809224
0.0	0.0	0.0	0.0	0.0	0.0	0.0	0.0	0.0	1.70474809224
3.40949618448	0.0	0.0	0.0	0.0	0.0	0.0	0.0	0.0	0.0
0.0	0.0	8.52374046119	0.0	0.0	0.0	0.0	0.0	0.0	0.0
0.0	0.0	0.0	0.0	1.70474809224	0.0	0.0	0.0	0.0	0.0
0.0	1.70474809224	0.0	0.0	0.0	0.0	0.0	0.0	0.0	0.0
0.0	0.0	0.0	0.0	0.0	0.0	0.0	0.0	0.0	3.40949618448
0.0	1.70474809224	0.0	0.0	0.0	0.0	0.0	0.0	0.0	0.0
0.0	1.70474809224	0.0	0.0	0.0	0.0	0.0	0.0	0.0	0.0
0.0	0.0	0.0	0.0	0.0	1.70474809224	0.0	0.0	0.0	0.0
0.0	0.0	0.0	0.0	1.70474809224	0.0	0.0	0.0	0.0	0.0
0.0	0.0	0.0	0.0	0.0	0.0	0.0	1.70474809224	0.0	0.0
0.0	0.0	0.0	0.0	0.0	0.0	0.0	0.0	0.0	3.40949618448
0.0	0.0	0.0	0.0	1.70474809224	0.0	0.0	0.0	0.0	0.0
0.0	0.0	0.0	0.0	0.0	0.0	0.0	0.0	0.0	1.70474809224
1.70474809224	0.0	0.0	0.0	0.0	0.0	0.0	0.0	0.0	0.0
0.0	0.0	0.0	0.0	0.0	0.0	0.0	0.0	0.0	1.70474809224
1.70474809224	0.0	0.0	0.0	0.0	0.0	0.0	0.0	0.0	0.0
0.0	0.0	0.0	0.0	0.0	0.0	0.0	0.0	1.70474809224	0.0
0.0	0.0	0.0	0.0	0.0	0.0	0.0	0.0	1.29928298413	1.29928298413
0.0	0.0	1.70474809224	0.0	0.0	0.0	0.0	0.0	0.0	0.0
0.0	0.0	0.0	0.0	0.0	0.0	1.70474809224	0.0	0.0	0.0
0.0	0.0	0.0	0.0	0.0	0.0	0.0	0.0	0.0	1.70474809224
3.40949618448	0.0	0.0	0.0	0.0	0.0	0.0	0.0	0.0	0.0
0.0	1.29928298413	0.0	0.0	1.29928298413	0.0	0.0	0.0	0.0	0.0
1.01160091168	0.0	0.0	1.01160091168	1.01160091168	0.0	0.0	0.0	0.0	0.0
0.0	0.0	0.0	0.0	0.0	0.0	0.0	0.0	0.0	1.70474809224
0.0	0.0	1.29928298413	0.0	2.59856596826	0.0	0.0	0.0	0.0	0.0
0.0	0.0	0.0	0.0	0.0	0.0	0.0	1.70474809224	0.0	0.0
2.59856596826	0.0	0.0	0.0	1.29928298413	0.0	0.0	0.0	0.0	0.0
0.0	0.0	0.0	0.0	0.0	0.0	0.0	0.0	0.0	1.70474809224
0.0	0.0	0.0	0.0	0.0	1.70474809224	0.0	0.0	0.0	0.0
0.0	0.0	0.0	0.0	0.0	0.0	0.0	0.0	1.70474809224	0.0
0.0	0.0	0.0	0.0	0.0	1.70474809224	0.0	0.0	0.0	0.0
0.0	0.0	0.0	0.0	0.0	1.70474809224	0.0	0.0	0.0	0.0
0.0	0.0	0.0	0.0	0.0	0.0	3.40949618448	0.0	0.0	0.0
0.0	0.0	0.0	2.59856596826	0.0	0.0	0.0	1.29928298413	0.0	0.0
1.70474809224	0.0	0.0	0.0	0.0	0.0	0.0	0.0	0.0	0.0
0.0	0.0	0.0	0.0	0.0	0.0	0.0	0.0	1.70474809224	0.0
0.0	0.0	0.0	0.0	0.0	0.0	0.0	0.0	0.0	1.70474809224
0.0	0.0	0.0	0.0	0.0	0.0	0.0	1.70474809224	0.0	0.0
0.0	0.0	0.0	0.0	0.0	1.70474809224	0.0	0.0	0.0	0.0
0.0	0.0	0.0	0.0	0.0	0.0	0.0	0.0	1.70474809224	0.0
0.0	0.0	0.0	0.0	0.0	0.0	0.0	0.0	1.29928298413	1.29928298413
0.0	0.0	0.0	0.0	0.0	0.0	0.0	0.0	0.0	1.70474809224
0.0	0.0	1.70474809224	0.0	0.0	0.0	0.0	0.0	0.0	0.0
0.0	0.0	1.70474809224	0.0	0.0	0.0	0.0	0.0	0.0	0.0
0.0	0.0	0.0	1.70474809224	0.0	0.0	0.0	0.0	0.0	0.0
0.0	0.0	0.0	0.0	0.0	1.70474809224	0.0	0.0	0.0	0.0
0.0	0.0	0.0	0.0	1.70474809224	0.0	0.0	0.0	0.0	0.0
0.0	0.0	0.0	0.0	0.0	0.0	0.0	1.70474809224	0.0	0.0
0.0	1.70474809224	0.0	0.0	0.0	0.0	0.0	0.0	0.0	0.0
0.0	0.0	1.70474809224	0.0	0.0	0.0	0.0	0.0	0.0	0.0
0.0	0.0	1.70474809224	0.0	0.0	0.0	0.0	0.0	0.0	0.0
0.0	0.0	0.0	0.0	0.0	0.0	2.59856596826	0.0	0.0	2.59856596826
0.451985123743	0.0	0.903970247486	0.0	0.451985123743	0.0	0.451985123743	0.451985123743	0.0	0.451985123743
0.0	0.0	0.0	0.0	0.0	0.0	0.0	0.0	0.0	1.70474809224
0.0	0.0	0.0	0.0	1.70474809224	0.0	0.0	0.0	0.0	0.0
0.0	0.0	2.59856596826	0.0	0.0	1.29928298413	0.0	0.0	0.0	0.0
0.0	0.0	0.0	0.0	0.0	0.0	0.0	0.0	8.52374046119	0.0
0.0	0.0	0.0	0.0	0.0	1.70474809224	0.0	0.0	0.0	0.0
1.70474809224	0.0	0.0	0.0	0.0	0.0	0.0	0.0	0.0	0.0
0.0	0.0	0.0	0.0	0.0	0.0	0.0	0.0	0.0	8.52374046119
0.0	1.70474809224	0.0	0.0	0.0	0.0	0.0	0.0	0.0	0.0
0.0	0.0	0.0	0.0	0.0	0.0	1.70474809224	0.0	0.0	0.0
0.0	0.0	1.70474809224	0.0	0.0	0.0	0.0	0.0	0.0	0.0
0.0	0.0	0.0	0.0	0.0	0.0	0.0	0.0	0.0	1.70474809224
0.0	0.0	0.0	1.29928298413	0.0	0.0	0.0	2.59856596826	0.0	0.0
0.0	0.0	0.0	0.0	0.0	0.0	0.0	0.0	1.70474809224	0.0
0.0	0.0	1.70474809224	0.0	0.0	0.0	0.0	0.0	0.0	0.0
0.0	0.0	0.0	0.0	1.29928298413	0.0	1.29928298413	0.0	0.0	0.0
1.70474809224	0.0	0.0	0.0	0.0	0.0	0.0	0.0	0.0	0.0
0.0	0.0	0.0	0.0	0.0	1.70474809224	0.0	0.0	0.0	0.0
1.70474809224	0.0	0.0	0.0	0.0	0.0	0.0	0.0	0.0	0.0
0.0	0.0	0.0	1.70474809224	0.0	0.0	0.0	0.0	0.0	0.0
1.70474809224	0.0	0.0	0.0	0.0	0.0	0.0	0.0	0.0	0.0
0.0	0.0	0.0	0.0	0.0	1.70474809224	0.0	0.0	0.0	0.0
0.0	0.0	0.0	0.0	1.29928298413	0.0	0.0	0.0	1.29928298413	0.0
0.0	0.0	0.0	0.0	0.0	0.0	1.70474809224	0.0	0.0	0.0
0.0	0.0	1.70474809224	0.0	0.0	0.0	0.0	0.0	0.0	0.0
0.0	0.0	0.0	0.0	1.70474809224	0.0	0.0	0.0	0.0	0.0
0.0	0.0	0.0	0.0	0.0	0.0	0.0	0.0	1.70474809224	0.0
0.0	0.0	0.0	0.0	0.0	0.0	0.0	0.0	1.70474809224	0.0
0.0	0.0	1.70474809224	0.0	0.0	0.0	0.0	0.0	0.0	0.0
1.70474809224	0.0	0.0	0.0	0.0	0.0	0.0	0.0	0.0	0.0
0.0	0.0	0.0	0.0	0.0	1.70474809224	0.0	0.0	0.0	0.0
0.788457360364	0.0	1.57691472073	0.0	0.0	0.0	0.0	0.0	1.57691472073	0.788457360364
0.788457360364	0.0	0.788457360364	0.0	0.0	0.0	1.57691472073	1.57691472073	0.0	0.0
0.0	0.0	0.0	0.0	0.0	1.70474809224	0.0	0.0	0.0	0.0
0.0	0.0	0.0	0.0	0.0	1.29928298413	2.59856596826	0.0	0.0	0.0
1.70474809224	0.0	0.0	0.0	0.0	0.0	0.0	0.0	0.0	0.0
0.0	0.0	0.0	0.0	1.70474809224	0.0	0.0	0.0	0.0	0.0
0.0	0.0	0.788457360364	3.15382944146	1.57691472073	0.0	0.0	0.788457360364	0.0	0.0
0.0	0.0	0.0	0.0	1.70474809224	0.0	0.0	0.0	0.0	0.0
0.0	0.0	0.0	0.0	1.70474809224	0.0	0.0	0.0	0.0	0.0
1.70474809224	0.0	0.0	0.0	0.0	0.0	0.0	0.0	0.0	0.0
0.0	0.0	3.40949618448	0.0	0.0	0.0	0.0	0.0	0.0	0.0
0.0	0.0	0.0	0.0	0.0	1.70474809224	0.0	0.0	0.0	0.0
0.0	0.0	0.0	0.0	0.0	0.0	1.70474809224	0.0	0.0	0.0
1.70474809224	0.0	0.0	0.0	0.0	0.0	0.0	0.0	0.0	0.0
0.0	0.0	0.0	1.29928298413	1.29928298413	0.0	0.0	0.0	0.0	0.0
0.0	0.0	0.0	0.0	0.0	0.0	0.0	0.0	0.0	1.70474809224
0.0	0.0	0.0	0.0	0.0	0.0	1.70474809224	0.0	0.0	0.0
0.0	0.0	0.0	0.0	0.0	0.0	0.0	0.0	1.70474809224	0.0
0.0	0.0	0.0	0.0	0.0	1.70474809224	0.0	0.0	0.0	0.0
0.0	0.0	0.0	1.01160091168	1.01160091168	0.0	1.01160091168	0.0	0.0	0.0
0.0	0.0	0.0	0.0	0.0	0.0	0.0	0.0	0.0	3.40949618448
3.40949618448	0.0	0.0	0.0	0.0	0.0	0.0	0.0	0.0	0.0
0.0	0.0	0.0	0.0	0.0	0.0	0.0	0.0	1.70474809224	0.0
0.0	0.0	0.0	0.0	0.0	0.0	1.70474809224	0.0	0.0	0.0
0.0	0.0	0.0	0.0	0.0	3.40949618448	0.0	0.0	0.0	0.0
0.0	0.0	0.0	0.0	0.0	3.40949618448	0.0	0.0	0.0	0.0
0.0	0.0	1.70474809224	0.0	0.0	0.0	0.0	0.0	0.0	0.0
2.02320182336	0.0	0.0	0.0	0.0	1.01160091168	0.0	0.0	0.0	1.01160091168
1.70474809224	0.0	0.0	0.0	0.0	0.0	0.0	0.0	0.0	0.0
0.0	1.70474809224	0.0	0.0	0.0	0.0	0.0	0.0	0.0	0.0
0.0	0.0	1.70474809224	0.0	0.0	0.0	0.0	0.0	0.0	0.0
0.0	0.0	0.0	0.0	0.0	1.70474809224	0.0	0.0	0.0	0.0
0.0	0.0	0.0	0.0	3.40949618448	0.0	0.0	0.0	0.0	0.0
0.0	0.0	0.0	0.0	1.29928298413	0.0	1.29928298413	0.0	0.0	0.0
0.0	3.40949618448	0.0	0.0	0.0	0.0	0.0	0.0	0.0	0.0
3.89784895239	0.0	0.0	0.0	0.0	0.0	0.0	0.0	0.0	2.59856596826
1.01160091168	0.0	0.0	0.0	0.0	0.0	0.0	1.01160091168	0.0	1.01160091168
6.81899236895	0.0	0.0	0.0	0.0	0.0	0.0	0.0	0.0	0.0
1.70474809224	0.0	0.0	0.0	0.0	0.0	0.0	0.0	0.0	0.0
0.0	1.29928298413	0.0	0.0	0.0	1.29928298413	0.0	0.0	0.0	0.0
0.0	0.0	3.40949618448	0.0	0.0	0.0	0.0	0.0	0.0	0.0
1.70474809224	0.0	0.0	0.0	0.0	0.0	0.0	0.0	0.0	0.0
0.0	0.0	0.0	0.0	1.70474809224	0.0	0.0	0.0	0.0	0.0
0.0	0.0	0.0	0.0	0.0	0.0	0.0	0.0	1.70474809224	0.0
0.0	0.0	0.0	0.0	0.0	0.0	0.0	0.0	0.0	1.70474809224
0.0	0.0	3.40949618448	0.0	0.0	0.0	0.0	0.0	0.0	0.0
0.0	0.0	0.0	0.0	0.0	0.0	0.0	0.0	0.0	1.70474809224
8.52374046119	0.0	0.0	0.0	0.0	0.0	0.0	0.0	0.0	0.0
0.0	0.0	0.0	0.0	0.0	0.0	0.0	1.70474809224	0.0	0.0
0.0	0.0	0.0	0.0	0.0	1.70474809224	0.0	0.0	0.0	0.0
0.0	0.0	0.0	0.0	0.0	0.0	0.0	0.0	1.70474809224	0.0
0.0	0.0	0.0	0.0	0.0	1.70474809224	0.0	0.0	0.0	0.0
0.0	6.81899236895	0.0	0.0	0.0	0.0	0.0	0.0	0.0	0.0
1.70474809224	0.0	0.0	0.0	0.0	0.0	0.0	0.0	0.0	0.0
0.0	0.0	0.0	0.0	0.0	0.0	0.0	0.0	3.40949618448	0.0
0.0	0.0	0.0	0.0	0.0	0.0	0.0	1.70474809224	0.0	0.0
0.0	0.0	0.0	0.0	1.70474809224	0.0	0.0	0.0	0.0	0.0
0.0	0.0	0.0	0.0	0.0	0.0	0.0	0.0	0.0	1.70474809224
0.0	0.0	0.0	0.0	0.0	0.0	0.0	1.70474809224	0.0	0.0
1.70474809224	0.0	0.0	0.0	0.0	0.0	0.0	0.0	0.0	0.0
0.0	0.0	1.70474809224	0.0	0.0	0.0	0.0	0.0	0.0	0.0
0.0	0.0	0.0	0.0	0.0	0.0	0.0	0.0	1.70474809224	0.0
0.0	0.788457360364	5.51920152255	0.0	1.57691472073	0.0	0.0	0.788457360364	0.0	0.0
0.0	1.70474809224	0.0	0.0	0.0	0.0	0.0	0.0	0.0	0.0
1.70474809224	0.0	0.0	0.0	0.0	0.0	0.0	0.0	0.0	0.0
0.0	1.70474809224	0.0	0.0	0.0	0.0	0.0	0.0	0.0	0.0
0.0	0.0	0.0	0.0	0.0	0.0	0.0	0.0	1.70474809224	0.0
1.29928298413	1.29928298413	0.0	0.0	0.0	0.0	0.0	0.0	0.0	0.0
0.0	0.0	0.0	0.788457360364	0.788457360364	0.0	0.788457360364	0.0	0.788457360364	0.0
0.0	2.59856596826	0.0	1.29928298413	0.0	0.0	0.0	0.0	0.0	0.0
6.49641492065	0.0	0.0	0.0	0.0	0.0	0.0	0.0	0.0	1.29928298413
1.70474809224	0.0	0.0	0.0	0.0	0.0	0.0	0.0	0.0	0.0
2.59856596826	0.0	0.0	0.0	0.0	0.0	0.0	0.0	0.0	1.29928298413
1.70474809224	0.0	0.0	0.0	0.0	0.0	0.0	0.0	0.0	0.0
0.0	0.0	1.70474809224	0.0	0.0	0.0	0.0	0.0	0.0	0.0
0.0	0.0	0.0	0.0	0.0	3.40949618448	0.0	0.0	0.0	0.0
0.0	0.0	0.0	0.0	0.0	0.0	0.0	0.0	0.0	3.40949618448
0.0	0.0	0.788457360364	2.36537208109	2.36537208109	0.0	0.788457360364	0.0	0.0	0.0
1.70474809224	0.0	0.0	0.0	0.0	0.0	0.0	0.0	0.0	0.0
0.0	0.0	0.0	0.0	0.0	1.70474809224	0.0	0.0	0.0	0.0
0.0	0.0	0.0	0.0	0.0	1.70474809224	0.0	0.0	0.0	0.0
0.0	0.0	0.0	0.0	0.0	1.70474809224	0.0	0.0	0.0	0.0
0.0	0.0	0.0	0.0	1.70474809224	0.0	0.0	0.0	0.0	0.0
0.0	0.0	0.0	0.0	1.70474809224	0.0	0.0	0.0	0.0	0.0
1.70474809224	0.0	0.0	0.0	0.0	0.0	0.0	0.0	0.0	0.0
0.0	0.0	0.0	0.0	1.70474809224	0.0	0.0	0.0	0.0	0.0
0.0	0.0	1.70474809224	0.0	0.0	0.0	0.0	0.0	0.0	0.0
0.0	0.0	0.0	0.0	0.0	0.0	0.0	0.0	1.70474809224	0.0
0.0	0.0	0.0	0.0	0.0	1.70474809224	0.0	0.0	0.0	0.0
0.0	0.0	0.0	0.0	0.0	0.0	0.0	0.0	0.0	3.40949618448
1.70474809224	0.0	0.0	0.0	0.0	0.0	0.0	0.0	0.0	0.0
0.0	0.0	0.0	1.70474809224	0.0	0.0	0.0	0.0	0.0	0.0
0.0	0.0	0.0	0.0	0.0	0.0	0.0	1.70474809224	0.0	0.0
0.0	0.0	0.0	0.0	0.0	0.0	0.0	0.0	0.0	3.40949618448
0.0	0.0	0.0	0.0	1.70474809224	0.0	0.0	0.0	0.0	0.0
0.0	0.0	0.0	0.0	0.0	0.0	0.0	1.70474809224	0.0	0.0
2.59856596826	0.0	0.0	0.0	0.0	0.0	0.0	1.29928298413	0.0	0.0
0.0	0.0	0.0	0.0	0.0	0.0	0.0	0.0	1.70474809224	0.0
0.0	0.0	0.0	0.0	1.70474809224	0.0	0.0	0.0	0.0	0.0
0.0	0.0	0.0	0.0	0.0	0.0	0.0	0.0	1.70474809224	0.0
