0.0	2.19722457734	0.0	0.0	0.0	0.0	0.0	0.0	0.0	0.0	0.0	0.0	0.0	0.0	0.0	0.0	0.0
0.0	0.0	0.0	0.0	1.79175946923	0.0	0.0	0.0	1.79175946923	0.0	0.0	0.0	0.0	0.0	0.0	0.0	0.0
0.0	0.0	0.0	0.0	0.0	0.0	0.0	0.0	0.0	0.0	1.79175946923	0.0	0.0	0.0	0.0	1.79175946923	0.0
0.0	0.0	0.0	0.0	0.0	2.19722457734	0.0	0.0	0.0	0.0	0.0	0.0	0.0	0.0	0.0	0.0	0.0
0.0	0.0	0.0	0.0	0.0	2.19722457734	0.0	0.0	0.0	0.0	0.0	0.0	0.0	0.0	0.0	0.0	0.0
0.0	0.0	0.0	0.0	0.0	0.0	0.0	0.0	0.0	0.0	0.0	2.19722457734	0.0	0.0	0.0	0.0	0.0
0.0	0.0	0.0	0.0	0.0	0.0	0.0	0.0	0.0	0.0	0.0	0.0	2.19722457734	0.0	0.0	0.0	0.0
0.0	0.0	0.0	0.0	0.0	0.0	0.0	0.0	0.0	2.56186769092	0.0	1.28093384546	0.0	0.0	1.28093384546	0.0	1.28093384546
0.0	0.0	0.0	0.0	0.0	0.0	0.0	0.0	2.19722457734	0.0	0.0	0.0	0.0	0.0	0.0	0.0	0.0
0.0	0.0	0.0	0.0	0.0	0.0	0.0	0.0	0.0	0.0	0.0	0.0	1.79175946923	1.79175946923	0.0	0.0	0.0
0.0	0.0	0.0	0.0	0.0	0.0	1.79175946923	0.0	0.0	0.0	0.0	0.0	0.0	1.79175946923	0.0	0.0	0.0
0.0	0.0	0.0	0.0	0.0	0.0	0.0	0.0	0.0	0.0	0.0	0.0	6.59167373201	0.0	0.0	0.0	0.0
0.0	0.0	0.0	2.19722457734	0.0	0.0	0.0	0.0	0.0	0.0	0.0	0.0	0.0	0.0	0.0	0.0	0.0
0.0	0.0	0.0	0.0	0.0	0.0	0.0	0.0	2.19722457734	0.0	0.0	0.0	0.0	0.0	0.0	0.0	0.0
0.0	0.0	0.0	0.0	0.0	6.59167373201	0.0	0.0	0.0	0.0	0.0	0.0	0.0	0.0	0.0	0.0	0.0
0.0	0.0	0.0	0.0	0.0	0.0	0.0	0.0	0.0	0.0	0.0	0.0	0.0	8.95879734614	0.0	0.0	10.7505568154
0.0	0.0	0.0	0.0	0.0	0.0	0.0	0.0	0.0	0.0	0.0	2.19722457734	0.0	0.0	0.0	0.0	0.0
0.0	0.0	0.0	0.0	0.0	0.0	0.0	0.0	0.0	0.0	0.0	0.0	2.19722457734	0.0	0.0	0.0	0.0
0.0	0.0	0.0	0.0	0.0	0.0	0.0	0.0	0.0	0.0	1.79175946923	0.0	0.0	0.0	0.0	1.79175946923	0.0
4.39444915467	0.0	0.0	0.0	0.0	0.0	0.0	0.0	0.0	0.0	0.0	0.0	0.0	0.0	0.0	0.0	0.0
0.0	0.0	0.0	2.19722457734	0.0	0.0	0.0	0.0	0.0	0.0	0.0	0.0	0.0	0.0	0.0	0.0	0.0
0.0	0.0	0.0	0.0	1.50407739678	0.0	0.0	0.0	0.0	0.0	0.0	1.50407739678	0.0	3.00815479355	0.0	0.0	0.0
0.0	0.0	0.0	0.0	0.0	0.0	0.0	4.39444915467	0.0	0.0	0.0	0.0	0.0	0.0	0.0	0.0	0.0
0.0	0.0	0.0	0.0	4.39444915467	0.0	0.0	0.0	0.0	0.0	0.0	0.0	0.0	0.0	0.0	0.0	0.0
0.0	0.0	0.0	0.0	2.19722457734	0.0	0.0	0.0	0.0	0.0	0.0	0.0	0.0	0.0	0.0	0.0	0.0
0.0	0.0	0.0	0.0	0.0	0.0	0.0	0.0	0.0	0.0	0.0	0.0	4.39444915467	0.0	0.0	0.0	0.0
0.0	0.0	0.0	0.0	0.0	2.19722457734	0.0	0.0	0.0	0.0	0.0	0.0	0.0	0.0	0.0	0.0	0.0
0.0	0.0	0.0	0.0	0.0	0.0	0.0	0.0	0.0	0.0	0.0	0.0	0.0	0.0	0.0	0.0	2.19722457734
0.0	0.0	0.0	2.19722457734	0.0	0.0	0.0	0.0	0.0	0.0	0.0	0.0	0.0	0.0	0.0	0.0	0.0
0.0	1.79175946923	0.0	0.0	0.0	0.0	0.0	0.0	0.0	0.0	0.0	1.79175946923	0.0	0.0	0.0	0.0	0.0
0.0	0.0	0.0	0.0	0.0	0.0	0.0	0.0	0.0	0.0	0.0	2.19722457734	0.0	0.0	0.0	0.0	0.0
0.0	0.0	0.0	0.0	0.0	0.0	0.0	1.28093384546	0.0	0.0	1.28093384546	0.0	0.0	0.0	1.28093384546	1.28093384546	0.0
0.0	0.0	0.0	0.0	0.0	0.0	0.0	0.0	2.19722457734	0.0	0.0	0.0	0.0	0.0	0.0	0.0	0.0
0.0	0.0	0.0	0.0	0.0	0.0	0.0	0.0	0.0	0.0	0.0	0.0	0.0	10.9861228867	0.0	0.0	0.0
0.0	0.0	0.0	0.0	0.0	0.0	0.0	0.0	0.0	0.0	0.0	0.0	0.0	2.19722457734	0.0	0.0	0.0
0.0	0.0	0.0	4.39444915467	0.0	0.0	0.0	0.0	0.0	0.0	0.0	0.0	0.0	0.0	0.0	0.0	0.0
0.0	0.0	0.0	0.0	0.0	0.0	0.0	0.0	2.19722457734	0.0	0.0	0.0	0.0	0.0	0.0	0.0	0.0
0.0	0.0	0.0	0.0	0.0	0.0	0.0	0.0	0.0	0.0	0.0	2.19722457734	0.0	0.0	0.0	0.0	0.0
0.0	0.0	0.0	0.0	0.0	0.0	0.0	0.0	2.19722457734	0.0	0.0	0.0	0.0	0.0	0.0	0.0	0.0
0.944461608841	0.0	0.0	0.0	0.0	0.0	2.83338482652	0.944461608841	1.88892321768	2.83338482652	0.0	0.0	0.0	0.0	0.0	0.0	5.66676965305
0.0	0.0	0.0	0.0	0.0	0.0	0.0	0.0	0.0	0.0	0.0	0.0	0.0	2.19722457734	0.0	0.0	0.0
0.0	0.0	0.0	0.0	0.0	0.0	0.0	0.0	0.0	2.19722457734	0.0	0.0	0.0	0.0	0.0	0.0	0.0
0.0	0.0	0.0	2.19722457734	0.0	0.0	0.0	0.0	0.0	0.0	0.0	0.0	0.0	0.0	0.0	0.0	0.0
0.0	0.0	2.19722457734	0.0	0.0	0.0	0.0	0.0	0.0	0.0	0.0	0.0	0.0	0.0	0.0	0.0	0.0
0.0	0.0	0.0	0.0	0.0	0.0	0.0	0.0	6.59167373201	0.0	0.0	0.0	0.0	0.0	0.0	0.0	0.0
0.0	0.0	0.0	0.0	0.0	0.0	0.0	0.0	0.0	0.0	0.0	0.0	0.0	0.0	0.0	0.0	2.19722457734
0.0	0.0	0.0	0.0	0.0	0.0	0.0	0.0	0.0	0.0	0.0	0.0	0.0	2.19722457734	0.0	0.0	0.0
0.0	0.0	2.19722457734	0.0	0.0	0.0	0.0	0.0	0.0	0.0	0.0	0.0	0.0	0.0	0.0	0.0	0.0
0.0	0.0	0.0	0.0	0.0	0.0	0.0	0.0	0.0	0.0	0.0	0.0	0.0	0.0	2.19722457734	0.0	0.0
0.0	0.0	2.19722457734	0.0	0.0	0.0	0.0	0.0	0.0	0.0	0.0	0.0	0.0	0.0	0.0	0.0	0.0
0.0	0.0	0.0	0.0	0.0	0.0	0.0	2.19722457734	0.0	0.0	0.0	0.0	0.0	0.0	0.0	0.0	0.0
0.0	0.0	0.0	0.0	0.0	0.0	0.0	0.0	2.19722457734	0.0	0.0	0.0	0.0	0.0	0.0	0.0	0.0
2.19722457734	0.0	0.0	0.0	0.0	0.0	0.0	0.0	0.0	0.0	0.0	0.0	0.0	0.0	0.0	0.0	0.0
0.0	1.79175946923	0.0	0.0	0.0	0.0	0.0	0.0	0.0	0.0	0.0	1.79175946923	0.0	0.0	0.0	0.0	0.0
1.50407739678	0.0	0.0	0.0	0.0	0.0	0.0	0.0	0.0	1.50407739678	0.0	0.0	0.0	0.0	0.0	0.0	1.50407739678
0.0	0.0	0.0	0.0	2.19722457734	0.0	0.0	0.0	0.0	0.0	0.0	0.0	0.0	0.0	0.0	0.0	0.0
0.0	0.0	0.0	2.19722457734	0.0	0.0	0.0	0.0	0.0	0.0	0.0	0.0	0.0	0.0	0.0	0.0	0.0
2.19722457734	0.0	0.0	0.0	0.0	0.0	0.0	0.0	0.0	0.0	0.0	0.0	0.0	0.0	0.0	0.0	0.0
0.0	0.0	0.0	0.0	0.0	0.0	0.0	0.0	0.0	0.0	1.79175946923	0.0	0.0	0.0	0.0	1.79175946923	0.0
0.0	0.0	0.0	0.0	0.0	0.0	0.0	0.0	0.0	0.0	0.0	2.19722457734	0.0	0.0	0.0	0.0	0.0
0.0	0.0	0.0	0.0	0.0	0.0	0.0	2.19722457734	0.0	0.0	0.0	0.0	0.0	0.0	0.0	0.0	0.0
0.0	0.0	0.0	0.0	0.0	0.0	0.0	2.19722457734	0.0	0.0	0.0	0.0	0.0	0.0	0.0	0.0	0.0
6.48744172973	0.0	0.810930216216	0.0	0.0	0.0	0.810930216216	0.0	0.0	0.810930216216	0.810930216216	0.0	0.0	0.0	0.810930216216	0.810930216216	0.0
0.0	0.0	0.0	0.0	0.0	0.0	0.0	0.0	0.0	0.0	1.79175946923	0.0	0.0	0.0	0.0	1.79175946923	0.0
2.19722457734	0.0	0.0	0.0	0.0	0.0	0.0	0.0	0.0	0.0	0.0	0.0	0.0	0.0	0.0	0.0	0.0
0.0	0.0	0.0	0.0	0.0	0.0	2.19722457734	0.0	0.0	0.0	0.0	0.0	0.0	0.0	0.0	0.0	0.0
0.0	0.0	2.19722457734	0.0	0.0	0.0	0.0	0.0	0.0	0.0	0.0	0.0	0.0	0.0	0.0	0.0	0.0
0.0	0.0	0.0	0.0	2.56186769092	1.28093384546	0.0	0.0	0.0	0.0	0.0	0.0	0.0	1.28093384546	0.0	0.0	1.28093384546
0.0	0.0	0.0	0.0	2.19722457734	0.0	0.0	0.0	0.0	0.0	0.0	0.0	0.0	0.0	0.0	0.0	0.0
0.0	0.0	0.0	0.0	0.0	0.0	0.0	0.0	2.19722457734	0.0	0.0	0.0	0.0	0.0	0.0	0.0	0.0
0.0	1.79175946923	0.0	0.0	0.0	0.0	0.0	0.0	0.0	0.0	0.0	3.58351893846	0.0	0.0	0.0	0.0	0.0
0.0	0.0	0.0	0.0	0.0	0.0	0.0	0.0	0.0	0.0	0.0	0.0	4.39444915467	0.0	0.0	0.0	0.0
0.0	0.0	0.0	0.0	0.0	0.0	0.0	0.0	0.0	0.0	0.0	0.0	4.39444915467	0.0	0.0	0.0	0.0
0.0	0.0	0.0	2.19722457734	0.0	0.0	0.0	0.0	0.0	0.0	0.0	0.0	0.0	0.0	0.0	0.0	0.0
0.0	0.0	0.0	2.19722457734	0.0	0.0	0.0	0.0	0.0	0.0	0.0	0.0	0.0	0.0	0.0	0.0	0.0
0.0	0.0	0.0	0.0	0.0	0.0	0.0	0.0	0.0	0.0	0.0	0.0	1.79175946923	0.0	0.0	0.0	1.79175946923
0.0	0.0	0.0	0.0	0.0	0.0	0.0	2.19722457734	0.0	0.0	0.0	0.0	0.0	0.0	0.0	0.0	0.0
0.0	0.0	0.0	0.0	0.0	0.0	2.19722457734	0.0	0.0	0.0	0.0	0.0	0.0	0.0	0.0	0.0	0.0
0.0	0.0	0.0	0.0	0.0	0.0	0.0	0.0	0.0	0.0	0.0	0.0	0.0	0.0	4.39444915467	0.0	0.0
4.51223219033	0.0	0.0	0.0	0.0	0.0	0.0	0.0	0.0	0.0	9.02446438066	0.0	0.0	0.0	0.0	9.02446438066	0.0
0.0	0.0	0.0	0.0	2.19722457734	0.0	0.0	0.0	0.0	0.0	0.0	0.0	0.0	0.0	0.0	0.0	0.0
0.0	0.0	0.0	2.19722457734	0.0	0.0	0.0	0.0	0.0	0.0	0.0	0.0	0.0	0.0	0.0	0.0	0.0
2.19722457734	0.0	0.0	0.0	0.0	0.0	0.0	0.0	0.0	0.0	0.0	0.0	0.0	0.0	0.0	0.0	0.0
0.0	0.0	0.0	0.0	0.0	2.56186769092	0.0	0.0	0.0	0.0	2.56186769092	0.0	1.28093384546	0.0	0.0	2.56186769092	0.0
0.0	0.0	0.0	0.0	0.0	0.0	0.0	0.0	0.0	2.19722457734	0.0	0.0	0.0	0.0	0.0	0.0	0.0
0.0	0.0	0.0	0.0	0.0	0.0	0.0	0.0	0.0	0.0	0.0	0.0	0.0	0.0	2.19722457734	0.0	0.0
0.0	0.0	2.19722457734	0.0	0.0	0.0	0.0	0.0	0.0	0.0	0.0	0.0	0.0	0.0	0.0	0.0	0.0
0.0	0.0	0.0	0.0	0.0	0.0	0.0	0.0	0.0	2.19722457734	0.0	0.0	0.0	0.0	0.0	0.0	0.0
0.0	0.0	0.0	0.0	0.0	0.0	0.0	0.0	0.0	0.0	0.0	0.0	0.0	0.0	0.0	0.0	2.19722457734
1.09861228867	0.0	1.09861228867	0.0	0.0	0.0	1.09861228867	0.0	0.0	0.0	0.0	0.0	1.09861228867	0.0	0.0	0.0	1.09861228867
2.19722457734	0.0	0.0	0.0	0.0	0.0	0.0	0.0	0.0	0.0	0.0	0.0	0.0	0.0	0.0	0.0	0.0
0.0	0.0	0.0	0.0	0.0	0.0	0.0	0.0	2.19722457734	0.0	0.0	0.0	0.0	0.0	0.0	0.0	0.0
6.59167373201	0.0	0.0	0.0	0.0	0.0	0.0	0.0	0.0	0.0	0.0	0.0	0.0	0.0	0.0	0.0	0.0
0.0	0.0	0.0	0.0	0.0	0.0	0.0	0.0	0.0	0.0	0.0	0.0	0.0	0.0	2.19722457734	0.0	0.0
0.0	0.0	0.0	0.0	0.0	0.0	0.0	0.0	4.39444915467	0.0	0.0	0.0	0.0	0.0	0.0	0.0	0.0
0.0	0.0	0.0	0.0	1.50407739678	0.0	0.0	0.0	0.0	0.0	6.01630958711	0.0	0.0	0.0	0.0	6.01630958711	0.0
0.0	0.0	0.0	0.0	0.0	0.0	0.0	0.0	0.0	0.0	0.0	0.0	0.0	0.0	2.19722457734	0.0	0.0
0.0	0.0	0.0	0.0	0.0	1.50407739678	0.0	0.0	0.0	0.0	0.0	0.0	0.0	1.50407739678	1.50407739678	0.0	0.0
0.0	0.0	0.0	0.0	2.19722457734	0.0	0.0	0.0	0.0	0.0	0.0	0.0	0.0	0.0	0.0	0.0	0.0
0.0	0.0	0.0	2.19722457734	0.0	0.0	0.0	0.0	0.0	0.0	0.0	0.0	0.0	0.0	0.0	0.0	0.0
0.0	0.0	0.0	0.0	0.0	0.0	0.0	0.0	0.0	0.0	0.0	2.19722457734	0.0	0.0	0.0	0.0	0.0
0.0	0.0	0.0	0.0	0.0	0.0	0.0	0.0	0.0	0.0	0.0	2.19722457734	0.0	0.0	0.0	0.0	0.0
0.0	0.0	0.0	0.0	4.39444915467	0.0	0.0	0.0	0.0	0.0	0.0	0.0	0.0	0.0	0.0	0.0	0.0
0.0	0.0	0.0	0.0	0.0	0.0	0.0	0.0	0.0	0.0	0.0	0.0	0.0	4.39444915467	0.0	0.0	0.0
0.0	0.0	0.0	0.0	0.0	0.0	0.0	0.0	0.0	0.0	0.0	2.19722457734	0.0	0.0	0.0	0.0	0.0
0.0	0.0	0.0	0.0	0.0	2.19722457734	0.0	0.0	0.0	0.0	0.0	0.0	0.0	0.0	0.0	0.0	0.0
0.0	1.28093384546	0.0	0.0	0.0	0.0	0.0	0.0	0.0	0.0	1.28093384546	0.0	0.0	0.0	0.0	1.28093384546	1.28093384546
1.50407739678	1.50407739678	0.0	0.0	0.0	1.50407739678	0.0	0.0	0.0	0.0	0.0	0.0	0.0	0.0	0.0	0.0	0.0
0.0	0.0	0.0	0.0	2.19722457734	0.0	0.0	0.0	0.0	0.0	0.0	0.0	0.0	0.0	0.0	0.0	0.0
0.0	0.0	0.0	1.79175946923	0.0	0.0	0.0	0.0	0.0	0.0	0.0	0.0	0.0	0.0	0.0	0.0	1.79175946923
0.0	0.0	1.50407739678	0.0	0.0	0.0	0.0	0.0	0.0	0.0	1.50407739678	0.0	0.0	0.0	0.0	1.50407739678	0.0
0.0	0.0	0.0	0.0	0.0	0.0	0.0	0.0	0.0	0.0	0.0	0.0	0.0	2.19722457734	0.0	0.0	0.0
0.0	0.0	0.0	0.0	0.0	1.50407739678	0.0	0.0	0.0	0.0	6.01630958711	0.0	0.0	0.0	0.0	6.01630958711	0.0
0.944461608841	0.0	0.944461608841	2.83338482652	0.0	0.0	0.0	0.0	0.0	0.0	4.7223080442	0.0	0.0	0.0	0.0	4.7223080442	0.944461608841
0.0	0.0	0.0	0.0	0.0	0.0	0.0	0.0	0.0	0.0	0.0	0.0	0.0	0.0	6.59167373201	0.0	0.0
0.0	0.0	0.0	0.0	2.19722457734	0.0	0.0	0.0	0.0	0.0	0.0	0.0	0.0	0.0	0.0	0.0	0.0
0.0	0.0	0.0	0.0	0.0	0.0	0.0	0.0	0.0	0.0	0.0	0.0	2.19722457734	0.0	0.0	0.0	0.0
0.0	0.0	6.59167373201	0.0	0.0	0.0	0.0	0.0	0.0	0.0	0.0	0.0	0.0	0.0	0.0	0.0	0.0
0.0	2.19722457734	0.0	0.0	0.0	0.0	0.0	0.0	0.0	0.0	0.0	0.0	0.0	0.0	0.0	0.0	0.0
0.0	0.0	0.0	0.0	0.0	0.0	0.0	0.0	0.0	0.0	0.0	0.0	0.0	0.0	2.19722457734	0.0	0.0
0.0	0.0	0.0	0.0	0.0	0.0	0.0	0.0	0.0	0.0	0.0	0.0	0.0	2.19722457734	0.0	0.0	0.0
0.0	0.0	0.0	0.0	0.0	0.0	0.0	0.0	0.0	0.0	0.0	0.0	0.0	0.0	1.79175946923	0.0	1.79175946923
0.0	0.0	0.0	0.0	0.0	0.0	0.0	0.0	0.0	0.0	0.0	0.0	0.0	2.19722457734	0.0	0.0	0.0
0.0	0.0	0.0	0.0	0.0	0.0	0.0	0.0	0.0	2.19722457734	0.0	0.0	0.0	0.0	0.0	0.0	0.0
0.0	0.0	0.0	0.0	0.0	0.0	0.0	0.0	0.0	2.19722457734	0.0	0.0	0.0	0.0	0.0	0.0	0.0
0.0	0.0	0.0	2.19722457734	0.0	0.0	0.0	0.0	0.0	0.0	0.0	0.0	0.0	0.0	0.0	0.0	0.0
0.0	0.0	0.0	0.0	2.19722457734	0.0	0.0	0.0	0.0	0.0	0.0	0.0	0.0	0.0	0.0	0.0	0.0
2.19722457734	0.0	0.0	0.0	0.0	0.0	0.0	0.0	0.0	0.0	0.0	0.0	0.0	0.0	0.0	0.0	0.0
0.0	0.0	0.0	0.0	0.0	0.0	0.0	0.0	3.58351893846	3.58351893846	0.0	0.0	0.0	0.0	0.0	0.0	0.0
0.0	0.0	0.0	0.0	0.0	0.0	0.0	0.0	0.0	0.0	1.79175946923	0.0	0.0	0.0	0.0	1.79175946923	0.0
0.0	0.0	0.0	0.0	0.0	0.0	0.0	0.0	2.19722457734	0.0	0.0	0.0	0.0	0.0	0.0	0.0	0.0
0.0	2.19722457734	0.0	0.0	0.0	0.0	0.0	0.0	0.0	0.0	0.0	0.0	0.0	0.0	0.0	0.0	0.0
0.0	0.0	0.0	0.0	4.39444915467	0.0	0.0	0.0	0.0	0.0	0.0	0.0	0.0	0.0	0.0	0.0	0.0
0.0	0.0	0.0	0.0	0.0	0.0	0.0	0.0	0.0	0.0	0.0	2.19722457734	0.0	0.0	0.0	0.0	0.0
0.0	0.0	0.0	0.0	0.0	0.0	0.0	0.0	0.0	0.0	0.0	2.19722457734	0.0	0.0	0.0	0.0	0.0
0.0	0.0	0.0	0.0	0.0	0.0	0.0	0.0	0.0	0.0	0.0	0.0	0.0	0.0	4.39444915467	0.0	0.0
0.0	0.0	0.0	0.0	0.0	0.0	0.0	0.0	0.0	0.0	0.0	2.19722457734	0.0	0.0	0.0	0.0	0.0
0.0	0.0	0.0	0.0	0.0	0.0	0.0	2.19722457734	0.0	0.0	0.0	0.0	0.0	0.0	0.0	0.0	0.0
0.0	0.0	0.0	0.0	2.19722457734	0.0	0.0	0.0	0.0	0.0	0.0	0.0	0.0	0.0	0.0	0.0	0.0
0.0	1.79175946923	0.0	0.0	0.0	0.0	0.0	0.0	0.0	0.0	0.0	1.79175946923	0.0	0.0	0.0	0.0	0.0
0.0	1.79175946923	0.0	0.0	0.0	0.0	0.0	1.79175946923	0.0	0.0	0.0	0.0	0.0	0.0	0.0	0.0	0.0
0.0	0.0	0.0	0.0	0.0	0.0	0.0	0.0	0.0	0.0	0.0	0.0	0.0	0.0	1.79175946923	0.0	3.58351893846
0.0	0.0	0.0	0.0	0.0	0.0	0.0	0.0	0.0	0.0	1.79175946923	0.0	0.0	0.0	0.0	1.79175946923	0.0
0.0	1.09861228867	0.0	0.0	0.0	0.0	0.0	0.0	1.09861228867	1.09861228867	0.0	1.09861228867	0.0	0.0	1.09861228867	0.0	0.0
0.0	0.0	0.0	0.0	0.0	0.0	0.0	0.0	0.0	0.0	0.0	0.0	0.0	0.0	10.9861228867	0.0	0.0
0.0	1.79175946923	0.0	0.0	0.0	0.0	0.0	0.0	0.0	0.0	0.0	1.79175946923	0.0	0.0	0.0	0.0	0.0
0.0	0.0	0.0	0.0	0.0	0.0	0.0	0.0	0.0	0.0	1.79175946923	0.0	0.0	0.0	0.0	1.79175946923	0.0
0.0	0.0	0.0	0.0	0.0	0.0	1.50407739678	0.0	0.0	0.0	0.0	1.50407739678	1.50407739678	0.0	0.0	0.0	0.0
0.0	0.0	1.50407739678	0.0	1.50407739678	0.0	0.0	0.0	0.0	0.0	0.0	0.0	0.0	0.0	1.50407739678	0.0	0.0
3.58351893846	0.0	0.0	0.0	0.0	0.0	0.0	0.0	0.0	0.0	0.0	0.0	1.79175946923	0.0	0.0	0.0	0.0
0.0	0.0	0.0	0.0	0.0	0.0	2.19722457734	0.0	0.0	0.0	0.0	0.0	0.0	0.0	0.0	0.0	0.0
0.0	0.0	0.0	0.0	0.0	0.0	0.0	0.0	0.0	0.0	0.0	0.0	2.19722457734	0.0	0.0	0.0	0.0
0.0	0.0	0.0	0.0	0.0	0.0	0.0	2.19722457734	0.0	0.0	0.0	0.0	0.0	0.0	0.0	0.0	0.0
0.0	0.0	0.0	0.0	0.0	0.0	0.0	0.0	0.0	0.0	0.0	0.0	0.0	0.0	2.19722457734	0.0	0.0
0.0	1.09861228867	0.0	2.19722457734	0.0	0.0	0.0	0.0	0.0	1.09861228867	0.0	2.19722457734	0.0	0.0	1.09861228867	0.0	0.0
0.0	0.0	0.0	0.0	0.0	0.0	0.0	0.0	0.0	0.0	1.79175946923	0.0	0.0	0.0	0.0	1.79175946923	0.0
0.0	0.0	0.0	0.0	0.0	2.19722457734	0.0	0.0	0.0	0.0	0.0	0.0	0.0	0.0	0.0	0.0	0.0
0.0	0.810930216216	0.810930216216	0.0	0.0	0.0	0.810930216216	0.0	0.810930216216	1.62186043243	0.810930216216	0.0	0.0	0.0	0.0	0.810930216216	0.0
0.0	0.0	0.0	0.0	4.39444915467	0.0	0.0	0.0	0.0	0.0	0.0	0.0	0.0	0.0	0.0	0.0	0.0
0.0	2.19722457734	0.0	0.0	0.0	0.0	0.0	0.0	0.0	0.0	0.0	0.0	0.0	0.0	0.0	0.0	0.0
0.0	0.0	0.0	0.0	0.0	0.0	0.0	13.183347464	0.0	0.0	0.0	0.0	0.0	0.0	0.0	0.0	0.0
0.0	1.09861228867	1.09861228867	0.0	0.0	1.09861228867	0.0	0.0	0.0	0.0	0.0	1.09861228867	0.0	0.0	0.0	0.0	4.39444915467
0.0	2.19722457734	0.0	0.0	0.0	0.0	0.0	0.0	0.0	0.0	0.0	0.0	0.0	0.0	0.0	0.0	0.0
0.0	0.0	0.0	0.0	0.0	0.0	0.0	0.0	0.0	0.0	0.0	0.0	0.0	0.0	1.79175946923	0.0	1.79175946923
0.0	0.0	0.0	2.19722457734	0.0	0.0	0.0	0.0	0.0	0.0	0.0	0.0	0.0	0.0	0.0	0.0	0.0
0.0	0.0	0.0	0.0	0.0	0.0	0.0	0.0	0.0	0.0	0.0	0.0	0.0	2.19722457734	0.0	0.0	0.0
0.0	0.0	0.0	0.0	0.0	0.0	0.0	0.0	0.0	0.0	0.0	0.0	2.19722457734	0.0	0.0	0.0	0.0
0.0	0.0	0.0	0.0	0.0	0.0	0.0	0.0	0.0	0.0	0.0	0.0	2.19722457734	0.0	0.0	0.0	0.0
0.0	0.0	0.0	0.0	0.0	0.0	0.0	0.0	0.0	0.0	0.0	0.0	0.0	0.0	0.0	0.0	2.19722457734
0.0	0.0	0.0	0.0	0.0	0.0	0.0	0.0	0.0	0.0	0.0	0.0	2.19722457734	0.0	0.0	0.0	0.0
0.0	1.38629436112	0.0	0.0	1.38629436112	0.0	0.0	0.0	0.0	0.69314718056	0.69314718056	0.69314718056	3.4657359028	3.4657359028	0.0	0.69314718056	0.0
0.0	0.0	0.0	0.0	0.0	0.0	0.0	0.0	0.0	0.0	0.0	0.0	0.0	2.19722457734	0.0	0.0	0.0
0.0	0.0	0.0	0.0	0.0	1.79175946923	0.0	0.0	0.0	0.0	0.0	0.0	1.79175946923	0.0	0.0	0.0	0.0
0.0	0.0	0.0	0.0	0.0	0.0	0.0	2.19722457734	0.0	0.0	0.0	0.0	0.0	0.0	0.0	0.0	0.0
0.0	0.0	0.0	0.0	1.79175946923	1.79175946923	0.0	0.0	0.0	0.0	0.0	0.0	0.0	0.0	0.0	0.0	0.0
0.0	0.0	0.0	0.0	2.19722457734	0.0	0.0	0.0	0.0	0.0	0.0	0.0	0.0	0.0	0.0	0.0	0.0
0.0	1.79175946923	0.0	0.0	0.0	0.0	0.0	0.0	0.0	0.0	0.0	0.0	1.79175946923	0.0	0.0	0.0	0.0
0.0	0.0	0.0	0.0	0.0	4.39444915467	0.0	0.0	0.0	0.0	0.0	0.0	0.0	0.0	0.0	0.0	0.0
0.0	0.0	0.0	0.0	0.0	0.0	0.0	0.0	0.0	0.0	0.0	0.0	0.0	0.0	0.0	0.0	2.19722457734
0.0	0.0	0.0	1.50407739678	0.0	0.0	0.0	1.50407739678	0.0	0.0	0.0	0.0	1.50407739678	0.0	0.0	0.0	0.0
0.0	2.19722457734	0.0	0.0	0.0	0.0	0.0	0.0	0.0	0.0	0.0	0.0	0.0	0.0	0.0	0.0	0.0
0.0	0.0	0.0	0.0	2.19722457734	0.0	0.0	0.0	0.0	0.0	0.0	0.0	0.0	0.0	0.0	0.0	0.0
0.0	0.0	0.0	0.0	0.0	0.0	0.0	0.0	0.0	0.0	0.0	4.39444915467	0.0	0.0	0.0	0.0	0.0
0.0	2.19722457734	0.0	0.0	0.0	0.0	0.0	0.0	0.0	0.0	0.0	0.0	0.0	0.0	0.0	0.0	0.0
0.182321556794	0.182321556794	0.182321556794	0.182321556794	0.364643113588	0.0	0.0	0.182321556794	0.182321556794	0.0	0.182321556794	0.182321556794	0.182321556794	0.182321556794	0.364643113588	0.182321556794	0.182321556794
0.0	0.0	0.0	0.0	0.0	0.0	0.0	0.0	0.0	0.0	0.0	2.19722457734	0.0	0.0	0.0	0.0	0.0
0.0	0.0	0.0	0.0	0.0	4.39444915467	0.0	0.0	0.0	0.0	0.0	0.0	0.0	0.0	0.0	0.0	0.0
0.0	0.0	2.19722457734	0.0	0.0	0.0	0.0	0.0	0.0	0.0	0.0	0.0	0.0	0.0	0.0	0.0	0.0
0.0	0.0	0.0	0.0	0.0	0.0	8.78889830934	0.0	0.0	0.0	0.0	0.0	0.0	0.0	0.0	0.0	0.0
0.0	0.0	0.0	0.0	2.19722457734	0.0	0.0	0.0	0.0	0.0	0.0	0.0	0.0	0.0	0.0	0.0	0.0
0.0	0.0	0.0	0.0	0.0	0.0	0.0	0.0	0.0	0.0	0.0	2.19722457734	0.0	0.0	0.0	0.0	0.0
0.0	0.0	0.0	0.0	2.19722457734	0.0	0.0	0.0	0.0	0.0	0.0	0.0	0.0	0.0	0.0	0.0	0.0
0.0	0.0	0.0	0.0	0.0	0.0	2.19722457734	0.0	0.0	0.0	0.0	0.0	0.0	0.0	0.0	0.0	0.0
0.0	0.0	0.0	0.0	0.0	0.0	0.0	2.19722457734	0.0	0.0	0.0	0.0	0.0	0.0	0.0	0.0	0.0
0.0	0.0	0.0	0.0	0.0	0.0	0.0	2.19722457734	0.0	0.0	0.0	0.0	0.0	0.0	0.0	0.0	0.0
0.0	0.0	0.0	0.0	0.0	0.0	2.19722457734	0.0	0.0	0.0	0.0	0.0	0.0	0.0	0.0	0.0	0.0
0.0	0.0	0.0	0.0	0.0	0.0	0.0	0.0	1.79175946923	1.79175946923	0.0	0.0	0.0	0.0	0.0	0.0	0.0
5.37527840768	0.0	0.0	1.79175946923	0.0	0.0	0.0	0.0	0.0	0.0	0.0	0.0	0.0	0.0	0.0	0.0	0.0
0.0	2.19722457734	0.0	0.0	0.0	0.0	0.0	0.0	0.0	0.0	0.0	0.0	0.0	0.0	0.0	0.0	0.0
0.0	0.0	0.0	0.0	2.19722457734	0.0	0.0	0.0	0.0	0.0	0.0	0.0	0.0	0.0	0.0	0.0	0.0
0.0	0.587786664902	0.0	0.587786664902	0.0	0.587786664902	0.587786664902	0.587786664902	0.0	0.0	1.76335999471	0.0	0.0	0.587786664902	0.587786664902	1.76335999471	0.0
0.0	0.0	0.0	0.0	0.0	0.0	0.0	0.0	0.0	0.0	0.0	0.0	0.0	4.39444915467	0.0	0.0	0.0
0.0	0.0	0.0	0.0	0.0	0.0	0.0	0.0	0.0	0.0	0.0	0.0	0.0	2.19722457734	0.0	0.0	0.0
0.0	0.0	0.0	0.0	0.0	0.0	0.0	2.19722457734	0.0	0.0	0.0	0.0	0.0	0.0	0.0	0.0	0.0
0.0	0.0	1.79175946923	0.0	0.0	5.37527840768	0.0	0.0	0.0	0.0	0.0	0.0	0.0	0.0	0.0	0.0	0.0
0.0	0.0	0.0	2.19722457734	0.0	0.0	0.0	0.0	0.0	0.0	0.0	0.0	0.0	0.0	0.0	0.0	0.0
0.0	0.0	0.0	0.0	0.0	0.0	0.0	0.0	0.0	0.0	0.0	0.0	0.0	4.39444915467	0.0	0.0	0.0
0.0	0.0	0.0	0.0	0.0	0.0	0.0	0.0	0.0	2.19722457734	0.0	0.0	0.0	0.0	0.0	0.0	0.0
0.0	2.19722457734	0.0	0.0	0.0	0.0	0.0	0.0	0.0	0.0	0.0	0.0	0.0	0.0	0.0	0.0	0.0
0.0	0.0	0.0	2.19722457734	0.0	0.0	0.0	0.0	0.0	0.0	0.0	0.0	0.0	0.0	0.0	0.0	0.0
0.0	0.0	0.0	0.0	0.0	0.0	2.19722457734	0.0	0.0	0.0	0.0	0.0	0.0	0.0	0.0	0.0	0.0
0.0	0.0	0.0	0.0	0.0	0.0	0.0	1.79175946923	0.0	0.0	0.0	0.0	0.0	0.0	3.58351893846	0.0	0.0
0.0	0.0	0.0	0.0	0.0	0.0	0.0	0.0	0.0	0.0	5.37527840768	0.0	0.0	0.0	0.0	5.37527840768	0.0
0.0	0.0	0.0	0.0	0.0	0.0	0.0	0.0	0.0	0.0	0.0	0.0	0.0	0.0	2.19722457734	0.0	0.0
0.0	0.0	0.0	0.0	0.0	0.0	0.0	6.59167373201	0.0	0.0	0.0	0.0	0.0	0.0	0.0	0.0	0.0
0.0	0.0	0.0	0.0	0.0	0.0	5.37527840768	0.0	0.0	0.0	0.0	0.0	0.0	0.0	0.0	0.0	1.79175946923
3.84280153639	0.0	1.28093384546	0.0	0.0	0.0	0.0	0.0	0.0	0.0	3.84280153639	0.0	0.0	0.0	0.0	3.84280153639	0.0
0.0	0.0	0.0	0.0	0.0	1.79175946923	0.0	0.0	0.0	1.79175946923	0.0	0.0	0.0	0.0	0.0	0.0	0.0
0.0	0.0	0.0	2.19722457734	0.0	0.0	0.0	0.0	0.0	0.0	0.0	0.0	0.0	0.0	0.0	0.0	0.0
0.0	0.0	0.0	0.0	0.0	0.0	0.0	0.0	0.0	0.0	0.0	0.0	2.19722457734	0.0	0.0	0.0	0.0
0.0	0.0	2.19722457734	0.0	0.0	0.0	0.0	0.0	0.0	0.0	0.0	0.0	0.0	0.0	0.0	0.0	0.0
0.0	0.0	0.0	0.0	0.0	0.0	0.0	0.0	0.0	0.0	0.0	0.0	0.0	2.19722457734	0.0	0.0	0.0
0.0	0.0	0.0	3.58351893846	0.0	0.0	0.0	0.0	0.0	0.0	0.0	0.0	0.0	0.0	0.0	0.0	5.37527840768
1.79175946923	0.0	0.0	0.0	0.0	0.0	0.0	1.79175946923	0.0	0.0	0.0	0.0	0.0	0.0	0.0	0.0	0.0
0.0	0.0	0.0	0.0	0.0	0.0	0.0	8.78889830934	0.0	0.0	0.0	0.0	0.0	0.0	0.0	0.0	0.0
0.0	3.58351893846	0.0	0.0	0.0	0.0	0.0	0.0	0.0	0.0	0.0	1.79175946923	0.0	0.0	0.0	0.0	0.0
0.0	0.0	0.0	0.0	0.0	0.0	0.0	0.0	1.79175946923	0.0	0.0	0.0	1.79175946923	0.0	0.0	0.0	0.0
0.0	0.0	0.0	0.0	2.19722457734	0.0	0.0	0.0	0.0	0.0	0.0	0.0	0.0	0.0	0.0	0.0	0.0
0.0	0.0	0.0	0.0	0.0	0.0	0.0	0.0	0.0	0.0	0.0	0.0	0.0	0.0	0.0	0.0	2.19722457734
0.0	0.0	0.0	0.0	0.0	0.0	0.0	0.0	4.39444915467	0.0	0.0	0.0	0.0	0.0	0.0	0.0	0.0
2.19722457734	0.0	0.0	0.0	0.0	0.0	0.0	0.0	0.0	0.0	0.0	0.0	0.0	0.0	0.0	0.0	0.0
0.0	0.0	0.0	0.0	0.0	0.0	2.19722457734	0.0	0.0	0.0	0.0	0.0	0.0	0.0	0.0	0.0	0.0
2.19722457734	0.0	0.0	0.0	0.0	0.0	0.0	0.0	0.0	0.0	0.0	0.0	0.0	0.0	0.0	0.0	0.0
1.17783035656	0.117783035656	0.117783035656	0.588915178282	0.588915178282	0.353349106969	0.353349106969	0.117783035656	0.117783035656	0.0	0.235566071313	0.471132142626	0.353349106969	0.0	0.117783035656	0.235566071313	0.117783035656
0.0	0.0	0.0	0.0	0.0	0.0	0.0	0.0	0.0	0.0	0.0	0.0	0.0	2.19722457734	0.0	0.0	0.0
0.0	0.0	0.0	0.0	0.0	0.0	0.0	0.0	0.0	2.19722457734	0.0	0.0	0.0	0.0	0.0	0.0	0.0
0.0	0.0	0.0	2.19722457734	0.0	0.0	0.0	0.0	0.0	0.0	0.0	0.0	0.0	0.0	0.0	0.0	0.0
0.0	0.0	0.0	0.0	1.79175946923	0.0	0.0	0.0	0.0	0.0	0.0	0.0	0.0	3.58351893846	0.0	0.0	0.0
1.79175946923	0.0	0.0	0.0	0.0	0.0	0.0	1.79175946923	0.0	0.0	0.0	0.0	0.0	0.0	0.0	0.0	0.0
0.0	1.79175946923	0.0	0.0	0.0	0.0	0.0	0.0	0.0	0.0	0.0	1.79175946923	0.0	0.0	0.0	0.0	0.0
0.0	0.0	0.0	0.0	0.0	0.0	0.0	0.0	3.58351893846	3.58351893846	0.0	0.0	0.0	0.0	0.0	0.0	0.0
0.0	0.0	0.0	0.0	0.0	0.0	0.0	0.0	1.79175946923	1.79175946923	0.0	0.0	0.0	0.0	0.0	0.0	0.0
0.0	0.0	0.0	0.0	0.0	1.79175946923	0.0	0.0	1.79175946923	0.0	0.0	0.0	0.0	0.0	0.0	0.0	0.0
0.0	5.49306144334	0.0	2.19722457734	0.0	0.0	0.0	0.0	0.0	0.0	0.0	9.88751059801	4.39444915467	0.0	0.0	0.0	2.19722457734
0.0	0.0	2.19722457734	0.0	0.0	0.0	0.0	0.0	0.0	0.0	0.0	0.0	0.0	0.0	0.0	0.0	0.0
0.0	0.0	0.0	0.0	0.0	0.0	0.0	0.0	2.19722457734	0.0	0.0	0.0	0.0	0.0	0.0	0.0	0.0
0.0	0.0	2.19722457734	0.0	0.0	0.0	0.0	0.0	0.0	0.0	0.0	0.0	0.0	0.0	0.0	0.0	0.0
0.0	0.0	0.0	0.0	0.0	0.0	0.0	0.0	0.0	0.0	0.0	0.0	0.0	0.0	0.0	0.0	2.19722457734
0.0	0.0	0.0	0.0	0.0	0.0	0.0	2.19722457734	0.0	0.0	0.0	0.0	0.0	0.0	0.0	0.0	0.0
0.0	0.0	0.0	0.0	0.0	0.0	0.0	0.0	0.0	0.0	0.0	0.0	0.0	2.19722457734	0.0	0.0	0.0
0.0	0.0	4.39444915467	0.0	0.0	0.0	0.0	0.0	0.0	0.0	0.0	0.0	0.0	0.0	0.0	0.0	0.0
0.0	0.0	0.0	0.0	0.0	0.0	0.0	0.0	0.0	0.0	0.0	0.0	0.0	0.0	4.39444915467	0.0	0.0
0.0	0.0	0.0	0.0	0.0	0.0	0.0	0.0	2.19722457734	0.0	0.0	0.0	0.0	0.0	0.0	0.0	0.0
0.0	0.0	4.39444915467	0.0	0.0	0.0	0.0	0.0	0.0	0.0	0.0	0.0	0.0	0.0	0.0	0.0	0.0
0.0	0.0	0.0	0.0	0.0	0.0	0.0	0.0	0.0	0.0	0.0	3.58351893846	1.79175946923	0.0	0.0	0.0	0.0
0.0	0.0	0.0	0.0	2.19722457734	0.0	0.0	0.0	0.0	0.0	0.0	0.0	0.0	0.0	0.0	0.0	0.0
0.0	0.0	0.0	0.0	0.0	0.0	0.0	0.0	5.37527840768	1.79175946923	0.0	0.0	0.0	0.0	0.0	0.0	0.0
0.0	0.0	1.28093384546	0.0	1.28093384546	0.0	0.0	0.0	0.0	2.56186769092	0.0	0.0	0.0	0.0	0.0	0.0	1.28093384546
0.0	0.0	0.0	0.0	0.0	0.0	0.0	0.0	0.0	0.0	0.0	0.0	0.0	0.0	4.39444915467	0.0	0.0
0.0	0.0	0.0	0.0	0.0	0.0	0.0	0.0	0.0	0.0	0.0	0.0	0.0	0.0	2.19722457734	0.0	0.0
0.0	0.0	0.0	0.0	0.0	0.0	0.0	0.0	0.0	0.0	0.0	0.0	0.0	2.19722457734	0.0	0.0	0.0
0.0	0.0	0.0	0.0	0.0	0.0	1.28093384546	0.0	1.28093384546	0.0	0.0	0.0	1.28093384546	0.0	0.0	0.0	1.28093384546
0.0	0.0	0.0	0.0	0.0	0.0	0.0	0.0	2.19722457734	0.0	0.0	0.0	0.0	0.0	0.0	0.0	0.0
4.51223219033	0.0	0.0	0.0	0.0	0.0	0.0	0.0	0.0	0.0	7.52038698388	0.0	0.0	0.0	0.0	7.52038698388	0.0
0.0	0.0	0.0	0.0	0.0	0.0	0.0	0.0	0.0	0.0	0.0	0.0	0.0	2.19722457734	0.0	0.0	0.0
0.0	0.0	0.0	0.0	0.0	0.0	0.0	0.0	0.0	0.0	1.79175946923	0.0	0.0	0.0	0.0	1.79175946923	0.0
0.0	0.0	1.28093384546	0.0	0.0	1.28093384546	0.0	0.0	0.0	0.0	1.28093384546	0.0	0.0	0.0	0.0	1.28093384546	0.0
0.0	0.0	0.0	0.0	0.0	0.0	0.0	4.39444915467	0.0	0.0	0.0	0.0	0.0	0.0	0.0	0.0	0.0
0.0	0.0	0.0	0.0	0.0	0.0	0.0	1.50407739678	0.0	0.0	1.50407739678	0.0	0.0	0.0	0.0	1.50407739678	0.0
0.0	0.0	0.0	0.0	0.0	0.0	0.0	0.0	0.0	0.0	0.0	0.0	0.0	0.0	0.0	0.0	2.19722457734
0.0	1.79175946923	0.0	0.0	0.0	0.0	0.0	0.0	0.0	0.0	0.0	1.79175946923	0.0	0.0	0.0	0.0	0.0
0.0	0.0	0.0	0.0	0.0	0.0	2.19722457734	0.0	0.0	0.0	0.0	0.0	0.0	0.0	0.0	0.0	0.0
0.0	0.0	1.09861228867	0.0	0.0	0.0	0.0	1.09861228867	0.0	0.0	2.19722457734	0.0	0.0	0.0	0.0	2.19722457734	2.19722457734
0.944461608841	0.0	0.0	0.944461608841	0.0	0.0	0.944461608841	0.0	0.944461608841	0.0	0.944461608841	0.0	0.0	0.0	0.0	0.944461608841	0.0
0.0	0.0	0.0	0.0	0.0	0.0	0.0	0.0	0.0	0.0	0.0	2.19722457734	0.0	0.0	0.0	0.0	0.0
0.0	0.0	0.0	0.0	0.0	0.0	0.0	0.0	0.0	0.0	0.0	0.0	0.0	2.19722457734	0.0	0.0	0.0
2.19722457734	0.0	0.0	0.0	0.0	0.0	0.0	0.0	0.0	0.0	0.0	0.0	0.0	0.0	0.0	0.0	0.0
0.0	0.0	0.0	0.0	0.0	0.0	0.0	0.0	0.0	0.0	0.0	0.0	0.0	0.0	2.19722457734	0.0	0.0
0.0	0.0	0.0	0.0	0.0	0.0	0.0	0.0	0.0	0.0	0.0	2.19722457734	0.0	0.0	0.0	0.0	0.0
0.0	0.0	0.0	0.0	0.0	0.0	0.0	2.19722457734	0.0	0.0	0.0	0.0	0.0	0.0	0.0	0.0	0.0
0.0	0.0	0.0	0.0	0.0	0.0	0.0	0.0	0.0	0.0	0.0	0.0	0.0	0.0	2.19722457734	0.0	0.0
0.0	0.0	0.0	0.0	0.0	2.19722457734	0.0	0.0	0.0	0.0	0.0	0.0	0.0	0.0	0.0	0.0	0.0
0.810930216216	0.0	0.0	0.0	0.810930216216	0.0	0.0	0.0	1.62186043243	0.810930216216	0.0	0.810930216216	0.0	0.0	0.810930216216	0.0	0.810930216216
0.0	0.0	0.0	0.0	0.944461608841	0.0	0.0	14.1669241326	1.88892321768	0.0	0.0	0.0	0.0	0.944461608841	0.944461608841	0.0	8.50015447957
0.0	0.0	0.0	0.0	0.0	0.0	0.0	0.0	2.19722457734	0.0	0.0	0.0	0.0	0.0	0.0	0.0	0.0
0.0	1.09861228867	0.0	0.0	1.09861228867	0.0	0.0	0.0	0.0	0.0	0.0	1.09861228867	0.0	2.19722457734	1.09861228867	0.0	0.0
0.0	0.0	0.0	0.0	0.0	0.0	0.0	0.0	0.0	0.0	0.0	0.0	2.19722457734	0.0	0.0	0.0	0.0
7.68560307277	0.0	1.28093384546	0.0	0.0	0.0	0.0	0.0	0.0	0.0	2.56186769092	0.0	0.0	0.0	0.0	2.56186769092	0.0
0.0	0.0	0.0	0.0	0.0	0.0	0.0	0.0	0.0	4.39444915467	0.0	0.0	0.0	0.0	0.0	0.0	0.0
0.0	0.0	4.39444915467	0.0	0.0	0.0	0.0	0.0	0.0	0.0	0.0	0.0	0.0	0.0	0.0	0.0	0.0
3.77784643536	0.0	0.0	4.7223080442	0.0	0.944461608841	0.0	0.944461608841	0.0	0.0	2.83338482652	0.0	0.0	0.0	0.0	2.83338482652	0.0
4.39444915467	0.0	0.0	0.0	0.0	0.0	0.0	0.0	0.0	0.0	0.0	0.0	0.0	0.0	0.0	0.0	0.0
0.0	1.50407739678	0.0	3.00815479355	0.0	0.0	0.0	0.0	0.0	0.0	0.0	1.50407739678	0.0	0.0	0.0	0.0	0.0
0.0	0.0	0.0	0.0	0.0	0.0	0.0	0.0	0.0	0.0	0.0	0.0	2.19722457734	0.0	0.0	0.0	0.0
0.0	0.0	0.0	0.0	2.19722457734	0.0	0.0	0.0	0.0	0.0	0.0	0.0	0.0	0.0	0.0	0.0	0.0
0.0	0.0	0.0	0.0	2.19722457734	0.0	0.0	0.0	0.0	0.0	0.0	0.0	0.0	0.0	0.0	0.0	0.0
0.0	0.0	0.0	0.0	0.0	0.0	0.0	0.0	0.0	0.0	1.79175946923	0.0	0.0	0.0	0.0	1.79175946923	0.0
0.0	0.0	0.0	0.0	0.0	0.0	0.0	0.0	0.0	0.0	1.79175946923	0.0	0.0	0.0	0.0	1.79175946923	0.0
0.0	0.0	0.0	0.0	0.0	0.0	0.0	0.0	0.0	0.0	0.0	0.0	2.19722457734	0.0	0.0	0.0	0.0
10.7505568154	0.0	0.0	0.0	0.0	0.0	0.0	0.0	0.0	0.0	0.0	0.0	0.0	0.0	12.5423162846	0.0	0.0
0.0	0.0	0.0	2.19722457734	0.0	0.0	0.0	0.0	0.0	0.0	0.0	0.0	0.0	0.0	0.0	0.0	0.0
0.0	0.0	0.0	0.0	0.0	0.0	0.0	2.19722457734	0.0	0.0	0.0	0.0	0.0	0.0	0.0	0.0	0.0
0.0	2.19722457734	0.0	0.0	0.0	0.0	0.0	0.0	0.0	0.0	0.0	0.0	0.0	0.0	0.0	0.0	0.0
0.0	0.0	8.78889830934	0.0	0.0	0.0	0.0	0.0	0.0	0.0	0.0	0.0	0.0	0.0	0.0	0.0	0.0
0.0	0.0	0.0	0.0	0.0	2.19722457734	0.0	0.0	0.0	0.0	0.0	0.0	0.0	0.0	0.0	0.0	0.0
0.0	3.58351893846	0.0	0.0	0.0	0.0	0.0	0.0	0.0	0.0	0.0	3.58351893846	0.0	0.0	0.0	0.0	0.0
0.0	0.0	0.0	2.19722457734	0.0	0.0	0.0	0.0	0.0	0.0	0.0	0.0	0.0	0.0	0.0	0.0	0.0
2.19722457734	0.0	0.0	0.0	0.0	0.0	0.0	0.0	0.0	0.0	0.0	0.0	0.0	0.0	0.0	0.0	0.0
0.0	1.28093384546	0.0	1.28093384546	1.28093384546	0.0	0.0	0.0	0.0	0.0	0.0	0.0	0.0	0.0	0.0	0.0	1.28093384546
0.0	0.0	0.0	2.19722457734	0.0	0.0	0.0	0.0	0.0	0.0	0.0	0.0	0.0	0.0	0.0	0.0	0.0
0.0	0.0	0.0	0.0	0.0	0.0	0.0	0.0	0.0	0.0	1.79175946923	0.0	0.0	0.0	0.0	1.79175946923	0.0
0.0	0.0	0.0	0.0	0.0	0.0	0.0	0.0	0.0	0.0	0.0	2.19722457734	0.0	0.0	0.0	0.0	0.0
0.0	0.0	0.0	0.0	2.19722457734	0.0	0.0	0.0	0.0	0.0	0.0	0.0	0.0	0.0	0.0	0.0	0.0
1.09861228867	0.0	0.0	0.0	2.19722457734	0.0	0.0	0.0	0.0	0.0	0.0	0.0	1.09861228867	0.0	1.09861228867	0.0	1.09861228867
2.19722457734	0.0	0.0	0.0	0.0	0.0	0.0	0.0	0.0	0.0	0.0	0.0	0.0	0.0	0.0	0.0	0.0
0.0	2.19722457734	0.0	0.0	0.0	0.0	0.0	0.0	0.0	0.0	0.0	0.0	0.0	0.0	0.0	0.0	0.0
0.0	2.19722457734	0.0	0.0	0.0	0.0	0.0	0.0	0.0	0.0	0.0	0.0	0.0	0.0	0.0	0.0	0.0
0.0	1.79175946923	0.0	0.0	0.0	0.0	0.0	0.0	0.0	0.0	0.0	1.79175946923	0.0	0.0	0.0	0.0	0.0
0.0	0.0	0.0	1.79175946923	1.79175946923	0.0	0.0	0.0	0.0	0.0	0.0	0.0	0.0	0.0	0.0	0.0	0.0
0.0	0.0	0.0	0.0	0.0	0.0	0.0	0.0	0.0	0.0	0.0	0.0	0.0	0.0	2.19722457734	0.0	0.0
0.0	0.0	2.19722457734	0.0	0.0	0.0	0.0	0.0	0.0	0.0	0.0	0.0	0.0	0.0	0.0	0.0	0.0
0.0	0.0	0.0	0.0	0.0	0.0	0.0	0.0	0.0	0.0	0.0	1.79175946923	0.0	1.79175946923	0.0	0.0	0.0
2.19722457734	0.0	0.0	0.0	0.0	0.0	0.0	0.0	0.0	0.0	0.0	0.0	0.0	0.0	0.0	0.0	0.0
0.0	0.0	0.0	0.0	0.0	0.0	0.0	0.0	0.0	0.0	1.79175946923	0.0	0.0	0.0	0.0	1.79175946923	0.0
0.0	0.0	0.0	0.0	0.0	0.0	0.0	0.0	0.0	0.0	0.0	0.0	0.0	0.0	0.0	0.0	2.19722457734
0.0	0.0	0.0	0.0	0.0	0.0	0.0	0.0	2.19722457734	0.0	0.0	0.0	0.0	0.0	0.0	0.0	0.0
0.0	0.0	0.0	0.0	2.19722457734	0.0	0.0	0.0	0.0	0.0	0.0	0.0	0.0	0.0	0.0	0.0	0.0
0.0	0.0	0.0	0.0	0.0	0.0	0.0	0.0	0.0	0.0	0.0	0.0	0.0	2.19722457734	0.0	0.0	0.0
0.0	0.0	0.0	0.0	0.0	0.0	0.0	0.0	0.0	0.0	1.79175946923	0.0	0.0	0.0	0.0	1.79175946923	0.0
0.0	0.0	0.0	0.0	0.0	0.0	0.0	0.0	0.0	0.0	0.0	2.19722457734	0.0	0.0	0.0	0.0	0.0
0.0	0.0	0.0	0.0	0.0	0.0	0.0	0.0	0.0	0.0	1.79175946923	0.0	0.0	0.0	0.0	1.79175946923	0.0
0.0	1.79175946923	0.0	0.0	0.0	0.0	0.0	3.58351893846	0.0	0.0	0.0	0.0	0.0	0.0	0.0	0.0	0.0
0.0	2.19722457734	0.0	0.0	0.0	0.0	0.0	0.0	0.0	0.0	0.0	0.0	0.0	0.0	0.0	0.0	0.0
0.0	0.0	0.0	2.19722457734	0.0	0.0	0.0	0.0	0.0	0.0	0.0	0.0	0.0	0.0	0.0	0.0	0.0
3.58351893846	0.0	1.79175946923	0.0	0.0	0.0	0.0	0.0	0.0	0.0	0.0	0.0	0.0	0.0	0.0	0.0	0.0
0.0	0.0	0.0	0.0	0.0	0.0	0.0	0.0	0.0	0.0	0.0	0.0	0.0	1.50407739678	3.00815479355	0.0	1.50407739678
0.0	0.0	0.0	0.0	0.0	0.0	0.0	0.0	0.0	0.0	0.0	0.0	0.0	2.19722457734	0.0	0.0	0.0
0.0	0.0	0.0	0.0	0.0	0.0	0.0	0.0	1.79175946923	1.79175946923	0.0	0.0	0.0	0.0	0.0	0.0	0.0
0.0	0.0	1.50407739678	0.0	0.0	3.00815479355	0.0	0.0	0.0	0.0	0.0	0.0	0.0	0.0	0.0	0.0	1.50407739678
0.0	2.43279064865	0.0	0.810930216216	0.0	0.0	0.810930216216	0.0	0.0	0.0	0.810930216216	2.43279064865	0.810930216216	0.0	0.0	0.810930216216	0.0
0.0	1.09861228867	0.0	0.0	0.0	0.0	0.0	0.0	1.09861228867	1.09861228867	0.0	1.09861228867	0.0	0.0	2.19722457734	0.0	0.0
0.0	0.0	1.79175946923	0.0	0.0	0.0	0.0	0.0	0.0	1.79175946923	0.0	0.0	0.0	0.0	0.0	0.0	0.0
0.0	0.0	2.19722457734	0.0	0.0	0.0	0.0	0.0	0.0	0.0	0.0	0.0	0.0	0.0	0.0	0.0	0.0
0.0	0.0	0.0	0.0	0.0	0.0	0.0	0.0	0.0	0.0	0.0	2.19722457734	0.0	0.0	0.0	0.0	0.0
0.0	0.0	0.0	0.0	0.0	0.0	0.0	0.0	0.0	0.0	1.79175946923	0.0	0.0	0.0	0.0	1.79175946923	0.0
0.0	0.0	0.0	0.0	0.0	0.0	0.0	0.0	0.0	0.0	0.0	0.0	1.79175946923	1.79175946923	0.0	0.0	0.0
0.0	1.28093384546	0.0	0.0	0.0	0.0	0.0	0.0	0.0	1.28093384546	0.0	1.28093384546	1.28093384546	0.0	0.0	0.0	0.0
0.0	0.0	0.0	0.0	0.0	0.0	0.0	0.0	0.0	0.0	0.0	0.0	0.0	0.0	0.0	0.0	2.19722457734
0.0	0.0	0.0	0.0	0.0	0.0	0.0	0.0	0.0	0.0	0.0	0.0	2.19722457734	0.0	0.0	0.0	0.0
0.0	0.0	0.0	0.0	0.0	0.0	0.0	0.0	0.0	0.0	0.0	2.19722457734	0.0	0.0	0.0	0.0	0.0
0.0	0.0	0.0	0.0	0.0	0.0	0.0	0.0	0.0	0.0	0.0	0.0	0.0	2.19722457734	0.0	0.0	0.0
0.0	0.0	0.0	0.0	2.19722457734	0.0	0.0	0.0	0.0	0.0	0.0	0.0	0.0	0.0	0.0	0.0	0.0
1.28093384546	0.0	1.28093384546	0.0	0.0	0.0	0.0	0.0	0.0	0.0	1.28093384546	0.0	0.0	0.0	0.0	1.28093384546	0.0
0.0	0.0	0.0	1.50407739678	0.0	0.0	0.0	0.0	0.0	0.0	3.00815479355	0.0	0.0	0.0	0.0	3.00815479355	0.0
0.0	0.0	0.0	0.0	0.0	0.0	0.0	0.0	0.0	0.0	0.0	2.19722457734	0.0	0.0	0.0	0.0	0.0
0.0	0.0	4.39444915467	0.0	0.0	0.0	0.0	0.0	0.0	0.0	0.0	0.0	0.0	0.0	0.0	0.0	0.0
0.0	0.0	0.0	0.0	0.0	0.0	0.0	0.0	2.19722457734	0.0	0.0	0.0	0.0	0.0	0.0	0.0	0.0
0.0	0.0	0.0	2.19722457734	0.0	0.0	0.0	0.0	0.0	0.0	0.0	0.0	0.0	0.0	0.0	0.0	0.0
0.0	2.19722457734	1.09861228867	0.0	0.0	0.0	1.09861228867	1.09861228867	0.0	0.0	0.0	3.295836866	0.0	0.0	0.0	0.0	0.0
0.0	1.79175946923	0.0	0.0	0.0	0.0	0.0	0.0	0.0	0.0	0.0	1.79175946923	0.0	0.0	0.0	0.0	0.0
0.0	0.0	0.0	0.0	0.0	0.0	0.0	0.0	0.0	0.0	0.0	0.0	2.19722457734	0.0	0.0	0.0	0.0
0.0	0.0	0.0	1.50407739678	0.0	7.52038698388	3.00815479355	0.0	0.0	0.0	0.0	0.0	0.0	0.0	0.0	0.0	0.0
2.19722457734	0.0	0.0	0.0	0.0	0.0	0.0	0.0	0.0	0.0	0.0	0.0	0.0	0.0	0.0	0.0	0.0
0.0	0.0	0.0	0.0	2.19722457734	0.0	0.0	0.0	0.0	0.0	0.0	0.0	0.0	0.0	0.0	0.0	0.0
0.0	0.0	0.0	0.0	0.0	0.0	0.0	0.0	0.0	0.0	0.0	0.0	0.0	2.19722457734	0.0	0.0	0.0
0.0	0.0	0.0	0.0	0.0	0.0	0.0	0.0	0.0	0.0	0.0	0.0	0.0	2.19722457734	0.0	0.0	0.0
0.0	0.0	0.0	0.0	0.0	0.0	0.0	0.0	0.0	2.19722457734	0.0	0.0	0.0	0.0	0.0	0.0	0.0
0.0	0.0	0.0	0.0	0.0	0.0	0.0	2.19722457734	0.0	0.0	0.0	0.0	0.0	0.0	0.0	0.0	0.0
0.0	0.0	0.0	0.0	0.0	0.0	0.0	0.0	0.0	0.0	0.0	0.0	2.19722457734	0.0	0.0	0.0	0.0
0.0	0.0	0.0	0.0	0.0	0.0	0.0	0.0	0.0	0.0	0.0	0.0	0.0	0.0	0.0	0.0	2.19722457734
0.0	0.0	0.0	0.0	0.0	0.0	0.0	0.0	0.0	0.0	1.79175946923	0.0	0.0	0.0	0.0	1.79175946923	0.0
0.0	0.0	0.0	0.0	0.0	0.0	0.0	0.0	0.0	0.0	0.0	2.19722457734	0.0	0.0	0.0	0.0	0.0
0.0	4.39444915467	0.0	0.0	0.0	0.0	0.0	0.0	0.0	0.0	0.0	0.0	0.0	0.0	0.0	0.0	0.0
0.0	0.0	0.0	0.0	0.0	0.0	0.0	0.0	0.0	0.0	1.79175946923	0.0	0.0	0.0	0.0	1.79175946923	0.0
0.0	0.0	0.0	0.0	0.0	0.0	0.0	0.0	0.0	0.0	0.0	3.58351893846	0.0	0.0	7.16703787691	0.0	0.0
0.0	0.0	0.0	0.0	0.0	0.0	1.09861228867	1.09861228867	0.0	0.0	1.09861228867	0.0	1.09861228867	0.0	0.0	1.09861228867	0.0
0.0	0.0	0.0	0.0	0.0	0.0	0.0	0.0	0.0	0.0	0.0	0.0	0.0	2.19722457734	0.0	0.0	0.0
0.0	0.0	0.0	0.0	0.0	2.19722457734	0.0	0.0	0.0	0.0	0.0	0.0	0.0	0.0	0.0	0.0	0.0
0.0	2.19722457734	0.0	0.0	0.0	0.0	0.0	0.0	0.0	0.0	0.0	0.0	0.0	0.0	0.0	0.0	0.0
2.19722457734	0.0	0.0	0.0	0.0	0.0	0.0	0.0	0.0	0.0	0.0	0.0	0.0	0.0	0.0	0.0	0.0
0.0	0.0	0.0	0.0	0.0	2.19722457734	0.0	0.0	0.0	0.0	0.0	0.0	0.0	0.0	0.0	0.0	0.0
0.0	0.0	0.0	0.0	0.0	0.0	2.19722457734	0.0	0.0	0.0	0.0	0.0	0.0	0.0	0.0	0.0	0.0
0.69314718056	0.69314718056	0.69314718056	0.0	0.0	0.69314718056	0.0	0.0	0.0	0.69314718056	0.69314718056	0.0	2.77258872224	0.0	0.0	0.69314718056	0.0
0.0	0.0	0.0	0.0	2.19722457734	0.0	0.0	0.0	0.0	0.0	0.0	0.0	0.0	0.0	0.0	0.0	0.0
0.0	0.0	0.0	0.0	0.0	1.50407739678	0.0	0.0	0.0	0.0	0.0	0.0	0.0	4.51223219033	4.51223219033	0.0	0.0
0.0	0.0	0.0	0.0	0.0	0.0	0.0	0.0	0.0	2.19722457734	0.0	0.0	0.0	0.0	0.0	0.0	0.0
0.0	0.0	0.0	0.0	2.19722457734	0.0	0.0	0.0	0.0	0.0	0.0	0.0	0.0	0.0	0.0	0.0	0.0
0.0	3.00815479355	0.0	0.0	0.0	0.0	0.0	0.0	0.0	0.0	0.0	0.0	4.51223219033	0.0	0.0	0.0	3.00815479355
0.0	0.0	0.0	0.0	0.0	0.0	0.0	2.19722457734	0.0	0.0	0.0	0.0	0.0	0.0	0.0	0.0	0.0
0.0	0.944461608841	0.0	0.944461608841	0.0	0.0	0.0	0.0	0.0	0.0	0.944461608841	0.944461608841	0.944461608841	0.0	0.0	0.944461608841	0.0
0.0	0.0	0.0	0.0	0.0	0.0	2.19722457734	0.0	0.0	0.0	0.0	0.0	0.0	0.0	0.0	0.0	0.0
0.0	0.0	0.0	0.0	0.0	0.0	0.0	0.0	0.0	0.0	0.0	0.0	2.19722457734	0.0	0.0	0.0	0.0
0.0	0.0	0.0	0.0	0.0	0.0	0.0	0.0	0.0	0.0	0.0	2.19722457734	0.0	0.0	0.0	0.0	0.0
0.0	0.0	0.0	0.0	0.0	0.0	0.0	0.0	0.0	0.0	1.79175946923	0.0	0.0	0.0	0.0	1.79175946923	0.0
0.0	0.0	0.0	0.0	0.0	4.39444915467	0.0	0.0	0.0	0.0	0.0	0.0	0.0	0.0	0.0	0.0	0.0
0.0	0.0	0.0	0.0	0.0	0.0	0.0	0.0	0.0	0.0	0.0	0.0	2.19722457734	0.0	0.0	0.0	0.0
2.19722457734	0.0	0.0	0.0	0.0	0.0	0.0	0.0	0.0	0.0	0.0	0.0	0.0	0.0	0.0	0.0	0.0
0.0	0.0	0.0	0.0	0.0	2.19722457734	0.0	0.0	0.0	0.0	0.0	0.0	0.0	0.0	0.0	0.0	0.0
0.0	0.0	0.0	0.0	0.0	0.0	0.0	0.0	0.0	0.0	0.0	0.0	2.19722457734	0.0	0.0	0.0	0.0
0.0	0.0	0.0	0.0	0.0	2.19722457734	0.0	0.0	0.0	0.0	0.0	0.0	0.0	0.0	0.0	0.0	0.0
0.0	0.0	0.0	6.59167373201	0.0	0.0	0.0	0.0	0.0	0.0	0.0	0.0	0.0	0.0	0.0	0.0	0.0
0.0	0.0	0.0	0.0	0.0	0.0	0.0	2.19722457734	0.0	0.0	0.0	0.0	0.0	0.0	0.0	0.0	0.0
0.0	0.0	0.0	0.0	0.0	0.0	0.0	0.0	0.0	0.0	0.0	4.39444915467	0.0	0.0	0.0	0.0	0.0
1.50407739678	0.0	0.0	0.0	0.0	0.0	0.0	0.0	1.50407739678	1.50407739678	0.0	0.0	0.0	0.0	0.0	0.0	0.0
2.19722457734	0.0	0.0	0.0	0.0	0.0	0.0	0.0	0.0	0.0	3.295836866	0.0	0.0	0.0	1.09861228867	3.295836866	1.09861228867
0.0	0.0	0.0	0.0	0.0	2.19722457734	0.0	0.0	0.0	0.0	0.0	0.0	0.0	0.0	0.0	0.0	0.0
0.0	0.0	0.0	0.0	0.0	0.0	0.0	0.0	0.0	0.0	0.0	0.0	4.39444915467	0.0	0.0	0.0	0.0
0.0	0.0	3.58351893846	0.0	0.0	0.0	1.79175946923	0.0	0.0	0.0	0.0	0.0	0.0	0.0	0.0	0.0	0.0
0.0	1.79175946923	0.0	0.0	0.0	0.0	0.0	0.0	0.0	0.0	0.0	3.58351893846	0.0	0.0	0.0	0.0	0.0
0.0	1.50407739678	0.0	0.0	0.0	0.0	0.0	0.0	0.0	0.0	0.0	0.0	1.50407739678	0.0	0.0	0.0	1.50407739678
0.0	0.0	0.0	0.0	0.0	0.0	0.0	0.0	0.0	0.0	1.79175946923	0.0	0.0	0.0	0.0	1.79175946923	0.0
0.0	0.0	0.0	0.0	0.0	0.0	2.19722457734	0.0	0.0	0.0	0.0	0.0	0.0	0.0	0.0	0.0	0.0
0.0	0.0	0.0	2.19722457734	0.0	0.0	0.0	0.0	0.0	0.0	0.0	0.0	0.0	0.0	0.0	0.0	0.0
0.0	0.0	0.0	0.0	1.79175946923	0.0	0.0	0.0	0.0	0.0	0.0	0.0	0.0	0.0	3.58351893846	0.0	0.0
0.0	0.0	0.0	0.0	0.0	0.0	0.0	2.19722457734	0.0	0.0	0.0	0.0	0.0	0.0	0.0	0.0	0.0
0.0	0.0	0.0	0.0	0.0	0.0	0.0	6.59167373201	0.0	0.0	0.0	0.0	0.0	0.0	0.0	0.0	0.0
0.0	6.01630958711	0.0	0.0	0.0	0.0	0.0	0.0	0.0	0.0	0.0	13.536696571	1.50407739678	0.0	0.0	0.0	0.0
0.0	0.0	0.0	0.0	0.0	0.0	0.0	0.0	0.0	0.0	0.0	0.0	0.0	0.0	2.19722457734	0.0	0.0
0.0	0.0	0.0	0.0	0.0	0.0	0.0	0.0	0.0	0.0	0.0	0.0	2.19722457734	0.0	0.0	0.0	0.0
0.587786664902	0.0	0.587786664902	0.0	0.0	0.0	0.0	0.587786664902	0.0	0.587786664902	0.587786664902	0.587786664902	1.1755733298	0.0	0.587786664902	0.587786664902	0.0
0.0	2.19722457734	0.0	0.0	0.0	0.0	0.0	0.0	0.0	0.0	0.0	0.0	0.0	0.0	0.0	0.0	0.0
0.0	2.19722457734	0.0	0.0	0.0	0.0	0.0	0.0	0.0	0.0	0.0	0.0	0.0	0.0	0.0	0.0	0.0
0.0	0.0	0.0	2.19722457734	0.0	0.0	0.0	0.0	0.0	0.0	0.0	0.0	0.0	0.0	0.0	0.0	0.0
0.0	0.0	0.0	0.0	0.0	0.0	2.19722457734	0.0	0.0	0.0	0.0	0.0	0.0	0.0	0.0	0.0	0.0
0.0	0.0	0.0	0.0	0.0	1.50407739678	0.0	0.0	0.0	0.0	1.50407739678	0.0	0.0	0.0	0.0	1.50407739678	0.0
0.0	0.0	0.0	0.0	0.0	2.19722457734	0.0	0.0	0.0	0.0	0.0	0.0	0.0	0.0	0.0	0.0	0.0
0.0	2.19722457734	0.0	0.0	0.0	0.0	0.0	0.0	0.0	0.0	0.0	0.0	0.0	0.0	0.0	0.0	0.0
0.0	0.0	0.0	0.0	0.0	0.0	0.0	0.0	0.0	0.0	0.0	0.0	2.19722457734	0.0	0.0	0.0	0.0
0.0	0.0	0.0	0.0	0.0	0.0	0.0	0.0	0.0	4.39444915467	0.0	0.0	0.0	0.0	0.0	0.0	0.0
0.0	0.0	0.0	0.0	0.0	2.19722457734	0.0	0.0	0.0	0.0	0.0	0.0	0.0	0.0	0.0	0.0	0.0
0.0	0.0	0.0	0.0	0.0	0.0	0.0	0.0	0.0	0.0	0.0	0.0	0.0	0.0	6.59167373201	0.0	0.0
0.0	0.0	0.0	0.0	0.0	0.0	0.0	0.0	0.0	1.79175946923	0.0	0.0	0.0	1.79175946923	0.0	0.0	0.0
0.0	0.0	0.944461608841	1.88892321768	0.0	0.944461608841	0.0	0.0	0.0	0.0	0.944461608841	0.0	0.0	0.0	0.0	0.944461608841	0.944461608841
0.0	0.0	0.0	0.0	0.0	0.0	0.0	0.0	0.0	0.0	0.0	0.0	0.0	0.0	0.0	0.0	2.19722457734
0.0	0.0	0.0	6.59167373201	0.0	0.0	0.0	0.0	0.0	0.0	0.0	0.0	0.0	0.0	0.0	0.0	0.0
0.0	0.0	0.0	0.0	0.0	2.19722457734	0.0	0.0	0.0	0.0	0.0	0.0	0.0	0.0	0.0	0.0	0.0
0.0	0.0	0.0	0.0	0.0	0.0	0.0	8.78889830934	0.0	0.0	0.0	0.0	0.0	0.0	0.0	0.0	0.0
0.0	0.0	0.0	0.0	0.0	0.0	0.0	0.0	0.0	0.0	0.0	0.0	2.19722457734	0.0	0.0	0.0	0.0
2.19722457734	0.0	0.0	0.0	0.0	0.0	0.0	0.0	0.0	0.0	0.0	0.0	0.0	0.0	0.0	0.0	0.0
0.0	0.0	0.0	0.0	0.0	0.0	0.0	0.0	0.0	0.0	0.0	0.0	0.0	1.79175946923	0.0	0.0	1.79175946923
0.0	0.0	0.0	0.0	0.0	0.0	0.0	2.19722457734	0.0	0.0	0.0	0.0	0.0	0.0	0.0	0.0	0.0
0.0	0.0	0.0	0.0	0.0	0.0	0.0	0.0	0.0	2.19722457734	0.0	0.0	0.0	0.0	0.0	0.0	0.0
0.0	0.0	0.0	0.0	0.0	0.0	0.0	0.0	0.0	0.0	0.0	0.0	2.19722457734	0.0	0.0	0.0	0.0
0.0	1.79175946923	0.0	0.0	0.0	0.0	0.0	0.0	0.0	0.0	0.0	3.58351893846	0.0	0.0	0.0	0.0	0.0
0.0	0.0	0.0	0.0	1.79175946923	0.0	0.0	0.0	0.0	0.0	0.0	0.0	0.0	1.79175946923	0.0	0.0	0.0
0.944461608841	0.0	0.944461608841	0.0	0.944461608841	0.0	0.0	0.944461608841	0.0	0.0	0.0	0.0	0.0	0.944461608841	0.944461608841	0.0	0.0
0.0	0.0	0.0	0.0	0.0	0.0	0.0	0.0	0.0	0.0	1.79175946923	0.0	0.0	0.0	0.0	1.79175946923	0.0
0.0	0.0	0.0	3.00815479355	0.0	3.00815479355	0.0	0.0	0.0	0.0	0.0	0.0	0.0	3.00815479355	0.0	0.0	0.0
0.0	0.0	0.0	0.0	0.0	0.0	0.0	0.0	0.0	0.0	0.0	0.0	2.19722457734	0.0	0.0	0.0	0.0
0.0	0.0	0.0	0.0	0.0	0.0	0.0	0.0	0.0	0.0	0.0	0.0	2.19722457734	0.0	0.0	0.0	0.0
0.0	0.0	0.0	0.0	0.0	2.19722457734	0.0	0.0	0.0	0.0	0.0	0.0	0.0	0.0	0.0	0.0	0.0
0.0	0.0	0.0	0.0	2.19722457734	0.0	0.0	0.0	0.0	0.0	0.0	0.0	0.0	0.0	0.0	0.0	0.0
0.0	0.0	0.0	0.0	0.0	0.0	0.0	0.0	0.0	0.0	0.0	0.0	0.0	0.0	0.0	0.0	2.19722457734
0.0	0.0	0.0	0.0	2.19722457734	0.0	0.0	0.0	0.0	0.0	0.0	0.0	0.0	0.0	0.0	0.0	0.0
0.0	0.0	0.0	0.0	0.0	0.0	1.79175946923	0.0	0.0	0.0	0.0	1.79175946923	0.0	0.0	0.0	0.0	0.0
0.0	0.0	0.0	0.0	4.39444915467	0.0	0.0	0.0	0.0	0.0	0.0	0.0	0.0	0.0	0.0	0.0	0.0
0.0	0.0	0.0	0.0	0.0	0.0	0.0	0.0	0.0	0.0	0.0	0.0	0.0	2.19722457734	0.0	0.0	0.0
0.0	0.0	0.0	0.0	0.0	0.0	0.0	0.0	0.0	0.0	0.0	2.19722457734	0.0	0.0	0.0	0.0	0.0
0.0	0.0	0.0	0.0	0.0	0.0	0.0	0.0	0.0	0.0	0.0	1.79175946923	0.0	0.0	1.79175946923	0.0	0.0
0.0	0.0	0.0	0.0	0.0	0.0	0.0	0.0	0.0	0.0	0.0	0.0	0.0	0.0	2.19722457734	0.0	0.0
0.0	0.0	0.0	0.0	0.0	0.0	0.0	0.0	0.0	0.0	0.0	0.0	0.0	0.0	0.0	0.0	2.19722457734
0.0	0.0	0.0	0.0	0.0	2.19722457734	0.0	0.0	0.0	0.0	0.0	0.0	0.0	0.0	0.0	0.0	0.0
0.0	0.0	0.0	6.59167373201	0.0	0.0	0.0	0.0	0.0	0.0	0.0	0.0	0.0	0.0	0.0	0.0	0.0
0.0	0.0	0.0	0.0	0.0	0.0	0.0	0.0	0.0	0.0	0.0	0.0	4.39444915467	0.0	0.0	0.0	0.0
0.0	0.0	0.0	0.0	0.0	0.0	0.0	0.0	0.0	0.0	0.0	0.0	0.0	0.0	2.19722457734	0.0	0.0
0.0	0.0	0.0	0.0	0.0	0.0	0.0	0.0	0.0	0.0	0.0	0.0	0.0	0.0	2.19722457734	0.0	0.0
0.0	0.0	3.58351893846	0.0	0.0	0.0	1.79175946923	0.0	0.0	0.0	0.0	0.0	0.0	0.0	0.0	0.0	0.0
0.0	0.0	0.0	2.19722457734	0.0	0.0	0.0	0.0	0.0	0.0	0.0	0.0	0.0	0.0	0.0	0.0	0.0
0.0	0.0	2.19722457734	0.0	0.0	0.0	0.0	0.0	0.0	0.0	0.0	0.0	0.0	0.0	0.0	0.0	0.0
0.0	0.0	0.0	0.0	0.0	0.0	0.0	0.0	0.0	0.0	1.79175946923	0.0	0.0	0.0	0.0	1.79175946923	0.0
0.0	0.0	0.0	0.0	0.0	0.0	0.0	0.0	0.0	2.19722457734	0.0	0.0	0.0	0.0	0.0	0.0	0.0
0.0	0.0	0.0	0.0	0.0	0.0	2.19722457734	0.0	0.0	0.0	0.0	0.0	0.0	0.0	0.0	0.0	0.0
0.0	0.0	0.0	0.0	0.0	0.0	0.0	0.0	0.0	0.0	0.0	0.0	2.19722457734	0.0	0.0	0.0	0.0
0.0	0.0	0.0	0.0	1.79175946923	0.0	0.0	0.0	0.0	0.0	0.0	0.0	0.0	1.79175946923	0.0	0.0	0.0
0.0	0.0	0.0	0.0	0.0	4.39444915467	0.0	0.0	0.0	0.0	0.0	0.0	0.0	0.0	0.0	0.0	0.0
0.0	1.50407739678	1.50407739678	1.50407739678	0.0	0.0	0.0	0.0	0.0	0.0	0.0	0.0	0.0	0.0	0.0	0.0	0.0
0.0	0.0	0.0	0.0	0.0	0.0	0.0	0.0	2.19722457734	0.0	0.0	0.0	0.0	0.0	0.0	0.0	0.0
0.0	0.0	0.0	0.0	0.0	0.0	0.0	0.0	6.59167373201	0.0	0.0	0.0	0.0	0.0	0.0	0.0	0.0
0.0	0.0	0.0	0.0	0.0	0.0	0.0	0.0	0.0	0.0	0.0	2.19722457734	0.0	0.0	0.0	0.0	0.0
0.0	0.0	0.0	0.0	0.0	0.0	0.0	0.0	0.0	2.19722457734	0.0	0.0	0.0	0.0	0.0	0.0	0.0
2.19722457734	0.0	0.0	0.0	0.0	0.0	0.0	0.0	0.0	0.0	0.0	0.0	0.0	0.0	0.0	0.0	0.0
0.0	0.0	0.0	0.0	0.0	0.0	0.0	0.0	6.59167373201	0.0	0.0	0.0	0.0	0.0	0.0	0.0	0.0
0.0	0.0	1.28093384546	0.0	0.0	0.0	0.0	0.0	0.0	0.0	1.28093384546	0.0	0.0	0.0	0.0	1.28093384546	1.28093384546
0.0	0.0	0.0	0.0	0.0	0.0	0.0	0.0	0.0	0.0	0.0	0.0	0.0	0.0	0.0	0.0	2.19722457734
0.0	0.0	0.0	0.0	2.19722457734	0.0	0.0	0.0	0.0	0.0	0.0	0.0	0.0	0.0	0.0	0.0	0.0
0.0	0.0	0.0	0.0	0.0	0.0	0.0	0.0	0.0	0.0	1.79175946923	0.0	0.0	0.0	0.0	1.79175946923	0.0
0.0	1.50407739678	0.0	0.0	0.0	0.0	0.0	0.0	0.0	0.0	0.0	1.50407739678	1.50407739678	0.0	0.0	0.0	0.0
0.0	0.0	0.0	0.0	0.0	0.0	0.0	2.19722457734	0.0	0.0	0.0	0.0	0.0	0.0	0.0	0.0	0.0
0.0	0.0	0.0	0.0	0.0	0.0	0.0	0.0	0.0	0.0	0.0	1.79175946923	1.79175946923	0.0	0.0	0.0	0.0
0.0	2.19722457734	0.0	0.0	0.0	0.0	0.0	0.0	0.0	0.0	0.0	0.0	0.0	0.0	0.0	0.0	0.0
0.0	0.0	0.0	0.0	0.0	0.0	0.0	0.0	0.0	0.0	1.79175946923	0.0	0.0	0.0	0.0	1.79175946923	0.0
0.0	0.0	0.0	0.0	0.0	2.19722457734	0.0	0.0	0.0	0.0	0.0	0.0	0.0	0.0	0.0	0.0	0.0
0.0	0.0	0.0	0.0	0.0	0.0	0.0	0.0	0.0	0.0	0.0	0.0	2.19722457734	0.0	0.0	0.0	0.0
0.0	0.0	0.0	0.0	0.0	0.0	0.0	0.0	0.0	2.19722457734	0.0	0.0	0.0	0.0	0.0	0.0	0.0
0.0	2.19722457734	0.0	0.0	0.0	0.0	0.0	0.0	0.0	0.0	0.0	0.0	0.0	0.0	0.0	0.0	0.0
0.0	0.0	0.0	0.0	0.0	0.0	0.0	0.0	0.0	0.0	0.0	0.0	0.0	0.0	2.19722457734	0.0	0.0
0.0	0.0	0.0	0.0	0.0	0.0	0.0	0.0	0.0	0.0	0.0	2.19722457734	0.0	0.0	0.0	0.0	0.0
0.0	0.0	2.19722457734	0.0	0.0	0.0	0.0	0.0	0.0	0.0	0.0	0.0	0.0	0.0	0.0	0.0	0.0
0.0	0.0	0.0	0.0	0.0	0.0	0.0	0.0	0.0	0.0	0.0	0.0	2.19722457734	0.0	0.0	0.0	0.0
0.0	0.0	0.0	0.0	0.0	0.0	3.00815479355	0.0	3.00815479355	4.51223219033	0.0	0.0	0.0	0.0	0.0	0.0	0.0
0.0	0.0	0.0	0.0	0.0	0.0	0.0	0.0	0.0	6.59167373201	0.0	0.0	0.0	0.0	0.0	0.0	0.0
0.0	0.0	0.0	0.0	1.50407739678	0.0	0.0	0.0	0.0	1.50407739678	0.0	0.0	0.0	0.0	1.50407739678	0.0	0.0
1.09861228867	0.0	1.09861228867	0.0	0.0	0.0	1.09861228867	0.0	2.19722457734	4.39444915467	0.0	0.0	0.0	0.0	0.0	0.0	0.0
0.0	0.0	0.0	0.0	0.0	0.0	0.0	8.78889830934	0.0	0.0	0.0	0.0	0.0	0.0	0.0	0.0	0.0
0.0	0.0	0.0	0.0	0.0	0.0	0.0	0.0	0.0	0.0	0.0	2.19722457734	0.0	0.0	0.0	0.0	0.0
0.0	0.0	0.0	0.0	0.0	0.0	0.0	0.0	2.19722457734	0.0	0.0	0.0	0.0	0.0	0.0	0.0	0.0
0.0	0.0	0.0	0.0	0.0	4.39444915467	0.0	0.0	0.0	0.0	0.0	0.0	0.0	0.0	0.0	0.0	0.0
0.0	0.0	0.0	0.0	0.0	2.19722457734	0.0	0.0	0.0	0.0	0.0	0.0	0.0	0.0	0.0	0.0	0.0
0.0	0.0	0.0	0.0	0.0	0.0	0.0	0.0	0.0	0.0	0.0	0.0	0.0	2.19722457734	0.0	0.0	0.0
0.0	0.0	0.0	0.0	0.0	0.0	0.0	0.0	0.0	0.0	0.0	0.0	0.0	0.0	0.0	0.0	2.19722457734
0.0	0.0	2.19722457734	0.0	0.0	0.0	0.0	0.0	0.0	0.0	0.0	0.0	0.0	0.0	0.0	0.0	0.0
0.0	0.0	2.19722457734	0.0	0.0	0.0	0.0	0.0	0.0	0.0	0.0	0.0	0.0	0.0	0.0	0.0	0.0
0.0	0.0	0.0	0.0	0.0	0.0	0.0	0.0	0.0	0.0	0.0	0.0	2.19722457734	0.0	0.0	0.0	0.0
0.0	0.0	0.0	0.0	0.0	2.19722457734	0.0	0.0	0.0	0.0	0.0	0.0	0.0	0.0	0.0	0.0	0.0
0.0	0.0	0.0	0.0	2.19722457734	0.0	0.0	0.0	0.0	0.0	0.0	0.0	0.0	0.0	0.0	0.0	0.0
0.0	0.0	0.0	0.0	0.0	0.0	0.0	0.0	0.0	0.0	0.0	0.0	0.0	0.0	0.0	0.0	2.19722457734
0.0	0.0	0.0	0.0	0.0	0.0	0.0	0.0	0.0	0.0	0.0	0.0	0.0	0.0	0.0	0.0	2.19722457734
3.00815479355	0.0	3.00815479355	3.00815479355	0.0	0.0	0.0	0.0	0.0	0.0	0.0	0.0	0.0	0.0	0.0	0.0	0.0
0.0	0.0	0.0	0.0	0.0	0.0	0.0	0.0	0.0	0.0	0.0	2.19722457734	0.0	0.0	0.0	0.0	0.0
3.00815479355	0.0	0.0	0.0	0.0	0.0	0.0	0.0	1.50407739678	0.0	0.0	0.0	0.0	0.0	1.50407739678	0.0	0.0
0.0	0.0	0.0	2.19722457734	0.0	0.0	0.0	0.0	0.0	0.0	0.0	0.0	0.0	0.0	0.0	0.0	0.0
0.0	0.0	0.0	13.183347464	0.0	0.0	0.0	0.0	0.0	0.0	0.0	0.0	0.0	0.0	0.0	0.0	0.0
4.39444915467	0.0	1.09861228867	1.09861228867	0.0	0.0	0.0	0.0	0.0	0.0	1.09861228867	0.0	0.0	0.0	0.0	1.09861228867	0.0
0.0	0.0	0.0	0.0	0.0	0.0	0.0	0.0	0.0	0.0	0.0	0.0	2.19722457734	0.0	0.0	0.0	0.0
1.28093384546	0.0	0.0	0.0	1.28093384546	0.0	0.0	0.0	1.28093384546	1.28093384546	0.0	0.0	0.0	0.0	0.0	0.0	0.0
0.0	0.0	0.0	0.0	0.0	0.0	0.0	0.0	3.58351893846	1.79175946923	0.0	0.0	0.0	0.0	0.0	0.0	0.0
0.0	0.0	0.0	0.0	3.00815479355	0.0	0.0	0.0	0.0	0.0	0.0	1.50407739678	0.0	0.0	0.0	0.0	1.50407739678
0.0	0.0	0.0	0.0	0.0	0.0	0.0	0.0	0.0	0.0	0.0	0.0	0.0	0.0	2.19722457734	0.0	0.0
0.0	0.0	0.0	0.0	0.0	0.0	0.0	0.0	0.0	0.0	0.0	0.0	0.0	0.0	4.39444915467	0.0	0.0
0.0	0.0	0.0	0.0	0.0	0.0	0.0	0.0	0.0	0.0	0.0	0.0	2.19722457734	0.0	0.0	0.0	0.0
0.0	0.0	0.0	0.0	0.0	0.0	2.19722457734	0.0	0.0	0.0	0.0	0.0	0.0	0.0	0.0	0.0	0.0
2.19722457734	0.0	0.0	0.0	0.0	0.0	0.0	0.0	0.0	0.0	0.0	0.0	0.0	0.0	0.0	0.0	0.0
0.0	0.0	0.0	0.0	0.0	0.0	0.0	0.0	0.0	0.0	0.0	0.0	0.0	0.0	0.0	0.0	17.5777966187
0.0	0.0	0.0	0.0	0.0	0.0	0.0	2.19722457734	0.0	0.0	0.0	0.0	0.0	0.0	0.0	0.0	0.0
0.0	0.0	0.0	0.0	0.0	0.0	0.0	0.0	0.0	0.0	0.0	2.19722457734	0.0	0.0	0.0	0.0	0.0
0.0	0.0	0.0	0.0	1.79175946923	0.0	0.0	0.0	0.0	0.0	0.0	0.0	0.0	0.0	1.79175946923	0.0	0.0
3.00815479355	0.0	0.0	0.0	1.50407739678	0.0	0.0	0.0	1.50407739678	0.0	0.0	0.0	0.0	0.0	0.0	0.0	0.0
0.0	0.0	0.0	0.0	0.0	2.19722457734	0.0	0.0	0.0	0.0	0.0	0.0	0.0	0.0	0.0	0.0	0.0
0.0	0.0	0.0	0.0	0.0	1.79175946923	0.0	0.0	0.0	0.0	0.0	0.0	0.0	1.79175946923	0.0	0.0	0.0
0.0	0.0	0.0	0.0	0.0	1.79175946923	3.58351893846	0.0	0.0	0.0	0.0	0.0	0.0	0.0	0.0	0.0	0.0
0.0	0.0	0.0	0.0	0.0	0.0	0.0	0.0	0.0	0.0	0.0	0.0	2.19722457734	0.0	0.0	0.0	0.0
0.0	2.19722457734	0.0	0.0	0.0	0.0	0.0	0.0	0.0	0.0	0.0	0.0	0.0	0.0	0.0	0.0	0.0
0.0	0.0	2.19722457734	0.0	0.0	0.0	0.0	0.0	0.0	0.0	0.0	0.0	0.0	0.0	0.0	0.0	0.0
0.0	0.0	0.0	0.0	0.0	0.0	0.0	6.59167373201	0.0	0.0	0.0	0.0	0.0	0.0	0.0	0.0	0.0
0.0	0.0	0.0	0.0	0.0	2.19722457734	0.0	0.0	0.0	0.0	0.0	0.0	0.0	0.0	0.0	0.0	0.0
0.0	0.0	0.0	6.59167373201	0.0	0.0	0.0	0.0	0.0	0.0	0.0	0.0	0.0	0.0	0.0	0.0	0.0
0.0	0.0	0.0	0.0	0.0	0.0	0.0	0.0	0.0	0.0	0.0	0.0	0.0	2.19722457734	0.0	0.0	0.0
0.0	0.0	0.0	0.0	0.0	0.0	0.0	0.0	0.0	0.0	0.0	1.79175946923	0.0	0.0	1.79175946923	0.0	0.0
0.0	0.0	0.0	0.0	0.0	0.0	0.0	0.0	0.0	0.0	0.0	0.0	2.19722457734	0.0	0.0	0.0	0.0
0.0	0.0	0.0	0.0	0.0	0.0	0.0	0.0	0.0	0.0	1.79175946923	0.0	0.0	0.0	0.0	1.79175946923	0.0
0.0	0.0	0.0	0.0	1.79175946923	0.0	0.0	0.0	0.0	0.0	0.0	0.0	0.0	0.0	0.0	0.0	5.37527840768
0.0	0.0	2.19722457734	0.0	0.0	0.0	0.0	0.0	0.0	0.0	0.0	0.0	0.0	0.0	0.0	0.0	0.0
0.0	0.0	0.0	0.0	0.0	0.0	0.0	0.0	0.0	0.0	0.0	0.0	0.0	0.0	0.0	0.0	2.19722457734
0.0	0.0	0.0	1.79175946923	0.0	0.0	0.0	0.0	0.0	0.0	0.0	0.0	1.79175946923	0.0	0.0	0.0	0.0
0.0	0.0	0.0	0.0	0.0	0.0	0.0	0.0	0.0	0.0	0.0	0.0	1.79175946923	0.0	1.79175946923	0.0	0.0
0.0	0.0	0.0	0.0	0.0	0.0	0.0	0.0	0.0	0.0	0.0	0.0	0.0	0.0	2.19722457734	0.0	0.0
0.0	0.0	0.0	0.0	1.50407739678	0.0	0.0	0.0	0.0	0.0	7.52038698388	0.0	0.0	0.0	0.0	7.52038698388	0.0
0.0	0.0	0.0	0.0	0.0	0.0	0.0	0.0	0.0	0.0	3.58351893846	0.0	0.0	0.0	0.0	3.58351893846	0.0
0.0	0.0	0.0	0.0	0.0	0.0	0.0	0.0	0.0	2.19722457734	0.0	0.0	0.0	0.0	0.0	0.0	0.0
0.0	1.28093384546	0.0	0.0	0.0	0.0	0.0	0.0	1.28093384546	1.28093384546	0.0	0.0	6.40466922731	0.0	0.0	0.0	0.0
0.0	1.79175946923	0.0	0.0	0.0	0.0	0.0	0.0	0.0	0.0	0.0	0.0	10.7505568154	0.0	0.0	0.0	0.0
0.0	1.79175946923	0.0	0.0	0.0	0.0	0.0	0.0	0.0	0.0	0.0	1.79175946923	0.0	0.0	0.0	0.0	0.0
0.0	0.0	0.0	0.0	4.39444915467	0.0	0.0	4.39444915467	0.0	0.0	1.09861228867	0.0	0.0	0.0	6.59167373201	1.09861228867	0.0
1.1755733298	0.0	0.587786664902	0.0	0.0	0.0	0.587786664902	0.0	0.0	0.587786664902	1.76335999471	0.0	0.0	1.1755733298	1.1755733298	1.76335999471	1.1755733298
0.0	0.0	0.0	0.0	0.0	0.0	0.0	0.0	0.0	0.0	0.0	0.0	2.19722457734	0.0	0.0	0.0	0.0
0.0	0.0	0.0	0.0	0.0	0.0	0.0	0.0	0.0	0.0	3.58351893846	0.0	0.0	0.0	0.0	3.58351893846	0.0
0.0	0.0	0.0	0.0	2.19722457734	0.0	0.0	0.0	0.0	0.0	0.0	0.0	0.0	0.0	0.0	0.0	0.0
0.0	0.0	0.0	0.0	0.0	1.79175946923	3.58351893846	0.0	0.0	0.0	0.0	0.0	0.0	0.0	0.0	0.0	0.0
0.0	0.0	0.0	0.0	0.0	1.50407739678	3.00815479355	0.0	3.00815479355	0.0	0.0	0.0	0.0	0.0	0.0	0.0	0.0
0.0	1.28093384546	1.28093384546	1.28093384546	0.0	0.0	0.0	0.0	0.0	0.0	0.0	1.28093384546	0.0	0.0	0.0	0.0	0.0
0.0	0.0	0.0	0.0	0.0	0.0	0.0	0.0	0.0	0.0	0.0	0.0	0.0	2.19722457734	0.0	0.0	0.0
0.0	0.0	0.0	2.19722457734	0.0	0.0	0.0	0.0	0.0	0.0	0.0	0.0	0.0	0.0	0.0	0.0	0.0
0.0	0.0	0.0	0.0	0.0	0.0	0.0	0.0	0.0	0.0	0.0	0.0	3.58351893846	1.79175946923	0.0	0.0	0.0
0.0	0.0	1.28093384546	0.0	0.0	0.0	1.28093384546	0.0	0.0	0.0	2.56186769092	0.0	0.0	0.0	0.0	2.56186769092	0.0
0.0	0.0	0.0	0.0	0.0	0.0	0.0	0.0	0.0	0.0	0.0	2.19722457734	0.0	0.0	0.0	0.0	0.0
0.0	0.0	0.0	0.0	0.0	0.0	0.0	0.0	0.0	0.0	0.0	0.0	2.19722457734	0.0	0.0	0.0	0.0
0.0	0.0	0.0	0.0	0.0	0.0	0.0	0.0	0.0	0.0	0.0	0.0	0.0	2.19722457734	0.0	0.0	0.0
0.0	0.0	0.0	0.0	0.0	0.0	2.19722457734	0.0	0.0	0.0	0.0	0.0	0.0	0.0	0.0	0.0	0.0
0.0	0.0	0.0	0.0	0.0	1.28093384546	0.0	0.0	0.0	0.0	3.84280153639	0.0	0.0	0.0	1.28093384546	3.84280153639	0.0
0.0	0.0	0.0	0.0	0.0	0.0	0.0	0.0	2.19722457734	0.0	0.0	0.0	0.0	0.0	0.0	0.0	0.0
0.0	1.09861228867	0.0	0.0	0.0	0.0	1.09861228867	0.0	0.0	0.0	0.0	1.09861228867	1.09861228867	1.09861228867	0.0	0.0	0.0
0.0	1.50407739678	0.0	0.0	0.0	0.0	0.0	0.0	0.0	0.0	0.0	1.50407739678	1.50407739678	0.0	0.0	0.0	0.0
2.19722457734	0.0	0.0	0.0	0.0	0.0	0.0	0.0	0.0	0.0	0.0	0.0	0.0	0.0	0.0	0.0	0.0
0.0	0.0	0.0	0.0	0.0	0.0	0.0	0.0	0.0	0.0	0.0	0.0	0.0	0.0	0.0	0.0	2.19722457734
0.0	0.0	2.19722457734	0.0	0.0	0.0	0.0	0.0	0.0	0.0	0.0	0.0	0.0	0.0	0.0	0.0	0.0
0.0	0.0	0.0	0.0	0.0	0.0	0.0	0.0	0.0	0.0	0.0	2.19722457734	0.0	0.0	0.0	0.0	0.0
0.0	0.0	0.0	2.19722457734	0.0	0.0	0.0	0.0	0.0	0.0	0.0	0.0	0.0	0.0	0.0	0.0	0.0
1.50407739678	0.0	0.0	0.0	0.0	0.0	0.0	0.0	0.0	0.0	0.0	1.50407739678	0.0	0.0	1.50407739678	0.0	0.0
0.0	1.79175946923	0.0	0.0	0.0	0.0	0.0	0.0	0.0	0.0	0.0	0.0	7.16703787691	0.0	0.0	0.0	0.0
0.0	0.0	0.0	0.0	0.0	0.0	0.0	0.0	2.19722457734	0.0	0.0	0.0	0.0	0.0	0.0	0.0	0.0
0.0	0.0	0.0	0.0	0.0	3.77784643536	0.0	0.0	3.77784643536	5.66676965305	0.944461608841	0.0	0.0	0.0	2.83338482652	0.944461608841	0.0
0.0	1.50407739678	0.0	0.0	0.0	0.0	0.0	0.0	0.0	0.0	0.0	1.50407739678	1.50407739678	0.0	0.0	0.0	0.0
0.0	0.0	2.19722457734	0.0	0.0	0.0	0.0	0.0	0.0	0.0	0.0	0.0	0.0	0.0	0.0	0.0	0.0
0.0	0.0	0.0	0.0	2.19722457734	0.0	0.0	0.0	0.0	0.0	0.0	0.0	0.0	0.0	0.0	0.0	0.0
0.0	0.0	0.0	0.0	0.0	0.0	0.0	0.0	0.0	0.0	0.0	0.0	0.0	0.0	0.0	0.0	2.19722457734
0.0	0.0	0.0	0.0	0.0	0.0	0.0	0.0	0.0	0.0	0.0	0.0	0.0	2.19722457734	0.0	0.0	0.0
0.0	0.0	0.0	0.0	0.0	0.0	0.0	0.0	0.0	0.0	0.0	0.0	2.19722457734	0.0	0.0	0.0	0.0
0.0	0.0	0.0	0.0	0.0	0.0	0.0	0.0	0.0	0.0	0.0	0.0	0.0	0.0	4.39444915467	0.0	0.0
0.0	0.0	1.79175946923	0.0	0.0	0.0	0.0	0.0	0.0	0.0	0.0	0.0	1.79175946923	0.0	0.0	0.0	0.0
0.0	0.0	2.19722457734	0.0	0.0	0.0	0.0	0.0	0.0	0.0	0.0	0.0	0.0	0.0	0.0	0.0	0.0
2.19722457734	0.0	0.0	0.0	0.0	0.0	0.0	0.0	0.0	0.0	0.0	0.0	0.0	0.0	0.0	0.0	0.0
0.0	0.0	0.0	0.0	0.0	0.0	0.0	0.0	0.0	0.0	0.0	0.0	2.19722457734	0.0	0.0	0.0	0.0
0.0	0.0	0.0	0.0	0.0	0.0	0.0	0.0	0.0	0.0	0.0	0.0	4.39444915467	0.0	0.0	0.0	0.0
0.0	0.0	0.0	0.0	0.0	0.0	0.0	0.0	0.0	2.19722457734	0.0	0.0	0.0	0.0	0.0	0.0	0.0
0.0	0.0	0.0	0.0	0.0	0.0	0.0	0.0	0.0	0.0	0.0	0.0	0.0	2.19722457734	0.0	0.0	0.0
0.0	0.0	2.19722457734	0.0	0.0	0.0	0.0	0.0	0.0	0.0	0.0	0.0	0.0	0.0	0.0	0.0	0.0
7.16703787691	0.0	1.79175946923	0.0	0.0	0.0	0.0	0.0	0.0	0.0	0.0	0.0	0.0	0.0	0.0	0.0	0.0
0.0	0.0	0.0	0.0	0.0	0.0	0.0	0.0	0.0	0.0	0.0	0.0	2.19722457734	0.0	0.0	0.0	0.0
0.0	0.0	0.0	0.0	0.0	0.0	0.0	0.0	0.0	0.0	0.0	0.0	2.19722457734	0.0	0.0	0.0	0.0
0.0	0.0	0.0	0.0	0.0	0.0	0.0	0.0	0.0	0.0	0.0	2.19722457734	0.0	0.0	0.0	0.0	0.0
0.0	0.0	0.0	0.0	0.0	0.0	0.0	2.19722457734	0.0	0.0	0.0	0.0	0.0	0.0	0.0	0.0	0.0
0.0	0.0	0.0	0.0	0.0	0.0	0.0	0.0	0.0	0.0	0.0	2.19722457734	0.0	0.0	0.0	0.0	0.0
0.0	1.79175946923	0.0	0.0	0.0	0.0	0.0	0.0	0.0	0.0	0.0	1.79175946923	0.0	0.0	0.0	0.0	0.0
0.0	0.0	0.0	0.0	0.0	0.0	0.0	0.0	0.0	2.19722457734	0.0	0.0	0.0	0.0	0.0	0.0	0.0
0.0	0.0	0.0	0.0	2.19722457734	0.0	0.0	0.0	0.0	0.0	0.0	0.0	0.0	0.0	0.0	0.0	0.0
0.0	0.0	0.0	0.0	0.0	0.0	0.0	0.0	1.79175946923	1.79175946923	0.0	0.0	0.0	0.0	0.0	0.0	0.0
0.0	0.0	0.0	0.0	2.19722457734	0.0	0.0	0.0	0.0	0.0	0.0	0.0	0.0	0.0	0.0	0.0	0.0
0.0	0.0	0.0	0.0	0.0	0.0	0.0	0.0	0.0	1.28093384546	1.28093384546	0.0	0.0	0.0	0.0	1.28093384546	1.28093384546
0.0	1.79175946923	0.0	0.0	0.0	0.0	0.0	0.0	0.0	0.0	0.0	1.79175946923	0.0	0.0	0.0	0.0	0.0
0.0	0.0	0.0	0.0	28.5639195054	0.0	0.0	0.0	0.0	0.0	0.0	0.0	0.0	0.0	0.0	0.0	0.0
0.0	0.0	0.0	0.0	0.0	0.0	0.0	0.0	0.0	0.0	1.79175946923	0.0	0.0	0.0	0.0	1.79175946923	0.0
0.0	0.0	0.0	0.0	0.0	0.0	0.0	0.0	0.0	0.0	0.0	0.0	2.19722457734	0.0	0.0	0.0	0.0
0.0	1.79175946923	0.0	0.0	0.0	0.0	0.0	0.0	0.0	0.0	0.0	0.0	1.79175946923	0.0	0.0	0.0	0.0
0.0	0.0	0.944461608841	0.0	0.944461608841	0.0	0.0	0.0	0.0	0.0	0.944461608841	0.0	0.0	0.944461608841	0.0	0.944461608841	0.944461608841
2.19722457734	0.0	0.0	0.0	0.0	0.0	0.0	0.0	0.0	0.0	0.0	0.0	0.0	0.0	0.0	0.0	0.0
0.0	0.0	0.0	0.0	0.0	0.0	2.19722457734	0.0	0.0	0.0	0.0	0.0	0.0	0.0	0.0	0.0	0.0
0.0	2.19722457734	0.0	0.0	0.0	0.0	0.0	0.0	0.0	0.0	0.0	0.0	0.0	0.0	0.0	0.0	0.0
0.0	0.0	0.0	0.0	0.0	0.0	6.59167373201	0.0	0.0	0.0	0.0	0.0	0.0	0.0	0.0	0.0	0.0
6.01630958711	0.0	0.0	0.0	0.0	0.0	0.0	0.0	0.0	0.0	1.50407739678	0.0	0.0	0.0	0.0	1.50407739678	0.0
0.0	0.0	0.0	0.0	0.0	0.0	0.0	0.0	2.19722457734	0.0	0.0	0.0	0.0	0.0	0.0	0.0	0.0
0.0	0.0	0.0	4.39444915467	0.0	0.0	0.0	0.0	0.0	0.0	0.0	0.0	0.0	0.0	0.0	0.0	0.0
0.0	0.0	0.0	0.0	0.0	0.0	0.0	0.0	0.0	0.0	0.0	0.0	2.19722457734	0.0	0.0	0.0	0.0
0.0	0.0	0.0	0.0	0.0	0.0	0.0	0.0	0.0	0.0	0.0	0.0	0.0	2.19722457734	0.0	0.0	0.0
3.00815479355	0.0	0.0	0.0	0.0	0.0	0.0	0.0	0.0	0.0	6.01630958711	0.0	0.0	0.0	0.0	6.01630958711	0.0
0.0	1.50407739678	0.0	0.0	0.0	0.0	0.0	0.0	0.0	0.0	0.0	1.50407739678	1.50407739678	0.0	0.0	0.0	0.0
0.0	0.0	4.39444915467	0.0	0.0	0.0	0.0	0.0	0.0	0.0	0.0	0.0	0.0	0.0	0.0	0.0	0.0
0.0	0.0	0.0	0.0	0.0	0.0	0.0	0.0	0.0	0.0	0.0	0.0	0.0	0.0	2.19722457734	0.0	0.0
0.0	0.0	0.0	0.0	0.0	0.0	0.0	0.0	0.0	0.0	0.0	0.0	0.0	0.0	0.0	0.0	2.19722457734
0.0	0.0	0.0	0.0	0.0	0.0	0.0	0.0	0.0	0.0	0.0	0.0	2.19722457734	0.0	0.0	0.0	0.0
0.0	0.0	0.0	0.0	0.0	0.0	0.0	0.0	0.0	0.0	3.58351893846	0.0	0.0	0.0	0.0	3.58351893846	0.0
0.0	0.0	0.0	0.0	0.0	0.0	0.0	0.0	0.0	0.0	0.0	0.0	2.19722457734	0.0	0.0	0.0	0.0
0.0	0.0	0.0	0.0	0.0	0.0	0.0	4.39444915467	0.0	0.0	0.0	0.0	0.0	0.0	0.0	0.0	0.0
0.0	0.0	0.0	0.0	10.9861228867	0.0	0.0	0.0	0.0	0.0	0.0	0.0	0.0	0.0	0.0	0.0	0.0
0.0	0.0	1.09861228867	0.0	0.0	1.09861228867	0.0	0.0	1.09861228867	0.0	1.09861228867	0.0	0.0	0.0	0.0	1.09861228867	0.0
0.0	0.0	0.0	0.0	0.0	0.0	0.0	0.0	0.0	0.0	0.0	0.0	2.19722457734	0.0	0.0	0.0	0.0
0.0	0.587786664902	0.0	0.0	0.0	0.587786664902	0.587786664902	0.587786664902	0.0	0.0	0.587786664902	0.587786664902	0.587786664902	0.0	0.587786664902	0.587786664902	0.0
0.0	0.0	0.0	0.0	0.0	0.0	0.0	0.0	0.0	0.0	0.0	0.0	0.0	0.0	8.78889830934	0.0	0.0
0.0	0.0	0.0	0.0	0.0	0.0	0.0	0.0	1.79175946923	0.0	0.0	0.0	0.0	1.79175946923	0.0	0.0	0.0
0.0	0.0	0.0	0.0	0.0	0.0	0.0	0.0	1.28093384546	0.0	1.28093384546	0.0	1.28093384546	0.0	0.0	1.28093384546	0.0
0.0	0.0	0.0	0.0	0.0	0.0	0.0	0.0	0.0	0.0	1.79175946923	0.0	0.0	0.0	0.0	1.79175946923	0.0
0.0	0.0	2.19722457734	0.0	0.0	0.0	0.0	0.0	0.0	0.0	0.0	0.0	0.0	0.0	0.0	0.0	0.0
0.0	0.0	0.0	0.0	2.19722457734	0.0	0.0	0.0	0.0	0.0	0.0	0.0	0.0	0.0	0.0	0.0	0.0
0.0	0.0	0.0	0.0	2.19722457734	0.0	0.0	0.0	0.0	0.0	0.0	0.0	0.0	0.0	0.0	0.0	0.0
0.0	0.0	0.0	0.0	0.0	4.39444915467	0.0	0.0	0.0	0.0	0.0	0.0	0.0	0.0	0.0	0.0	0.0
0.0	0.0	0.0	0.0	2.19722457734	0.0	0.0	0.0	0.0	0.0	0.0	0.0	0.0	0.0	0.0	0.0	0.0
0.0	0.0	0.0	0.0	0.0	1.79175946923	0.0	0.0	1.79175946923	0.0	0.0	0.0	0.0	0.0	0.0	0.0	0.0
0.0	0.0	0.0	0.0	0.0	0.0	2.19722457734	0.0	0.0	0.0	0.0	0.0	0.0	0.0	0.0	0.0	0.0
0.0	0.0	0.0	0.0	0.0	0.0	0.0	0.0	0.0	0.0	1.09861228867	1.09861228867	0.0	1.09861228867	1.09861228867	1.09861228867	0.0
0.0	0.0	0.0	0.0	0.0	0.0	0.0	0.0	2.19722457734	0.0	0.0	0.0	0.0	0.0	0.0	0.0	0.0
0.0	2.19722457734	0.0	0.0	0.0	0.0	0.0	0.0	0.0	0.0	0.0	0.0	0.0	0.0	0.0	0.0	0.0
0.0	0.0	0.0	0.0	0.0	0.0	0.0	0.0	2.19722457734	0.0	0.0	0.0	0.0	0.0	0.0	0.0	0.0
0.0	0.0	0.0	0.0	0.0	0.0	0.0	0.0	0.0	0.0	0.0	0.0	0.0	2.19722457734	0.0	0.0	0.0
0.0	0.0	0.0	0.0	0.0	0.0	0.0	0.0	0.0	0.0	0.0	0.0	0.0	2.19722457734	0.0	0.0	0.0
0.0	0.0	0.0	0.0	0.0	2.19722457734	0.0	0.0	0.0	0.0	0.0	0.0	0.0	0.0	0.0	0.0	0.0
0.0	0.0	0.0	0.0	4.39444915467	0.0	0.0	0.0	0.0	0.0	0.0	0.0	0.0	0.0	0.0	0.0	0.0
0.0	0.0	0.0	0.0	1.79175946923	0.0	0.0	0.0	0.0	0.0	0.0	0.0	0.0	1.79175946923	0.0	0.0	0.0
1.79175946923	0.0	0.0	0.0	0.0	0.0	0.0	0.0	0.0	0.0	0.0	1.79175946923	0.0	0.0	0.0	0.0	0.0
0.0	0.0	0.0	0.0	0.0	0.0	0.0	0.0	0.0	0.0	0.0	0.0	0.0	0.0	2.19722457734	0.0	0.0
0.0	0.0	0.0	0.0	0.0	0.0	0.0	0.0	0.0	0.0	0.0	0.0	0.0	2.19722457734	0.0	0.0	0.0
0.0	2.19722457734	0.0	0.0	0.0	0.0	0.0	0.0	0.0	0.0	0.0	0.0	0.0	0.0	0.0	0.0	0.0
0.0	0.0	0.0	1.79175946923	0.0	0.0	0.0	0.0	1.79175946923	0.0	0.0	0.0	0.0	0.0	0.0	0.0	0.0
0.0	0.0	0.0	0.0	2.19722457734	0.0	0.0	0.0	0.0	0.0	0.0	0.0	0.0	0.0	0.0	0.0	0.0
0.0	0.0	0.0	0.0	0.0	0.0	4.39444915467	0.0	0.0	0.0	0.0	0.0	0.0	0.0	0.0	0.0	0.0
0.0	0.0	0.0	8.78889830934	0.0	0.0	0.0	0.0	0.0	0.0	0.0	0.0	0.0	0.0	0.0	0.0	0.0
0.0	0.0	0.0	0.0	0.0	0.0	0.0	0.0	0.0	0.0	0.0	0.0	0.0	0.0	2.19722457734	0.0	0.0
0.0	0.0	0.0	0.0	0.0	0.0	0.0	0.0	0.0	0.0	0.0	0.0	0.0	0.0	0.0	0.0	2.19722457734
0.0	0.0	0.0	0.0	2.19722457734	0.0	0.0	0.0	0.0	0.0	0.0	0.0	0.0	0.0	0.0	0.0	0.0
0.0	0.0	0.0	0.0	0.0	0.0	0.0	0.0	0.0	0.0	0.0	0.0	0.0	0.0	2.19722457734	0.0	0.0
0.0	0.0	2.19722457734	0.0	0.0	0.0	0.0	0.0	0.0	0.0	0.0	0.0	0.0	0.0	0.0	0.0	0.0
2.19722457734	0.0	0.0	0.0	0.0	0.0	0.0	0.0	0.0	0.0	0.0	0.0	0.0	0.0	0.0	0.0	0.0
0.0	0.810930216216	0.810930216216	1.62186043243	0.0	0.0	1.62186043243	0.0	0.0	0.0	0.0	1.62186043243	0.810930216216	0.0	0.0	0.0	0.810930216216
3.84280153639	0.0	3.84280153639	0.0	0.0	0.0	0.0	0.0	0.0	0.0	1.28093384546	0.0	0.0	0.0	0.0	1.28093384546	0.0
0.0	0.0	2.19722457734	0.0	0.0	0.0	0.0	0.0	0.0	0.0	0.0	0.0	0.0	0.0	0.0	0.0	0.0
0.0	0.0	0.0	0.0	0.0	0.0	0.0	0.0	0.0	0.0	3.58351893846	0.0	0.0	0.0	0.0	3.58351893846	0.0
0.0	1.79175946923	0.0	0.0	0.0	0.0	0.0	0.0	0.0	0.0	0.0	0.0	1.79175946923	0.0	0.0	0.0	0.0
0.0	0.0	0.0	0.0	0.0	0.0	0.0	0.0	0.0	0.0	0.0	2.19722457734	0.0	0.0	0.0	0.0	0.0
0.0	0.0	0.0	0.0	0.0	0.0	0.0	0.0	0.0	0.0	0.0	0.0	0.0	2.19722457734	0.0	0.0	0.0
0.0	0.0	0.0	0.0	0.0	0.0	0.0	0.0	0.0	0.0	0.0	0.0	0.0	2.19722457734	0.0	0.0	0.0
0.0	0.0	1.79175946923	0.0	0.0	0.0	0.0	0.0	1.79175946923	0.0	0.0	0.0	0.0	0.0	0.0	0.0	0.0
0.0	0.0	0.0	0.0	0.0	0.0	0.0	0.0	0.0	0.0	0.0	0.0	0.0	0.0	2.19722457734	0.0	0.0
0.0	0.0	0.0	0.0	0.0	0.0	0.0	0.0	0.0	0.0	0.0	0.0	0.0	0.0	2.19722457734	0.0	0.0
0.0	2.19722457734	0.0	0.0	0.0	0.0	0.0	0.0	0.0	0.0	0.0	0.0	0.0	0.0	0.0	0.0	0.0
0.0	0.0	0.0	0.0	0.0	0.0	0.0	0.0	0.0	0.0	0.0	0.0	0.0	0.0	0.0	0.0	2.19722457734
0.0	0.0	0.0	0.0	0.0	0.0	0.0	0.0	0.0	0.0	0.0	0.0	1.79175946923	0.0	1.79175946923	0.0	0.0
0.0	0.0	0.0	0.0	0.0	0.0	0.0	0.0	0.0	0.0	0.0	0.0	0.0	0.0	2.19722457734	0.0	0.0
0.69314718056	0.0	3.4657359028	1.38629436112	0.0	0.69314718056	2.77258872224	0.0	0.0	2.77258872224	2.07944154168	0.0	0.0	0.0	0.0	2.07944154168	0.0
0.0	0.0	0.0	0.0	0.0	1.50407739678	0.0	0.0	0.0	0.0	0.0	0.0	0.0	1.50407739678	1.50407739678	0.0	0.0
0.0	0.0	0.0	0.0	2.19722457734	0.0	0.0	0.0	0.0	0.0	0.0	0.0	0.0	0.0	0.0	0.0	0.0
0.0	0.0	0.0	0.0	0.0	0.0	0.0	0.0	0.0	0.0	0.0	0.0	0.0	0.0	4.39444915467	0.0	0.0
0.0	0.0	0.0	0.0	0.0	0.0	0.0	0.0	2.19722457734	0.0	0.0	0.0	0.0	0.0	0.0	0.0	0.0
0.0	0.0	0.0	0.0	0.0	0.0	0.0	2.19722457734	0.0	0.0	0.0	0.0	0.0	0.0	0.0	0.0	0.0
0.0	0.0	0.0	0.0	0.0	0.0	0.0	0.0	1.50407739678	0.0	0.0	1.50407739678	1.50407739678	0.0	0.0	0.0	0.0
0.0	0.0	0.0	0.0	0.0	0.0	0.0	0.0	0.0	0.0	0.0	0.0	0.0	0.0	8.78889830934	0.0	0.0
0.0	0.0	0.0	0.0	0.0	0.0	4.39444915467	0.0	0.0	0.0	0.0	0.0	0.0	0.0	0.0	0.0	0.0
0.0	2.19722457734	0.0	0.0	0.0	0.0	0.0	0.0	0.0	0.0	0.0	0.0	0.0	0.0	0.0	0.0	0.0
0.0	0.0	2.19722457734	1.09861228867	0.0	0.0	1.09861228867	0.0	0.0	0.0	1.09861228867	0.0	0.0	0.0	0.0	1.09861228867	0.0
0.0	0.0	0.0	1.79175946923	0.0	0.0	0.0	0.0	0.0	0.0	0.0	0.0	0.0	0.0	0.0	0.0	5.37527840768
0.0	0.0	0.0	0.0	0.0	2.19722457734	0.0	0.0	0.0	0.0	0.0	0.0	0.0	0.0	0.0	0.0	0.0
0.0	1.50407739678	0.0	1.50407739678	0.0	1.50407739678	0.0	0.0	0.0	0.0	0.0	0.0	0.0	0.0	0.0	0.0	0.0
0.0	0.0	0.0	0.0	0.0	0.0	0.0	0.0	0.0	0.0	0.0	0.0	4.39444915467	0.0	0.0	0.0	0.0
0.0	1.79175946923	0.0	0.0	0.0	0.0	0.0	0.0	0.0	0.0	0.0	1.79175946923	0.0	0.0	0.0	0.0	0.0
1.50407739678	0.0	0.0	1.50407739678	0.0	0.0	0.0	0.0	0.0	0.0	0.0	0.0	0.0	1.50407739678	0.0	0.0	0.0
0.0	0.0	0.0	0.0	2.19722457734	0.0	0.0	0.0	0.0	0.0	0.0	0.0	0.0	0.0	0.0	0.0	0.0
2.19722457734	0.0	0.0	0.0	0.0	0.0	0.0	0.0	0.0	0.0	0.0	0.0	0.0	0.0	0.0	0.0	0.0
0.0	2.19722457734	0.0	0.0	0.0	0.0	0.0	0.0	0.0	0.0	0.0	0.0	0.0	0.0	0.0	0.0	0.0
0.0	0.0	0.0	0.0	0.0	0.0	0.0	0.0	0.0	0.0	0.0	1.79175946923	1.79175946923	0.0	0.0	0.0	0.0
0.0	1.09861228867	0.0	0.0	6.59167373201	0.0	0.0	0.0	0.0	0.0	0.0	2.19722457734	2.19722457734	0.0	0.0	0.0	1.09861228867
0.0	0.0	0.0	0.0	0.0	0.0	0.0	0.0	0.0	0.0	0.0	0.0	0.0	0.0	0.0	0.0	2.19722457734
0.0	0.0	0.0	0.0	0.0	0.0	0.0	0.0	0.0	0.0	1.79175946923	0.0	0.0	0.0	0.0	1.79175946923	0.0
0.0	0.0	0.0	2.19722457734	0.0	0.0	0.0	0.0	0.0	0.0	0.0	0.0	0.0	0.0	0.0	0.0	0.0
0.0	0.0	0.0	0.0	0.0	0.0	0.0	2.19722457734	0.0	0.0	0.0	0.0	0.0	0.0	0.0	0.0	0.0
0.0	0.0	0.0	0.0	0.0	0.0	0.0	0.0	0.0	0.0	0.0	0.0	0.0	0.0	2.19722457734	0.0	0.0
0.0	2.83338482652	0.0	0.944461608841	0.0	0.0	0.0	0.944461608841	0.0	0.0	0.0	1.88892321768	0.0	1.88892321768	3.77784643536	0.0	0.0
0.0	0.0	0.0	2.19722457734	0.0	0.0	0.0	0.0	0.0	0.0	0.0	0.0	0.0	0.0	0.0	0.0	0.0
0.0	0.0	0.0	0.0	0.0	0.0	0.0	0.0	0.0	0.0	0.0	0.0	0.0	0.0	4.39444915467	0.0	0.0
0.0	0.0	0.0	0.0	0.0	0.0	0.0	0.0	0.0	0.0	0.0	0.0	2.19722457734	0.0	0.0	0.0	0.0
0.0	0.0	0.0	0.0	0.0	0.0	0.0	0.0	0.0	0.0	0.0	0.0	0.0	0.0	0.0	0.0	8.78889830934
0.0	0.0	0.0	0.0	0.0	0.0	0.0	0.0	0.0	0.0	0.0	0.0	2.19722457734	0.0	0.0	0.0	0.0
0.0	0.0	0.0	0.0	0.0	0.0	0.0	0.0	0.0	0.0	0.0	0.0	0.0	0.0	0.0	0.0	2.19722457734
2.19722457734	0.0	0.0	0.0	0.0	0.0	0.0	0.0	0.0	0.0	0.0	0.0	0.0	0.0	0.0	0.0	0.0
0.0	1.79175946923	0.0	0.0	0.0	0.0	0.0	0.0	0.0	0.0	0.0	1.79175946923	0.0	0.0	0.0	0.0	0.0
0.0	0.0	0.0	0.0	0.0	0.0	0.0	0.0	0.0	0.0	0.0	0.0	0.0	0.0	2.19722457734	0.0	0.0
0.0	0.0	0.0	0.0	0.0	0.0	0.0	0.0	0.0	0.0	0.0	1.79175946923	10.7505568154	0.0	0.0	0.0	0.0
0.0	0.0	0.0	0.0	0.0	0.0	0.0	0.0	0.0	0.0	0.0	0.0	2.19722457734	0.0	0.0	0.0	0.0
0.0	0.0	0.0	0.0	0.0	0.0	0.0	0.0	0.0	0.0	0.0	0.0	0.0	10.9861228867	0.0	0.0	0.0
0.0	0.0	0.0	0.0	2.19722457734	0.0	0.0	0.0	0.0	0.0	0.0	0.0	0.0	0.0	0.0	0.0	0.0
2.19722457734	0.0	0.0	0.0	0.0	0.0	0.0	0.0	0.0	0.0	0.0	0.0	0.0	0.0	0.0	0.0	0.0
0.0	0.0	0.0	0.0	0.0	0.0	0.0	0.0	0.0	0.0	0.0	3.58351893846	1.79175946923	0.0	0.0	0.0	0.0
0.0	0.492476485098	0.0	0.492476485098	0.0	0.984952970196	0.0	0.0	0.492476485098	0.492476485098	1.47742945529	0.492476485098	0.984952970196	0.0	0.0	1.47742945529	1.47742945529
0.0	0.0	0.0	0.0	0.0	0.0	0.0	0.0	0.0	0.0	0.0	0.0	0.0	0.0	2.19722457734	0.0	0.0
0.0	1.50407739678	0.0	0.0	0.0	0.0	0.0	0.0	0.0	0.0	0.0	1.50407739678	0.0	0.0	0.0	0.0	1.50407739678
0.0	0.0	0.0	2.19722457734	0.0	0.0	0.0	0.0	0.0	0.0	0.0	0.0	0.0	0.0	0.0	0.0	0.0
0.0	1.79175946923	0.0	1.79175946923	0.0	0.0	0.0	0.0	0.0	0.0	0.0	0.0	0.0	0.0	0.0	0.0	0.0
0.0	0.0	0.0	0.0	0.0	0.0	2.19722457734	0.0	0.0	0.0	0.0	0.0	0.0	0.0	0.0	0.0	0.0
0.0	0.0	0.0	0.0	0.0	0.0	0.0	0.0	0.0	0.0	0.0	0.0	0.0	0.0	2.19722457734	0.0	0.0
