0.0	3.00815479355	0.0	0.0	0.0	0.0	0.0	0.0	0.0	0.0	0.0	1.50407739678	0.0	0.0	0.0	0.0	1.50407739678
0.0	0.0	0.0	0.0	0.0	0.0	0.0	0.0	0.0	0.0	0.0	0.0	0.0	2.19722457734	0.0	0.0	0.0
0.0	0.0	0.0	0.0	0.0	0.0	0.0	0.0	0.0	0.0	0.0	0.0	0.0	2.19722457734	0.0	0.0	0.0
0.0	1.79175946923	0.0	0.0	0.0	0.0	0.0	0.0	0.0	0.0	0.0	0.0	0.0	1.79175946923	0.0	0.0	0.0
1.09861228867	1.09861228867	0.0	0.0	0.0	0.0	0.0	0.0	0.0	0.0	0.0	1.09861228867	1.09861228867	0.0	0.0	0.0	2.19722457734
0.0	0.0	0.0	0.0	0.0	0.0	0.0	0.0	0.0	0.0	0.0	0.0	0.0	0.0	2.19722457734	0.0	0.0
0.0	0.0	0.0	0.0	0.0	0.0	0.0	0.0	0.0	0.0	0.0	0.0	0.0	2.19722457734	0.0	0.0	0.0
0.0	0.0	0.0	0.0	0.0	0.0	0.0	0.0	0.0	0.0	0.0	0.0	0.0	4.39444915467	0.0	0.0	0.0
0.0	0.0	0.0	0.0	0.0	0.0	2.19722457734	0.0	0.0	0.0	0.0	0.0	0.0	0.0	0.0	0.0	0.0
0.944461608841	0.944461608841	0.944461608841	0.0	0.944461608841	0.0	0.0	0.0	0.0	0.0	0.0	0.0	0.944461608841	0.0	0.0	1.88892321768	0.0
0.0	0.0	0.0	0.0	0.0	0.0	0.0	0.0	0.0	0.0	0.0	0.0	0.0	15.3805720414	0.0	0.0	0.0
0.0	0.0	0.0	1.50407739678	0.0	0.0	0.0	0.0	1.50407739678	0.0	0.0	0.0	0.0	0.0	1.50407739678	0.0	0.0
0.0	0.0	0.0	0.0	0.0	0.0	0.0	3.58351893846	0.0	1.79175946923	0.0	0.0	0.0	0.0	0.0	0.0	0.0
0.0	0.0	0.0	0.0	0.0	2.19722457734	0.0	0.0	0.0	0.0	0.0	0.0	0.0	0.0	0.0	0.0	0.0
0.0	5.37527840768	0.0	0.0	0.0	0.0	0.0	0.0	0.0	0.0	0.0	0.0	1.79175946923	0.0	0.0	0.0	0.0
0.0	0.0	0.0	0.0	0.0	0.0	0.0	0.0	0.0	0.0	4.39444915467	0.0	0.0	0.0	0.0	0.0	0.0
0.0	1.50407739678	0.0	0.0	0.0	0.0	0.0	1.50407739678	0.0	0.0	0.0	0.0	0.0	3.00815479355	0.0	0.0	0.0
0.0	0.0	0.0	0.0	0.0	0.0	4.39444915467	0.0	0.0	0.0	0.0	0.0	0.0	0.0	0.0	0.0	0.0
0.0	0.0	0.0	0.0	0.0	0.0	0.0	0.0	0.0	0.0	0.0	0.0	0.0	2.19722457734	0.0	0.0	0.0
0.0	0.0	0.0	1.09861228867	0.0	2.19722457734	0.0	0.0	1.09861228867	2.19722457734	0.0	0.0	0.0	0.0	0.0	0.0	1.09861228867
0.0	0.0	0.0	0.0	0.0	0.0	0.0	2.19722457734	0.0	0.0	0.0	0.0	0.0	0.0	0.0	0.0	0.0
0.0	0.0	0.0	0.0	0.0	0.0	0.0	0.0	0.0	0.0	2.19722457734	0.0	0.0	0.0	0.0	0.0	0.0
0.0	0.0	0.0	0.0	0.0	0.0	0.0	0.0	0.0	0.0	0.0	0.0	0.0	2.19722457734	0.0	0.0	0.0
0.0	0.0	0.0	0.0	0.0	0.0	0.0	0.0	0.0	2.19722457734	0.0	0.0	0.0	0.0	0.0	0.0	0.0
0.0	0.0	0.0	0.0	0.0	0.0	0.0	0.0	0.0	0.0	0.0	0.0	0.0	0.0	2.19722457734	0.0	0.0
0.0	0.0	0.0	0.0	0.0	0.0	0.0	0.0	0.0	1.79175946923	0.0	0.0	0.0	1.79175946923	0.0	0.0	0.0
0.0	0.0	0.0	0.0	0.0	0.0	0.0	0.0	0.0	0.0	0.0	0.0	0.0	2.19722457734	0.0	0.0	0.0
0.0	0.0	0.0	0.0	0.0	0.0	0.0	2.19722457734	0.0	0.0	0.0	0.0	0.0	0.0	0.0	0.0	0.0
0.0	0.0	0.0	0.0	2.19722457734	0.0	0.0	0.0	0.0	0.0	0.0	0.0	0.0	0.0	0.0	0.0	0.0
0.0	0.0	0.0	2.19722457734	0.0	0.0	0.0	0.0	0.0	0.0	0.0	0.0	0.0	0.0	0.0	0.0	0.0
0.0	0.0	0.0	0.0	0.0	0.0	0.0	2.19722457734	0.0	0.0	0.0	0.0	0.0	0.0	0.0	0.0	0.0
0.0	1.79175946923	0.0	0.0	0.0	0.0	0.0	1.79175946923	0.0	0.0	0.0	0.0	0.0	0.0	0.0	0.0	0.0
0.0	2.19722457734	0.0	0.0	0.0	0.0	0.0	0.0	0.0	0.0	0.0	0.0	0.0	0.0	0.0	0.0	0.0
0.0	0.0	0.0	1.09861228867	1.09861228867	0.0	0.0	1.09861228867	1.09861228867	0.0	0.0	2.19722457734	0.0	0.0	0.0	0.0	0.0
0.0	0.0	0.0	0.0	0.0	0.0	0.0	0.0	0.0	0.0	0.0	0.0	0.0	0.0	0.0	0.0	2.19722457734
0.0	0.0	0.0	0.0	0.0	0.0	0.0	0.0	0.0	0.0	0.0	0.0	0.0	2.19722457734	0.0	0.0	0.0
0.0	1.50407739678	0.0	0.0	0.0	0.0	0.0	0.0	0.0	0.0	0.0	0.0	1.50407739678	6.01630958711	0.0	0.0	0.0
0.0	0.0	0.0	0.0	0.0	2.19722457734	0.0	0.0	0.0	0.0	0.0	0.0	0.0	0.0	0.0	0.0	0.0
0.0	0.0	0.0	0.0	0.0	0.0	0.0	0.0	2.19722457734	0.0	0.0	0.0	0.0	0.0	0.0	0.0	0.0
1.28093384546	0.0	0.0	0.0	0.0	0.0	0.0	1.28093384546	0.0	0.0	0.0	0.0	1.28093384546	0.0	0.0	0.0	1.28093384546
0.0	0.0	0.0	0.0	0.0	0.0	0.0	0.0	0.0	0.0	0.0	0.0	0.0	4.39444915467	0.0	0.0	0.0
0.0	0.0	0.0	0.0	0.0	0.0	0.0	0.0	0.0	0.0	0.0	0.0	0.0	0.0	0.0	0.0	2.19722457734
0.0	0.0	0.0	0.0	0.0	0.0	0.0	2.19722457734	0.0	0.0	0.0	0.0	0.0	0.0	0.0	0.0	0.0
0.0	0.0	0.0	0.0	0.0	0.0	0.0	0.0	0.0	0.0	2.19722457734	0.0	0.0	0.0	0.0	0.0	0.0
0.0	0.0	0.0	0.0	0.0	0.0	0.0	0.0	0.0	0.0	0.0	2.19722457734	0.0	0.0	0.0	0.0	0.0
2.19722457734	0.0	0.0	0.0	0.0	0.0	0.0	0.0	0.0	0.0	0.0	0.0	0.0	0.0	0.0	0.0	0.0
0.0	0.0	0.0	0.0	0.0	0.0	1.79175946923	0.0	0.0	0.0	0.0	0.0	0.0	0.0	0.0	1.79175946923	0.0
0.0	0.0	0.0	0.0	0.0	0.0	2.19722457734	0.0	0.0	0.0	0.0	0.0	0.0	0.0	0.0	0.0	0.0
0.0	0.0	0.0	0.0	0.0	0.0	0.0	1.50407739678	0.0	1.50407739678	0.0	0.0	0.0	0.0	1.50407739678	0.0	0.0
0.0	0.0	0.0	0.0	0.0	0.0	0.0	0.0	0.0	0.0	0.0	0.0	0.0	2.19722457734	0.0	0.0	0.0
0.0	0.0	0.0	0.0	0.0	0.0	0.0	0.0	0.0	0.0	0.0	0.0	0.0	2.19722457734	0.0	0.0	0.0
0.0	0.0	0.0	0.0	2.19722457734	0.0	0.0	0.0	0.0	0.0	0.0	0.0	0.0	0.0	0.0	0.0	0.0
0.0	0.0	0.0	0.0	0.0	0.0	0.0	0.0	0.0	0.0	0.0	0.0	0.0	0.0	0.0	2.19722457734	0.0
0.0	0.0	0.0	0.0	0.0	0.0	0.0	0.0	0.0	0.0	0.0	0.0	0.0	0.0	2.19722457734	0.0	0.0
0.0	0.0	0.0	0.0	2.19722457734	0.0	0.0	0.0	0.0	0.0	0.0	0.0	0.0	0.0	0.0	0.0	0.0
2.19722457734	0.0	0.0	0.0	0.0	0.0	0.0	0.0	0.0	0.0	0.0	0.0	0.0	0.0	0.0	0.0	0.0
0.0	0.0	0.0	0.0	0.0	0.0	0.0	4.39444915467	0.0	0.0	0.0	0.0	0.0	0.0	0.0	0.0	0.0
0.0	0.0	2.19722457734	0.0	0.0	0.0	0.0	0.0	0.0	0.0	0.0	0.0	0.0	0.0	0.0	0.0	0.0
0.0	0.0	0.0	0.0	2.19722457734	0.0	0.0	0.0	0.0	0.0	0.0	0.0	0.0	0.0	0.0	0.0	0.0
0.0	0.0	0.0	0.0	0.0	0.0	0.0	0.0	0.0	1.79175946923	1.79175946923	0.0	0.0	0.0	0.0	0.0	0.0
0.0	0.0	2.19722457734	0.0	0.0	0.0	0.0	0.0	0.0	0.0	0.0	0.0	0.0	0.0	0.0	0.0	0.0
0.0	0.0	1.50407739678	0.0	0.0	0.0	0.0	0.0	0.0	0.0	1.50407739678	1.50407739678	0.0	0.0	0.0	0.0	0.0
0.0	0.0	0.0	0.0	0.0	0.0	0.0	2.19722457734	0.0	0.0	0.0	0.0	0.0	0.0	0.0	0.0	0.0
0.0	0.0	0.0	0.0	0.0	1.79175946923	0.0	1.79175946923	0.0	0.0	0.0	0.0	0.0	0.0	0.0	0.0	0.0
0.0	0.0	0.0	0.0	0.0	0.0	0.0	0.0	0.0	0.0	0.0	0.0	0.0	2.19722457734	0.0	0.0	0.0
0.0	0.0	0.0	0.0	0.0	0.0	0.0	0.0	0.0	2.19722457734	0.0	0.0	0.0	0.0	0.0	0.0	0.0
0.0	0.0	0.0	0.0	0.0	0.0	0.0	0.0	0.0	2.19722457734	0.0	0.0	0.0	0.0	0.0	0.0	0.0
0.0	0.0	0.0	0.0	0.0	0.0	0.0	0.0	0.0	2.19722457734	0.0	0.0	0.0	0.0	0.0	0.0	0.0
0.0	2.19722457734	0.0	0.0	0.0	0.0	0.0	0.0	0.0	0.0	0.0	0.0	0.0	0.0	0.0	0.0	0.0
0.0	0.0	0.0	0.0	0.0	0.0	0.0	0.0	0.0	0.0	4.39444915467	0.0	0.0	0.0	0.0	0.0	0.0
0.0	1.79175946923	0.0	0.0	0.0	1.79175946923	0.0	0.0	0.0	0.0	0.0	0.0	0.0	0.0	0.0	0.0	0.0
0.0	0.0	0.0	0.0	0.0	0.0	0.0	0.0	0.0	0.0	0.0	0.0	0.0	0.0	2.19722457734	0.0	0.0
0.0	0.0	0.0	2.19722457734	0.0	0.0	0.0	0.0	0.0	0.0	0.0	0.0	0.0	0.0	0.0	0.0	0.0
0.0	0.0	0.0	0.0	0.0	0.0	0.0	0.0	0.0	0.0	0.0	0.0	0.0	4.39444915467	0.0	0.0	0.0
0.0	1.09861228867	1.09861228867	1.09861228867	1.09861228867	0.0	0.0	0.0	0.0	0.0	0.0	0.0	0.0	1.09861228867	0.0	0.0	0.0
0.0	0.0	1.38629436112	0.69314718056	1.38629436112	0.0	0.0	1.38629436112	0.69314718056	0.69314718056	0.0	0.69314718056	0.0	0.0	0.0	1.38629436112	0.0
0.0	4.39444915467	0.0	0.0	0.0	0.0	0.0	0.0	0.0	0.0	0.0	0.0	0.0	0.0	0.0	0.0	0.0
0.0	0.0	0.0	0.0	0.0	0.0	0.0	0.0	0.0	0.0	0.0	0.0	0.0	2.19722457734	0.0	0.0	0.0
0.0	0.0	1.79175946923	0.0	0.0	0.0	0.0	0.0	0.0	0.0	0.0	0.0	0.0	0.0	0.0	3.58351893846	0.0
0.0	0.0	0.0	0.0	0.0	0.0	0.0	0.0	0.0	0.0	0.0	0.0	2.19722457734	0.0	0.0	0.0	0.0
0.0	0.0	1.50407739678	0.0	0.0	1.50407739678	0.0	0.0	0.0	0.0	0.0	0.0	0.0	0.0	0.0	1.50407739678	0.0
0.0	0.0	0.0	2.19722457734	0.0	0.0	0.0	0.0	0.0	0.0	0.0	0.0	0.0	0.0	0.0	0.0	0.0
0.235566071313	0.706698213938	0.235566071313	0.117783035656	0.235566071313	0.117783035656	0.0	0.588915178282	0.235566071313	0.235566071313	0.353349106969	0.353349106969	0.471132142626	0.0	0.235566071313	0.235566071313	0.353349106969
0.0	0.0	0.0	2.19722457734	0.0	0.0	0.0	0.0	0.0	0.0	0.0	0.0	0.0	0.0	0.0	0.0	0.0
0.0	0.0	0.0	0.0	0.0	0.0	0.0	0.0	0.0	0.0	0.0	0.0	0.0	0.0	0.0	0.0	2.19722457734
0.0	3.00815479355	0.0	0.0	0.0	0.0	0.0	0.0	0.0	0.0	0.0	1.50407739678	0.0	0.0	0.0	0.0	1.50407739678
0.0	0.0	0.0	0.0	0.0	2.19722457734	0.0	0.0	0.0	0.0	0.0	0.0	0.0	0.0	0.0	0.0	0.0
0.0	0.0	0.0	0.0	0.0	0.0	2.19722457734	0.0	0.0	0.0	0.0	0.0	0.0	0.0	0.0	0.0	0.0
0.0	1.79175946923	0.0	0.0	0.0	0.0	0.0	0.0	0.0	0.0	0.0	0.0	0.0	1.79175946923	0.0	0.0	0.0
0.0	0.0	0.0	3.58351893846	0.0	0.0	0.0	0.0	3.58351893846	0.0	0.0	0.0	0.0	0.0	0.0	0.0	0.0
0.0	0.0	0.0	0.0	7.16703787691	0.0	0.0	0.0	0.0	0.0	0.0	0.0	0.0	0.0	3.58351893846	0.0	0.0
0.0	2.19722457734	0.0	0.0	0.0	0.0	0.0	0.0	0.0	0.0	0.0	0.0	0.0	0.0	0.0	0.0	0.0
0.0	0.0	1.50407739678	1.50407739678	0.0	0.0	0.0	0.0	0.0	0.0	1.50407739678	0.0	0.0	0.0	0.0	0.0	0.0
0.0	0.0	0.0	0.0	0.0	0.0	0.0	0.0	2.19722457734	0.0	0.0	0.0	0.0	0.0	0.0	0.0	0.0
0.0	0.0	0.0	0.0	0.0	2.19722457734	0.0	0.0	0.0	0.0	0.0	0.0	0.0	0.0	0.0	0.0	0.0
0.0	0.0	0.0	0.0	2.19722457734	0.0	0.0	0.0	0.0	0.0	0.0	0.0	0.0	0.0	0.0	0.0	0.0
0.0	0.0	0.0	0.0	0.0	0.0	0.0	0.0	0.0	0.0	0.0	0.0	0.0	0.0	0.0	2.19722457734	0.0
0.0	0.0	0.0	2.19722457734	0.0	0.0	0.0	0.0	0.0	0.0	0.0	0.0	0.0	0.0	0.0	0.0	0.0
0.0	0.0	0.0	0.0	0.0	0.0	0.0	0.0	0.0	0.0	0.0	0.0	0.0	0.0	2.19722457734	0.0	0.0
0.0	0.0	0.0	0.0	0.0	0.0	0.0	1.79175946923	0.0	0.0	0.0	0.0	0.0	0.0	0.0	0.0	1.79175946923
0.0	0.0	0.0	0.0	0.0	0.0	0.0	2.19722457734	0.0	0.0	0.0	0.0	0.0	0.0	0.0	0.0	0.0
0.0	0.0	0.0	0.0	0.0	0.0	2.19722457734	0.0	0.0	0.0	0.0	0.0	0.0	0.0	0.0	0.0	0.0
0.0	0.0	0.0	0.0	0.0	2.19722457734	0.0	0.0	0.0	0.0	0.0	0.0	0.0	0.0	0.0	0.0	0.0
0.0	0.0	0.0	0.0	0.0	0.0	0.0	2.19722457734	0.0	0.0	0.0	0.0	0.0	0.0	0.0	0.0	0.0
0.0	4.39444915467	0.0	0.0	0.0	0.0	0.0	0.0	0.0	0.0	0.0	0.0	0.0	0.0	0.0	0.0	0.0
0.0	0.0	0.0	0.0	0.0	0.0	0.0	2.19722457734	0.0	0.0	0.0	0.0	0.0	0.0	0.0	0.0	0.0
0.0	0.0	0.0	0.0	0.0	0.0	0.0	0.0	0.0	0.0	0.0	0.0	0.0	0.0	2.19722457734	0.0	0.0
0.0	0.0	0.0	0.0	0.0	0.0	0.0	0.0	0.0	0.0	0.0	2.19722457734	0.0	0.0	0.0	0.0	0.0
0.0	0.0	0.0	0.0	0.0	0.0	0.0	0.0	0.0	0.0	0.0	0.0	2.19722457734	0.0	0.0	0.0	0.0
0.0	0.0	0.0	1.09861228867	0.0	0.0	1.09861228867	0.0	1.09861228867	0.0	0.0	2.19722457734	0.0	0.0	0.0	1.09861228867	0.0
0.0	0.0	0.0	0.0	0.0	2.19722457734	0.0	0.0	0.0	0.0	0.0	0.0	0.0	0.0	0.0	0.0	0.0
0.0	0.0	0.0	1.79175946923	0.0	0.0	0.0	0.0	0.0	0.0	0.0	0.0	0.0	1.79175946923	0.0	0.0	0.0
0.0	0.0	0.0	0.0	0.0	0.0	0.0	0.0	0.0	0.944461608841	0.944461608841	0.0	0.944461608841	0.944461608841	0.944461608841	0.0	0.944461608841
0.0	1.79175946923	0.0	1.79175946923	0.0	0.0	0.0	0.0	0.0	0.0	0.0	0.0	0.0	0.0	0.0	0.0	0.0
0.0	2.19722457734	0.0	0.0	0.0	0.0	0.0	0.0	0.0	0.0	0.0	0.0	0.0	0.0	0.0	0.0	0.0
0.0	0.0	0.0	0.0	0.0	0.0	0.0	0.0	0.0	0.0	0.0	0.0	2.19722457734	0.0	0.0	0.0	0.0
0.0	0.0	0.0	0.0	0.0	0.0	0.0	1.79175946923	0.0	0.0	1.79175946923	0.0	0.0	0.0	0.0	0.0	0.0
0.0	2.19722457734	0.0	0.0	0.0	0.0	0.0	0.0	0.0	0.0	0.0	0.0	0.0	0.0	0.0	0.0	0.0
0.0	0.0	0.0	0.0	0.0	0.0	0.0	0.0	0.0	3.58351893846	0.0	0.0	0.0	0.0	1.79175946923	0.0	0.0
0.0	0.0	0.0	0.0	0.0	0.0	0.0	3.58351893846	0.0	0.0	0.0	0.0	1.79175946923	0.0	0.0	0.0	0.0
0.0	0.0	0.0	0.0	0.0	1.79175946923	0.0	1.79175946923	0.0	0.0	0.0	0.0	0.0	0.0	0.0	0.0	0.0
0.0	2.19722457734	0.0	0.0	0.0	0.0	0.0	0.0	0.0	0.0	0.0	0.0	0.0	0.0	0.0	0.0	0.0
0.0	0.0	0.0	0.0	0.0	0.0	0.0	0.0	0.0	0.0	2.19722457734	0.0	0.0	0.0	0.0	0.0	0.0
0.0	0.0	2.19722457734	0.0	0.0	0.0	0.0	0.0	0.0	0.0	0.0	0.0	0.0	0.0	0.0	0.0	0.0
0.0	0.0	0.0	0.0	0.0	0.0	0.0	0.0	0.0	0.0	0.0	0.0	0.0	0.0	0.0	0.0	2.19722457734
0.0	0.0	1.79175946923	0.0	0.0	0.0	0.0	0.0	0.0	0.0	0.0	0.0	0.0	0.0	0.0	0.0	1.79175946923
0.0	0.0	0.0	0.0	0.0	0.0	0.0	2.19722457734	0.0	0.0	0.0	0.0	0.0	0.0	0.0	0.0	0.0
0.0	0.0	0.0	0.0	0.0	0.0	0.0	0.0	0.0	0.0	0.0	4.39444915467	0.0	0.0	0.0	0.0	0.0
0.0	0.0	0.0	0.0	2.19722457734	0.0	0.0	0.0	0.0	0.0	0.0	0.0	0.0	0.0	0.0	0.0	0.0
0.0	0.0	2.19722457734	0.0	0.0	0.0	0.0	0.0	0.0	0.0	0.0	0.0	0.0	0.0	0.0	0.0	0.0
0.0	0.0	2.19722457734	0.0	0.0	0.0	0.0	0.0	0.0	0.0	0.0	0.0	0.0	0.0	0.0	0.0	0.0
0.0	0.0	0.0	1.79175946923	0.0	0.0	0.0	0.0	1.79175946923	0.0	0.0	0.0	0.0	0.0	0.0	0.0	0.0
0.0	0.0	0.0	0.0	0.0	0.0	0.0	0.0	0.0	0.0	0.0	0.0	0.0	0.0	0.0	0.0	2.19722457734
0.0	0.0	0.0	0.0	0.0	0.0	0.0	0.0	0.0	0.0	0.0	0.0	0.0	2.19722457734	0.0	0.0	0.0
0.0	3.58351893846	0.0	0.0	0.0	0.0	0.0	0.0	0.0	0.0	5.37527840768	0.0	0.0	0.0	0.0	0.0	0.0
0.0	2.19722457734	0.0	0.0	0.0	0.0	0.0	0.0	0.0	0.0	0.0	0.0	0.0	0.0	0.0	0.0	0.0
0.0	0.0	0.0	2.19722457734	0.0	0.0	0.0	0.0	0.0	0.0	0.0	0.0	0.0	0.0	0.0	0.0	0.0
0.0	0.0	0.0	0.0	0.0	0.0	0.0	0.0	0.0	0.0	0.0	0.0	0.0	2.19722457734	0.0	0.0	0.0
0.0	0.0	0.0	0.0	0.0	0.0	0.0	0.0	0.0	2.19722457734	0.0	0.0	0.0	0.0	0.0	0.0	0.0
0.0	0.0	0.0	0.0	0.0	0.0	1.50407739678	0.0	0.0	1.50407739678	0.0	0.0	0.0	0.0	0.0	0.0	1.50407739678
0.0	0.0	1.09861228867	1.09861228867	1.09861228867	0.0	0.0	0.0	1.09861228867	2.19722457734	0.0	0.0	0.0	0.0	0.0	0.0	0.0
2.19722457734	1.09861228867	0.0	0.0	0.0	0.0	0.0	0.0	0.0	0.0	0.0	1.09861228867	2.19722457734	0.0	0.0	0.0	1.09861228867
0.0	0.0	0.0	0.0	0.0	0.0	0.0	0.0	0.0	0.0	0.0	0.0	0.0	0.0	4.39444915467	0.0	0.0
0.0	0.0	0.0	0.0	0.0	0.0	0.0	0.0	0.0	0.0	0.0	0.0	0.0	0.0	0.0	0.0	2.19722457734
0.0	0.0	0.0	0.0	0.0	0.0	0.0	0.0	0.0	2.19722457734	0.0	0.0	0.0	0.0	0.0	0.0	0.0
0.0	0.0	1.09861228867	0.0	0.0	2.19722457734	0.0	4.39444915467	0.0	3.295836866	0.0	0.0	0.0	0.0	0.0	2.19722457734	0.0
0.0	0.0	0.0	1.79175946923	0.0	0.0	0.0	0.0	1.79175946923	0.0	0.0	0.0	0.0	0.0	0.0	0.0	0.0
0.0	2.19722457734	0.0	0.0	0.0	0.0	0.0	0.0	0.0	0.0	0.0	0.0	0.0	0.0	0.0	0.0	0.0
0.0	0.0	0.0	0.0	0.0	0.0	0.0	0.0	0.0	0.0	0.0	1.79175946923	0.0	0.0	0.0	0.0	1.79175946923
0.0	0.0	0.0	0.0	0.0	0.0	0.0	0.0	0.0	1.79175946923	1.79175946923	0.0	0.0	0.0	0.0	0.0	0.0
0.0	0.0	0.0	0.0	0.0	0.0	2.19722457734	0.0	0.0	0.0	0.0	0.0	0.0	0.0	0.0	0.0	0.0
0.0	0.0	0.0	0.0	0.0	0.0	0.0	0.0	0.0	1.79175946923	0.0	1.79175946923	0.0	0.0	0.0	0.0	0.0
0.0	0.0	0.0	0.0	0.0	0.0	0.0	2.19722457734	0.0	0.0	0.0	0.0	0.0	0.0	0.0	0.0	0.0
0.0	2.19722457734	0.0	0.0	0.0	0.0	0.0	0.0	0.0	0.0	0.0	0.0	0.0	0.0	0.0	0.0	0.0
0.0	0.0	1.28093384546	0.0	0.0	0.0	0.0	0.0	0.0	1.28093384546	1.28093384546	0.0	0.0	0.0	0.0	2.56186769092	0.0
0.0	0.0	0.0	0.0	1.79175946923	0.0	0.0	1.79175946923	0.0	0.0	0.0	0.0	0.0	0.0	0.0	0.0	0.0
0.0	0.0	0.0	0.0	0.0	0.0	0.0	0.0	0.0	0.0	0.0	2.19722457734	0.0	0.0	0.0	0.0	0.0
0.0	0.0	0.0	0.0	0.0	0.0	0.0	0.0	0.0	2.19722457734	0.0	0.0	0.0	0.0	0.0	0.0	0.0
0.0	0.0	0.0	4.39444915467	0.0	0.0	0.0	0.0	0.0	0.0	0.0	0.0	0.0	0.0	0.0	0.0	0.0
0.0	0.0	0.0	0.0	0.0	0.0	0.0	0.0	0.0	0.0	0.0	0.0	0.0	2.19722457734	0.0	0.0	0.0
0.0	0.0	0.0	0.0	0.0	0.0	0.0	2.19722457734	0.0	0.0	0.0	0.0	0.0	0.0	0.0	0.0	0.0
0.0	0.0	0.0	0.0	0.0	0.0	0.0	0.0	0.0	0.0	0.0	0.0	0.0	4.39444915467	0.0	0.0	0.0
0.0	0.0	0.0	0.0	0.0	0.0	0.0	0.0	0.0	0.0	0.0	0.0	0.0	2.19722457734	0.0	0.0	0.0
0.0	0.0	0.0	0.0	2.19722457734	0.0	0.0	0.0	0.0	0.0	0.0	0.0	0.0	0.0	0.0	0.0	0.0
0.0	2.19722457734	0.0	0.0	0.0	0.0	0.0	0.0	0.0	0.0	0.0	0.0	0.0	0.0	0.0	0.0	0.0
0.0	0.0	0.0	0.0	0.0	0.0	2.19722457734	0.0	0.0	0.0	0.0	0.0	0.0	0.0	0.0	0.0	0.0
0.0	0.0	0.0	0.0	0.0	0.0	0.0	2.19722457734	0.0	0.0	0.0	0.0	0.0	0.0	0.0	0.0	0.0
0.0	0.0	0.0	0.0	0.0	0.0	0.0	0.0	0.0	0.0	2.19722457734	0.0	0.0	0.0	0.0	0.0	0.0
0.0	0.0	0.0	0.0	0.0	0.0	0.0	0.0	0.0	0.0	0.0	3.58351893846	0.0	0.0	0.0	1.79175946923	0.0
0.0	0.0	0.0	0.0	0.0	0.0	2.19722457734	0.0	0.0	0.0	0.0	0.0	0.0	0.0	0.0	0.0	0.0
0.0	0.0	0.0	0.0	0.0	0.0	0.0	0.0	0.0	0.0	0.0	2.19722457734	0.0	0.0	0.0	0.0	0.0
0.0	4.39444915467	0.0	0.0	0.0	0.0	0.0	0.0	0.0	0.0	0.0	0.0	0.0	0.0	0.0	0.0	0.0
0.0	0.0	0.0	1.28093384546	0.0	0.0	2.56186769092	3.84280153639	0.0	1.28093384546	0.0	0.0	0.0	0.0	0.0	0.0	0.0
0.0	1.50407739678	0.0	0.0	0.0	0.0	0.0	1.50407739678	0.0	0.0	1.50407739678	0.0	0.0	0.0	0.0	0.0	0.0
0.0	0.0	0.0	0.0	0.0	0.0	0.0	0.0	0.0	0.0	0.0	0.0	0.0	2.19722457734	0.0	0.0	0.0
0.0	0.0	0.0	2.19722457734	0.0	0.0	0.0	0.0	0.0	0.0	0.0	0.0	0.0	0.0	0.0	0.0	0.0
0.0	0.0	0.0	0.0	0.0	0.0	0.0	0.0	0.0	0.0	2.19722457734	0.0	0.0	0.0	0.0	0.0	0.0
0.0	0.0	0.0	0.0	0.0	0.0	0.0	0.0	0.0	0.0	0.0	0.0	0.0	2.19722457734	0.0	0.0	0.0
0.0	0.0	0.0	0.0	0.0	0.0	0.0	0.0	0.0	2.19722457734	0.0	0.0	0.0	0.0	0.0	0.0	0.0
0.0	0.0	0.0	0.0	0.0	0.0	0.0	0.0	0.0	0.0	0.0	2.19722457734	0.0	0.0	0.0	0.0	0.0
1.09861228867	1.09861228867	0.0	0.0	0.0	0.0	0.0	0.0	0.0	0.0	0.0	1.09861228867	1.09861228867	0.0	0.0	0.0	1.09861228867
0.0	0.0	0.0	0.0	0.0	1.79175946923	0.0	1.79175946923	0.0	0.0	0.0	0.0	0.0	0.0	0.0	0.0	0.0
0.0	0.0	0.0	0.0	0.0	0.0	2.19722457734	0.0	0.0	0.0	0.0	0.0	0.0	0.0	0.0	0.0	0.0
0.0	2.19722457734	0.0	0.0	0.0	0.0	0.0	0.0	0.0	0.0	0.0	0.0	0.0	0.0	0.0	0.0	0.0
0.0	0.0	0.0	0.0	0.0	0.0	0.0	3.00815479355	0.0	3.00815479355	0.0	0.0	0.0	0.0	0.0	1.50407739678	0.0
0.0	0.0	0.0	0.0	0.0	0.0	0.0	0.0	0.0	2.19722457734	0.0	0.0	0.0	0.0	0.0	0.0	0.0
0.0	0.0	0.0	0.0	0.0	0.0	0.0	0.0	0.0	0.0	0.0	0.0	0.0	0.0	0.0	2.19722457734	0.0
0.0	0.0	0.0	0.0	0.0	0.0	0.0	0.0	0.0	0.0	0.0	0.0	0.0	2.19722457734	0.0	0.0	0.0
0.0	0.0	0.0	0.0	0.0	0.0	0.0	0.0	0.0	0.0	2.19722457734	0.0	0.0	0.0	0.0	0.0	0.0
0.0	0.0	0.0	0.0	0.0	0.0	0.0	2.19722457734	0.0	0.0	0.0	0.0	0.0	0.0	0.0	0.0	0.0
0.0	1.79175946923	0.0	0.0	0.0	0.0	0.0	0.0	0.0	0.0	0.0	0.0	3.58351893846	0.0	0.0	0.0	0.0
0.0	0.0	0.0	0.0	0.0	1.79175946923	0.0	1.79175946923	0.0	0.0	0.0	0.0	0.0	0.0	0.0	0.0	0.0
0.0	0.0	0.0	0.0	0.0	0.0	0.0	0.0	2.19722457734	0.0	0.0	0.0	0.0	0.0	0.0	0.0	0.0
0.0	0.0	0.0	0.0	0.0	0.0	0.0	0.0	0.0	0.0	2.19722457734	0.0	0.0	0.0	0.0	0.0	0.0
0.0	0.0	0.0	0.0	0.0	0.0	0.0	0.0	0.0	0.0	0.0	0.0	0.0	3.58351893846	1.79175946923	0.0	0.0
0.0	0.0	0.0	0.0	0.0	0.0	2.19722457734	0.0	0.0	0.0	0.0	0.0	0.0	0.0	0.0	0.0	0.0
0.0	0.0	0.0	0.0	0.0	0.0	0.0	2.19722457734	0.0	0.0	0.0	0.0	0.0	0.0	0.0	0.0	0.0
0.0	0.0	2.19722457734	0.0	0.0	0.0	0.0	0.0	0.0	0.0	0.0	0.0	0.0	0.0	0.0	0.0	0.0
0.0	0.0	0.0	0.0	0.0	0.0	0.0	0.0	0.0	2.19722457734	0.0	0.0	0.0	0.0	0.0	0.0	0.0
0.0	1.79175946923	0.0	0.0	0.0	0.0	0.0	0.0	0.0	0.0	1.79175946923	0.0	0.0	0.0	0.0	0.0	0.0
0.0	0.0	0.0	0.0	0.0	0.0	0.0	2.19722457734	0.0	0.0	0.0	0.0	0.0	0.0	0.0	0.0	0.0
0.0	0.0	0.0	0.0	0.0	0.0	0.0	0.0	0.0	0.0	0.0	0.0	0.0	0.0	0.0	0.0	2.19722457734
0.0	0.0	0.0	0.0	0.0	0.0	0.0	0.0	0.0	0.0	0.0	0.0	0.0	0.0	0.0	0.0	4.39444915467
0.0	0.0	0.0	0.0	0.0	0.0	0.0	0.0	0.0	0.0	0.0	2.19722457734	0.0	0.0	0.0	0.0	0.0
0.0	0.0	0.0	0.0	0.0	0.0	0.0	0.0	0.0	0.0	2.19722457734	0.0	0.0	0.0	0.0	0.0	0.0
0.0	0.0	0.0	0.0	0.0	0.0	0.0	0.0	2.19722457734	0.0	0.0	0.0	0.0	0.0	0.0	0.0	0.0
0.0	0.0	0.0	0.0	0.0	2.19722457734	0.0	0.0	0.0	0.0	0.0	0.0	0.0	0.0	0.0	0.0	0.0
0.0	4.51223219033	0.0	0.0	0.0	0.0	4.51223219033	0.0	0.0	0.0	0.0	1.50407739678	0.0	0.0	0.0	0.0	0.0
0.0	2.19722457734	0.0	0.0	0.0	0.0	0.0	0.0	0.0	0.0	0.0	0.0	0.0	0.0	0.0	0.0	0.0
0.0	1.79175946923	0.0	0.0	0.0	0.0	0.0	0.0	0.0	0.0	1.79175946923	0.0	0.0	0.0	0.0	0.0	0.0
0.0	0.0	0.0	0.0	0.0	0.0	0.0	0.0	0.0	0.0	2.19722457734	0.0	0.0	0.0	0.0	0.0	0.0
0.0	0.0	1.79175946923	0.0	0.0	0.0	0.0	0.0	0.0	5.37527840768	0.0	0.0	0.0	0.0	0.0	0.0	0.0
0.0	0.0	0.0	0.0	0.0	0.0	0.0	1.79175946923	0.0	0.0	0.0	1.79175946923	0.0	0.0	0.0	0.0	0.0
0.0	0.0	0.0	3.00815479355	3.00815479355	0.0	0.0	0.0	0.0	1.50407739678	0.0	0.0	0.0	0.0	0.0	0.0	0.0
0.0	0.0	0.0	0.0	0.0	0.0	2.19722457734	0.0	0.0	0.0	0.0	0.0	0.0	0.0	0.0	0.0	0.0
0.0	0.0	0.0	0.0	0.0	0.0	0.0	2.19722457734	0.0	0.0	0.0	0.0	0.0	0.0	0.0	0.0	0.0
0.0	0.0	0.0	0.0	0.0	0.0	2.19722457734	0.0	0.0	0.0	0.0	0.0	0.0	0.0	0.0	0.0	0.0
0.0	2.19722457734	0.0	0.0	0.0	0.0	0.0	0.0	0.0	0.0	0.0	0.0	0.0	0.0	0.0	0.0	0.0
0.0	0.0	1.28093384546	1.28093384546	0.0	0.0	0.0	0.0	0.0	3.84280153639	0.0	0.0	0.0	0.0	1.28093384546	0.0	0.0
0.0	0.0	0.0	0.0	0.0	0.0	0.0	0.0	0.0	0.0	0.0	2.19722457734	0.0	0.0	0.0	0.0	0.0
0.0	0.0	4.39444915467	0.0	0.0	0.0	0.0	0.0	0.0	0.0	0.0	0.0	0.0	0.0	0.0	0.0	0.0
0.0	2.19722457734	0.0	0.0	0.0	0.0	0.0	0.0	0.0	0.0	0.0	0.0	0.0	0.0	0.0	0.0	0.0
0.0	0.0	0.0	0.0	0.0	0.0	2.19722457734	0.0	0.0	0.0	0.0	0.0	0.0	0.0	0.0	0.0	0.0
0.0	0.0	0.0	0.0	2.19722457734	0.0	0.0	0.0	0.0	0.0	0.0	0.0	0.0	0.0	0.0	0.0	0.0
0.0	2.19722457734	0.0	0.0	0.0	0.0	0.0	0.0	0.0	0.0	0.0	0.0	0.0	0.0	0.0	0.0	0.0
0.810930216216	0.0	0.810930216216	0.0	0.0	0.0	0.810930216216	0.810930216216	0.0	0.0	0.810930216216	0.810930216216	0.810930216216	0.0	0.0	0.0	0.0
0.0	0.0	0.0	0.0	0.0	0.0	2.19722457734	0.0	0.0	0.0	0.0	0.0	0.0	0.0	0.0	0.0	0.0
0.0	0.0	0.0	0.0	0.0	0.0	0.0	0.0	0.0	0.0	1.79175946923	0.0	0.0	1.79175946923	0.0	0.0	0.0
0.0	0.0	0.0	0.0	0.0	0.0	2.19722457734	0.0	0.0	0.0	0.0	0.0	0.0	0.0	0.0	0.0	0.0
0.0	0.0	0.0	0.0	0.0	0.0	0.0	5.37527840768	0.0	0.0	1.79175946923	0.0	0.0	0.0	0.0	0.0	0.0
0.0	0.0	0.0	0.0	0.0	0.0	0.0	0.0	0.0	1.79175946923	1.79175946923	0.0	0.0	0.0	0.0	0.0	0.0
0.0	0.0	0.0	0.0	0.0	0.0	2.19722457734	0.0	0.0	0.0	0.0	0.0	0.0	0.0	0.0	0.0	0.0
0.0	0.0	2.19722457734	0.0	0.0	0.0	0.0	0.0	0.0	0.0	0.0	0.0	0.0	0.0	0.0	0.0	0.0
0.0	0.0	0.0	0.0	0.0	0.0	1.79175946923	1.79175946923	0.0	0.0	0.0	0.0	0.0	0.0	0.0	0.0	0.0
0.0	0.0	0.0	0.0	0.0	0.0	0.0	0.0	4.39444915467	0.0	0.0	0.0	0.0	0.0	0.0	0.0	0.0
0.0	0.0	0.0	0.0	0.0	0.0	0.0	0.0	0.0	0.0	2.19722457734	0.0	0.0	0.0	0.0	0.0	0.0
0.0	0.0	0.0	0.0	0.0	0.0	0.0	0.0	0.0	0.0	0.0	0.0	0.0	0.0	0.0	0.0	2.19722457734
0.0	0.0	1.50407739678	0.0	0.0	0.0	0.0	0.0	0.0	0.0	0.0	1.50407739678	0.0	3.00815479355	0.0	0.0	0.0
0.0	0.0	0.0	0.0	0.0	0.0	0.0	0.0	4.39444915467	0.0	0.0	0.0	0.0	0.0	0.0	0.0	0.0
0.0	0.0	0.0	0.0	2.19722457734	0.0	0.0	0.0	0.0	0.0	0.0	0.0	0.0	0.0	0.0	0.0	0.0
1.09861228867	0.0	0.0	1.09861228867	1.09861228867	0.0	0.0	0.0	1.09861228867	0.0	0.0	0.0	0.0	0.0	1.09861228867	0.0	0.0
0.0	0.0	0.0	0.0	0.0	0.0	6.59167373201	0.0	0.0	0.0	0.0	0.0	0.0	0.0	0.0	0.0	0.0
0.0	0.0	0.0	0.0	0.0	0.0	0.0	0.0	0.0	0.0	0.0	0.0	0.0	0.0	2.19722457734	0.0	0.0
0.0	0.0	0.0	0.0	0.0	1.79175946923	0.0	0.0	0.0	3.58351893846	0.0	0.0	0.0	0.0	0.0	0.0	0.0
0.0	0.0	0.0	0.0	0.0	0.0	0.0	0.0	0.0	0.0	0.0	0.0	0.0	2.19722457734	0.0	0.0	0.0
0.0	0.0	0.0	0.0	2.19722457734	0.0	0.0	0.0	0.0	0.0	0.0	0.0	0.0	0.0	0.0	0.0	0.0
0.0	1.79175946923	0.0	1.79175946923	0.0	0.0	0.0	0.0	0.0	0.0	0.0	0.0	0.0	0.0	0.0	0.0	0.0
0.0	2.19722457734	0.0	0.0	0.0	0.0	0.0	0.0	0.0	0.0	0.0	0.0	0.0	0.0	0.0	0.0	0.0
0.0	2.19722457734	0.0	0.0	0.0	0.0	0.0	0.0	0.0	0.0	0.0	0.0	0.0	0.0	0.0	0.0	0.0
0.0	0.0	0.0	0.0	0.0	0.0	0.0	0.0	0.0	0.0	0.0	0.0	0.0	4.39444915467	0.0	0.0	0.0
1.79175946923	0.0	0.0	0.0	0.0	0.0	0.0	1.79175946923	0.0	0.0	0.0	0.0	0.0	0.0	0.0	0.0	0.0
0.0	0.0	0.0	0.0	0.0	0.0	2.19722457734	0.0	0.0	0.0	0.0	0.0	0.0	0.0	0.0	0.0	0.0
0.0	0.0	0.0	0.0	0.0	0.0	0.0	0.0	0.0	0.0	2.19722457734	0.0	0.0	0.0	0.0	0.0	0.0
0.0	2.19722457734	0.0	0.0	0.0	0.0	0.0	0.0	0.0	0.0	0.0	0.0	0.0	0.0	0.0	0.0	0.0
0.0	0.0	0.0	0.0	0.0	0.0	0.0	0.0	0.0	0.0	0.0	2.19722457734	0.0	0.0	0.0	0.0	0.0
0.0	0.944461608841	0.0	0.0	0.0	1.88892321768	0.0	0.944461608841	0.0	0.944461608841	3.77784643536	0.0	0.0	0.944461608841	0.0	0.0	0.0
0.0	4.39444915467	0.0	0.0	0.0	0.0	0.0	0.0	0.0	0.0	0.0	0.0	0.0	0.0	0.0	0.0	0.0
0.0	2.19722457734	0.0	0.0	0.0	0.0	0.0	0.0	0.0	0.0	0.0	0.0	0.0	0.0	0.0	0.0	0.0
0.0	0.0	0.0	0.0	0.0	0.0	0.0	2.19722457734	0.0	0.0	0.0	0.0	0.0	0.0	0.0	0.0	0.0
0.0	2.19722457734	0.0	0.0	0.0	0.0	0.0	0.0	0.0	0.0	0.0	0.0	0.0	0.0	0.0	0.0	0.0
0.0	0.0	0.0	0.0	0.0	0.0	2.19722457734	0.0	0.0	0.0	0.0	0.0	0.0	0.0	0.0	0.0	0.0
0.0	0.0	0.0	0.0	0.0	0.0	0.0	0.0	0.0	0.0	0.0	0.0	0.0	2.19722457734	0.0	0.0	0.0
0.0	0.0	0.0	0.0	0.0	2.19722457734	0.0	0.0	0.0	0.0	0.0	0.0	0.0	0.0	0.0	0.0	0.0
0.0	0.0	0.0	0.0	0.0	0.0	0.0	0.0	0.0	0.0	0.0	0.0	0.0	0.0	0.0	2.19722457734	0.0
0.0	0.0	0.0	1.79175946923	1.79175946923	0.0	0.0	0.0	0.0	0.0	0.0	0.0	0.0	0.0	0.0	0.0	0.0
0.0	0.0	0.0	0.0	0.0	0.0	0.0	0.0	0.0	0.0	0.0	0.0	0.0	0.0	0.0	2.19722457734	0.0
1.50407739678	1.50407739678	0.0	0.0	0.0	0.0	0.0	0.0	0.0	0.0	0.0	0.0	1.50407739678	0.0	0.0	0.0	0.0
0.0	1.79175946923	0.0	0.0	0.0	0.0	0.0	0.0	0.0	0.0	1.79175946923	0.0	0.0	0.0	0.0	0.0	0.0
0.0	0.0	0.0	0.0	0.0	0.0	0.0	0.0	0.0	0.0	2.19722457734	0.0	0.0	0.0	0.0	0.0	0.0
0.0	0.0	0.0	0.0	2.19722457734	0.0	0.0	0.0	0.0	0.0	0.0	0.0	0.0	0.0	0.0	0.0	0.0
0.0	2.19722457734	0.0	0.0	0.0	0.0	0.0	0.0	0.0	0.0	0.0	0.0	0.0	0.0	0.0	0.0	0.0
0.0	1.50407739678	0.0	0.0	0.0	0.0	0.0	0.0	0.0	0.0	0.0	0.0	0.0	1.50407739678	0.0	1.50407739678	0.0
0.0	0.0	0.0	2.19722457734	0.0	0.0	0.0	0.0	0.0	0.0	0.0	0.0	0.0	0.0	0.0	0.0	0.0
0.0	0.0	0.0	0.0	0.0	0.0	0.0	5.37527840768	0.0	0.0	0.0	0.0	0.0	0.0	0.0	3.58351893846	0.0
0.0	0.0	0.0	0.0	0.0	0.0	0.0	0.0	0.0	0.0	0.0	0.0	0.0	2.19722457734	0.0	0.0	0.0
0.0	0.0	0.0	0.0	0.0	0.0	0.0	0.0	0.0	0.0	0.0	2.19722457734	0.0	0.0	0.0	0.0	0.0
1.79175946923	0.0	0.0	0.0	0.0	0.0	0.0	1.79175946923	0.0	0.0	0.0	0.0	0.0	0.0	0.0	0.0	0.0
0.0	1.79175946923	0.0	0.0	0.0	0.0	0.0	1.79175946923	0.0	0.0	0.0	0.0	0.0	0.0	0.0	0.0	0.0
0.0	0.0	0.0	0.0	0.0	5.12373538185	1.28093384546	2.56186769092	0.0	0.0	0.0	0.0	0.0	0.0	0.0	2.56186769092	0.0
0.0	0.0	0.0	0.0	0.0	0.0	0.0	0.0	0.0	0.0	0.0	0.0	0.0	0.0	0.0	2.19722457734	0.0
1.09861228867	1.09861228867	0.0	0.0	0.0	0.0	0.0	0.0	0.0	0.0	0.0	1.09861228867	1.09861228867	0.0	0.0	0.0	2.19722457734
0.0	0.0	0.0	0.0	0.0	1.79175946923	0.0	1.79175946923	0.0	0.0	0.0	0.0	0.0	0.0	0.0	0.0	0.0
0.0	0.0	0.0	0.0	0.0	0.0	0.0	0.0	0.0	0.0	0.0	0.0	0.0	0.0	0.0	2.19722457734	0.0
0.0	0.0	0.0	0.0	0.0	0.0	0.0	0.0	0.0	0.0	0.0	0.0	0.0	6.59167373201	0.0	0.0	0.0
0.0	0.0	0.0	0.0	0.0	0.0	0.0	0.0	0.0	0.0	0.0	0.0	0.0	0.0	0.0	0.0	2.19722457734
0.0	0.0	0.0	0.0	0.0	0.0	0.0	0.0	0.0	2.19722457734	0.0	0.0	0.0	0.0	0.0	0.0	0.0
0.0	0.0	0.0	0.0	0.0	0.0	0.0	0.0	0.0	0.0	0.0	0.0	0.0	0.0	0.0	0.0	2.19722457734
0.0	0.0	0.0	0.0	0.0	0.0	0.0	0.0	0.0	0.0	0.0	0.0	0.0	2.19722457734	0.0	0.0	0.0
0.0	0.0	0.0	0.0	0.0	0.0	0.0	0.0	0.0	0.0	0.0	0.0	2.19722457734	0.0	0.0	0.0	0.0
0.0	0.0	0.0	0.0	0.0	0.0	2.19722457734	0.0	0.0	0.0	0.0	0.0	0.0	0.0	0.0	0.0	0.0
0.0	3.58351893846	0.0	0.0	0.0	0.0	0.0	0.0	0.0	0.0	0.0	3.58351893846	0.0	0.0	0.0	0.0	0.0
0.0	0.0	0.0	0.0	0.0	0.0	0.0	4.39444915467	0.0	0.0	0.0	0.0	0.0	0.0	0.0	0.0	0.0
1.79175946923	0.0	0.0	0.0	0.0	0.0	0.0	0.0	0.0	0.0	0.0	0.0	0.0	1.79175946923	0.0	0.0	0.0
0.0	0.0	2.19722457734	0.0	0.0	0.0	0.0	0.0	0.0	1.09861228867	1.09861228867	1.09861228867	0.0	0.0	0.0	1.09861228867	0.0
0.0	0.0	0.0	0.0	0.0	0.0	0.0	0.0	0.0	2.19722457734	0.0	0.0	0.0	0.0	0.0	0.0	0.0
0.0	0.0	0.0	0.0	0.0	0.0	0.0	0.0	0.0	0.0	0.0	0.0	0.0	0.0	2.19722457734	0.0	0.0
0.0	0.0	0.0	0.0	0.0	0.0	0.0	0.0	0.0	0.0	0.0	0.0	0.0	2.19722457734	0.0	0.0	0.0
0.0	0.0	0.0	0.0	0.0	0.0	0.0	0.0	0.0	0.0	0.0	0.0	0.0	0.0	0.0	0.0	2.19722457734
0.0	0.0	0.0	0.0	0.0	0.0	2.19722457734	0.0	0.0	0.0	0.0	0.0	0.0	0.0	0.0	0.0	0.0
0.0	0.0	0.0	0.0	0.0	0.0	0.0	0.0	0.0	0.0	0.0	0.0	0.0	2.19722457734	0.0	0.0	0.0
0.0	0.0	0.0	0.0	2.19722457734	0.0	0.0	0.0	0.0	0.0	0.0	0.0	0.0	0.0	0.0	0.0	0.0
0.0	0.0	0.0	0.0	0.0	0.0	2.19722457734	0.0	0.0	0.0	0.0	0.0	0.0	0.0	0.0	0.0	0.0
0.0	0.0	2.19722457734	0.0	0.0	0.0	0.0	0.0	0.0	0.0	0.0	0.0	0.0	0.0	0.0	0.0	0.0
0.0	2.19722457734	0.0	0.0	0.0	0.0	0.0	0.0	0.0	0.0	0.0	0.0	0.0	0.0	0.0	0.0	0.0
1.50407739678	0.0	0.0	0.0	0.0	1.50407739678	0.0	4.51223219033	0.0	0.0	0.0	0.0	0.0	0.0	0.0	0.0	0.0
0.0	0.0	0.0	2.19722457734	0.0	0.0	0.0	0.0	0.0	0.0	0.0	0.0	0.0	0.0	0.0	0.0	0.0
0.0	0.0	0.0	0.0	0.0	0.0	0.0	2.19722457734	0.0	0.0	0.0	0.0	0.0	0.0	0.0	0.0	0.0
0.0	0.0	0.0	0.0	0.0	1.79175946923	0.0	3.58351893846	0.0	0.0	0.0	0.0	0.0	0.0	0.0	0.0	0.0
0.0	0.0	0.0	0.0	0.0	0.0	0.0	0.0	0.0	0.0	0.0	0.0	1.79175946923	1.79175946923	0.0	0.0	0.0
0.0	0.0	0.0	0.0	0.0	0.0	0.0	0.0	0.0	0.0	0.0	0.0	0.0	0.0	0.0	2.19722457734	0.0
0.0	0.0	0.0	0.0	0.0	0.0	0.0	2.19722457734	0.0	0.0	0.0	0.0	0.0	0.0	0.0	0.0	0.0
0.0	2.19722457734	0.0	0.0	0.0	0.0	0.0	0.0	0.0	0.0	0.0	0.0	0.0	0.0	0.0	0.0	0.0
0.0	0.0	0.0	0.0	0.0	0.0	0.0	0.0	0.0	0.0	0.0	0.0	0.0	2.19722457734	0.0	0.0	0.0
0.0	0.0	0.0	0.0	0.0	0.0	0.0	0.0	0.0	0.0	2.19722457734	0.0	0.0	0.0	0.0	0.0	0.0
0.0	0.0	2.19722457734	0.0	0.0	0.0	0.0	0.0	0.0	0.0	0.0	0.0	0.0	0.0	0.0	0.0	0.0
0.0	0.0	0.0	0.0	0.0	0.0	0.0	0.0	0.0	0.0	0.0	0.0	0.0	6.59167373201	0.0	0.0	0.0
0.0	0.0	0.0	0.0	0.0	0.0	0.0	0.0	0.0	1.79175946923	3.58351893846	0.0	0.0	0.0	0.0	0.0	0.0
2.19722457734	0.0	0.0	0.0	0.0	0.0	0.0	0.0	0.0	0.0	0.0	0.0	0.0	0.0	0.0	0.0	0.0
0.0	0.0	0.0	0.0	0.0	0.0	0.0	0.0	0.0	0.0	0.0	0.0	0.0	2.19722457734	0.0	0.0	0.0
0.0	0.0	0.0	0.0	0.0	0.0	0.0	0.0	0.0	0.0	0.0	0.0	0.0	2.19722457734	0.0	0.0	0.0
0.0	0.0	0.0	0.0	0.0	0.0	0.0	0.0	0.0	0.0	0.0	0.0	2.19722457734	0.0	0.0	0.0	0.0
0.0	0.0	0.0	0.0	0.0	0.0	0.0	4.39444915467	0.0	0.0	0.0	0.0	0.0	0.0	0.0	0.0	0.0
0.0	0.0	0.0	0.0	0.0	2.19722457734	0.0	0.0	0.0	0.0	0.0	0.0	0.0	0.0	0.0	0.0	0.0
0.0	0.0	0.0	0.0	0.0	0.0	0.0	0.0	0.0	0.0	0.0	0.0	2.19722457734	0.0	0.0	0.0	0.0
0.0	0.0	0.0	2.56186769092	0.0	0.0	0.0	0.0	0.0	0.0	1.28093384546	1.28093384546	0.0	0.0	3.84280153639	0.0	0.0
0.0	2.19722457734	0.0	0.0	0.0	0.0	0.0	0.0	0.0	0.0	0.0	0.0	0.0	0.0	0.0	0.0	0.0
0.0	0.0	0.0	0.0	0.0	0.0	0.0	6.59167373201	0.0	0.0	0.0	0.0	0.0	0.0	0.0	0.0	0.0
0.0	0.0	0.0	0.0	0.0	1.28093384546	0.0	1.28093384546	0.0	0.0	0.0	0.0	0.0	0.0	1.28093384546	0.0	1.28093384546
0.0	0.0	0.0	0.0	0.0	0.0	2.19722457734	0.0	0.0	0.0	0.0	0.0	0.0	0.0	0.0	0.0	0.0
0.0	0.0	0.0	0.0	0.0	0.0	0.0	0.0	0.0	0.0	0.0	0.0	0.0	2.19722457734	0.0	0.0	0.0
0.0	0.0	0.0	0.0	0.0	0.0	0.0	0.0	0.0	0.0	0.0	0.0	0.0	0.0	0.0	0.0	2.19722457734
0.0	0.0	0.0	0.0	0.0	2.19722457734	0.0	0.0	0.0	0.0	0.0	0.0	0.0	0.0	0.0	0.0	0.0
0.0	2.19722457734	0.0	0.0	0.0	0.0	0.0	0.0	0.0	0.0	0.0	0.0	0.0	0.0	0.0	0.0	0.0
1.50407739678	0.0	0.0	0.0	0.0	0.0	0.0	0.0	0.0	0.0	0.0	1.50407739678	0.0	0.0	0.0	0.0	1.50407739678
0.0	0.0	0.0	0.0	0.0	0.0	0.0	0.0	0.0	0.0	0.0	0.0	0.0	0.0	0.0	2.19722457734	0.0
0.0	1.79175946923	0.0	0.0	0.0	0.0	0.0	0.0	0.0	0.0	1.79175946923	0.0	0.0	0.0	0.0	0.0	0.0
0.0	0.0	0.0	0.0	0.0	0.0	0.0	0.0	0.0	0.0	0.0	2.19722457734	0.0	0.0	0.0	0.0	0.0
2.19722457734	0.0	0.0	0.0	0.0	0.0	0.0	0.0	0.0	0.0	0.0	0.0	0.0	0.0	0.0	0.0	0.0
0.0	0.0	0.0	0.0	0.0	0.0	0.0	0.0	0.0	0.0	0.0	0.0	0.0	8.78889830934	0.0	0.0	0.0
2.19722457734	0.0	0.0	0.0	0.0	0.0	0.0	0.0	0.0	0.0	0.0	0.0	0.0	0.0	0.0	0.0	0.0
0.0	0.0	2.19722457734	0.0	0.0	0.0	0.0	0.0	0.0	0.0	0.0	0.0	0.0	0.0	0.0	0.0	0.0
0.0	2.19722457734	0.0	0.0	0.0	0.0	0.0	0.0	0.0	0.0	0.0	0.0	0.0	0.0	0.0	0.0	0.0
0.0	0.0	0.0	0.0	0.0	0.0	1.09861228867	0.0	2.19722457734	2.19722457734	1.09861228867	0.0	0.0	0.0	2.19722457734	0.0	0.0
0.0	0.0	0.0	0.0	0.0	0.0	0.0	0.0	0.0	1.79175946923	1.79175946923	0.0	0.0	0.0	0.0	0.0	0.0
0.0	3.00815479355	1.50407739678	0.0	0.0	0.0	0.0	0.0	0.0	0.0	0.0	0.0	0.0	0.0	0.0	0.0	3.00815479355
0.0	2.19722457734	0.0	0.0	0.0	0.0	0.0	0.0	0.0	0.0	0.0	0.0	0.0	0.0	0.0	0.0	0.0
0.0	0.0	0.0	0.0	0.0	0.0	0.0	0.0	0.0	0.0	0.0	0.0	0.0	0.0	0.0	0.0	2.19722457734
0.0	0.0	0.0	0.0	0.0	0.0	0.0	0.0	0.0	0.0	0.0	0.0	0.0	2.19722457734	0.0	0.0	0.0
3.84280153639	0.0	0.0	0.0	0.0	0.0	0.0	0.0	0.0	1.28093384546	0.0	0.0	0.0	0.0	0.0	1.28093384546	1.28093384546
0.0	0.0	0.0	0.0	0.0	0.0	0.0	0.0	0.0	0.0	0.0	0.0	2.19722457734	0.0	0.0	0.0	0.0
0.0	0.0	0.0	0.0	0.0	0.0	0.0	0.0	0.0	0.0	0.0	0.0	0.0	0.0	0.0	2.19722457734	0.0
0.0	0.0	0.0	0.0	0.0	0.0	0.0	0.0	0.0	0.0	0.0	0.0	2.19722457734	0.0	0.0	0.0	0.0
0.0	0.0	0.0	0.0	0.0	0.0	1.28093384546	1.28093384546	0.0	2.56186769092	1.28093384546	0.0	0.0	0.0	0.0	0.0	0.0
0.0	0.0	0.0	0.0	0.0	0.0	0.0	0.0	0.0	0.0	0.0	0.0	2.19722457734	0.0	0.0	0.0	0.0
0.0	0.0	0.0	1.79175946923	0.0	3.58351893846	0.0	0.0	0.0	0.0	0.0	0.0	0.0	0.0	0.0	0.0	0.0
0.0	0.0	0.0	0.0	0.0	0.0	0.0	0.0	0.0	0.0	2.19722457734	0.0	0.0	0.0	0.0	0.0	0.0
0.0	0.0	0.0	0.0	0.0	0.0	0.0	0.0	0.0	0.0	0.0	0.0	0.0	2.19722457734	0.0	0.0	0.0
0.0	0.0	0.0	0.0	0.0	0.0	0.0	0.0	0.0	0.0	0.0	2.19722457734	0.0	0.0	0.0	0.0	0.0
0.0	0.0	0.0	0.0	0.0	0.0	0.0	0.0	0.0	0.0	0.0	0.0	0.0	4.39444915467	0.0	0.0	0.0
0.0	0.0	0.0	0.0	0.0	0.0	0.0	0.0	0.0	0.0	0.0	0.0	0.0	0.0	2.19722457734	0.0	0.0
0.0	0.0	0.0	0.0	0.0	0.0	0.0	0.0	0.0	0.0	0.0	0.0	0.0	2.19722457734	0.0	0.0	0.0
0.0	0.0	0.0	1.50407739678	0.0	0.0	0.0	0.0	1.50407739678	1.50407739678	0.0	0.0	0.0	0.0	0.0	0.0	0.0
0.0	1.50407739678	0.0	1.50407739678	0.0	0.0	1.50407739678	0.0	0.0	0.0	0.0	0.0	0.0	0.0	0.0	0.0	0.0
0.0	0.0	0.810930216216	1.62186043243	0.810930216216	0.0	1.62186043243	6.48744172973	0.0	2.43279064865	0.0	0.0	0.0	0.0	4.05465108108	0.0	0.0
0.0	2.19722457734	0.0	0.0	0.0	0.0	0.0	0.0	0.0	0.0	0.0	0.0	0.0	0.0	0.0	0.0	0.0
0.0	0.0	0.0	0.0	0.0	0.0	0.0	0.0	0.0	0.0	0.0	0.0	2.19722457734	0.0	0.0	0.0	0.0
0.0	3.58351893846	0.0	0.0	0.0	0.0	0.0	0.0	0.0	0.0	0.0	8.95879734614	0.0	0.0	0.0	0.0	0.0
0.0	0.0	0.0	0.0	0.0	0.0	0.0	0.0	0.0	0.0	0.0	0.0	0.0	0.0	0.0	0.0	2.19722457734
0.0	0.0	0.0	0.0	0.0	0.0	0.0	0.0	0.0	0.0	2.19722457734	0.0	0.0	0.0	0.0	0.0	0.0
0.0	0.0	1.28093384546	0.0	0.0	0.0	0.0	0.0	0.0	0.0	1.28093384546	0.0	1.28093384546	1.28093384546	0.0	0.0	0.0
0.0	0.0	0.0	1.50407739678	0.0	0.0	0.0	0.0	1.50407739678	1.50407739678	0.0	0.0	0.0	0.0	0.0	0.0	0.0
0.0	2.19722457734	0.0	0.0	0.0	0.0	0.0	0.0	0.0	0.0	0.0	0.0	0.0	0.0	0.0	0.0	0.0
0.0	0.0	0.0	0.0	0.0	0.0	0.0	0.0	0.0	0.0	0.0	0.0	0.0	0.0	0.0	0.0	2.19722457734
0.0	0.0	0.0	0.0	0.0	0.0	0.0	0.0	0.0	0.0	0.0	0.0	0.0	2.19722457734	0.0	0.0	0.0
0.0	0.0	0.0	0.0	0.0	0.0	0.0	0.0	2.19722457734	0.0	0.0	0.0	0.0	0.0	0.0	0.0	0.0
0.0	0.0	0.0	0.0	0.0	0.0	0.0	0.0	0.0	0.0	2.19722457734	0.0	0.0	0.0	0.0	0.0	0.0
0.0	0.0	0.0	0.0	0.0	0.0	2.19722457734	0.0	0.0	0.0	0.0	0.0	0.0	0.0	0.0	0.0	0.0
1.09861228867	1.09861228867	0.0	0.0	0.0	0.0	0.0	0.0	0.0	0.0	0.0	1.09861228867	1.09861228867	0.0	0.0	0.0	1.09861228867
4.39444915467	0.0	0.0	0.0	0.0	0.0	0.0	0.0	0.0	0.0	0.0	0.0	0.0	0.0	0.0	0.0	0.0
0.0	0.0	0.0	2.19722457734	0.0	0.0	0.0	0.0	0.0	0.0	0.0	0.0	0.0	0.0	0.0	0.0	0.0
0.0	0.0	0.0	0.0	0.0	0.0	0.0	0.0	0.0	0.0	0.0	0.0	0.0	0.0	0.0	0.0	2.19722457734
0.0	0.0	0.0	0.0	0.0	0.0	0.0	0.0	0.0	2.19722457734	0.0	0.0	0.0	0.0	0.0	0.0	0.0
1.28093384546	0.0	2.56186769092	0.0	0.0	0.0	0.0	0.0	0.0	0.0	0.0	0.0	0.0	0.0	1.28093384546	2.56186769092	0.0
0.0	0.0	0.0	0.0	0.0	0.0	0.0	0.0	0.0	2.19722457734	0.0	0.0	0.0	0.0	0.0	0.0	0.0
0.0	0.0	0.0	0.0	0.0	0.0	0.0	0.0	0.0	0.0	0.0	0.0	2.19722457734	0.0	0.0	0.0	0.0
0.810930216216	5.67651151351	0.0	0.0	0.0	0.810930216216	0.0	0.810930216216	0.0	2.43279064865	0.0	0.0	0.810930216216	0.0	0.0	0.0	2.43279064865
0.0	1.50407739678	0.0	0.0	0.0	1.50407739678	0.0	1.50407739678	0.0	0.0	0.0	0.0	0.0	0.0	0.0	0.0	0.0
0.0	1.79175946923	0.0	0.0	0.0	0.0	0.0	0.0	0.0	0.0	0.0	0.0	0.0	0.0	0.0	0.0	1.79175946923
0.0	0.0	0.0	0.0	0.0	0.0	0.0	0.0	0.0	0.0	0.0	0.0	0.0	4.39444915467	0.0	0.0	0.0
0.0	2.19722457734	0.0	0.0	0.0	0.0	0.0	0.0	0.0	0.0	0.0	0.0	0.0	0.0	0.0	0.0	0.0
0.0	0.0	0.0	0.0	1.50407739678	0.0	0.0	0.0	0.0	0.0	1.50407739678	0.0	0.0	0.0	1.50407739678	0.0	0.0
0.0	2.19722457734	0.0	0.0	0.0	0.0	0.0	0.0	0.0	0.0	0.0	0.0	0.0	0.0	0.0	0.0	0.0
0.0	0.0	0.0	0.0	0.0	0.0	0.0	0.0	0.0	0.0	0.0	0.0	2.19722457734	0.0	0.0	0.0	0.0
0.0	0.0	3.00815479355	0.0	0.0	0.0	0.0	0.0	0.0	1.50407739678	0.0	0.0	0.0	0.0	0.0	1.50407739678	0.0
0.0	2.19722457734	0.0	0.0	0.0	0.0	0.0	0.0	0.0	0.0	0.0	0.0	0.0	0.0	0.0	0.0	0.0
0.0	0.0	0.0	0.0	0.0	0.0	0.0	1.79175946923	0.0	0.0	0.0	1.79175946923	0.0	0.0	0.0	0.0	0.0
0.0	0.0	0.0	2.19722457734	0.0	0.0	0.0	0.0	0.0	0.0	0.0	0.0	0.0	0.0	0.0	0.0	0.0
0.0	0.0	0.0	0.0	0.0	0.0	0.0	0.0	0.0	0.0	0.0	0.0	0.0	2.19722457734	0.0	0.0	0.0
0.0	0.0	0.0	0.0	0.0	0.0	1.28093384546	0.0	0.0	2.56186769092	1.28093384546	0.0	0.0	0.0	1.28093384546	0.0	0.0
0.0	3.58351893846	0.0	0.0	0.0	0.0	0.0	0.0	0.0	0.0	0.0	0.0	0.0	0.0	0.0	0.0	1.79175946923
0.0	0.0	0.0	0.0	0.0	0.0	0.0	0.0	0.0	0.0	2.19722457734	0.0	0.0	0.0	0.0	0.0	0.0
0.0	0.0	0.0	0.0	0.0	0.0	0.0	2.19722457734	0.0	0.0	0.0	0.0	0.0	0.0	0.0	0.0	0.0
0.0	0.0	0.0	0.0	0.0	0.0	0.0	0.0	0.0	0.0	0.0	0.0	0.0	0.0	0.0	0.0	2.19722457734
0.0	0.0	0.0	0.0	2.19722457734	0.0	0.0	0.0	0.0	0.0	0.0	0.0	0.0	0.0	0.0	0.0	0.0
0.0	0.0	0.0	0.0	0.0	0.0	0.0	0.0	0.0	0.0	0.0	0.0	0.0	2.19722457734	0.0	0.0	0.0
0.0	0.0	0.0	0.0	0.0	0.0	2.19722457734	0.0	0.0	0.0	0.0	0.0	0.0	0.0	0.0	0.0	0.0
0.0	0.0	0.0	0.0	0.0	0.0	0.0	1.79175946923	0.0	0.0	0.0	0.0	0.0	1.79175946923	0.0	0.0	0.0
0.0	0.0	0.0	0.0	0.0	0.0	0.0	0.0	0.0	0.0	0.0	0.0	0.0	0.0	2.19722457734	0.0	0.0
0.0	0.0	0.0	0.0	0.0	0.0	0.0	0.0	0.0	0.0	0.0	0.0	0.0	2.19722457734	0.0	0.0	0.0
0.0	0.0	0.0	0.0	0.0	0.0	0.0	0.0	0.0	0.0	0.0	0.0	0.0	0.0	2.19722457734	0.0	0.0
0.0	0.0	0.0	0.0	0.0	0.0	0.0	0.0	0.0	0.0	0.0	0.0	0.0	0.0	2.19722457734	0.0	0.0
0.0	0.0	0.0	0.0	0.0	0.0	0.0	0.0	0.0	0.0	2.19722457734	0.0	0.0	0.0	0.0	0.0	0.0
0.0	0.0	2.56186769092	0.0	0.0	0.0	0.0	0.0	0.0	1.28093384546	1.28093384546	0.0	0.0	0.0	0.0	1.28093384546	0.0
0.0	0.0	0.0	0.0	0.0	0.0	0.0	0.0	0.0	0.0	0.0	0.0	0.0	2.19722457734	0.0	0.0	0.0
0.0	0.0	0.0	0.0	0.0	0.0	0.0	0.0	0.0	0.0	0.0	0.0	2.19722457734	0.0	0.0	0.0	0.0
0.0	0.0	0.0	0.0	0.0	0.0	0.0	2.19722457734	0.0	0.0	0.0	0.0	0.0	0.0	0.0	0.0	0.0
0.0	0.0	0.0	0.0	0.0	0.0	0.0	0.0	0.0	0.0	1.79175946923	0.0	0.0	0.0	0.0	0.0	1.79175946923
0.0	0.0	0.0	0.0	0.0	0.0	2.19722457734	0.0	0.0	0.0	0.0	0.0	0.0	0.0	0.0	0.0	0.0
0.0	0.0	0.0	0.0	0.0	0.0	0.0	0.0	0.0	0.0	3.58351893846	0.0	0.0	1.79175946923	0.0	0.0	0.0
0.0	1.50407739678	1.50407739678	0.0	0.0	0.0	0.0	0.0	0.0	0.0	0.0	1.50407739678	0.0	0.0	0.0	0.0	0.0
0.0	0.0	2.19722457734	0.0	0.0	0.0	0.0	0.0	0.0	0.0	0.0	0.0	0.0	0.0	0.0	0.0	0.0
0.0	4.39444915467	0.0	0.0	0.0	0.0	0.0	0.0	0.0	0.0	0.0	0.0	0.0	0.0	0.0	0.0	0.0
0.0	0.0	0.0	0.0	0.0	0.0	0.0	0.0	0.0	0.0	0.0	1.79175946923	0.0	0.0	0.0	1.79175946923	0.0
0.0	0.0	0.0	0.0	0.0	0.0	0.0	0.0	0.0	0.0	0.0	0.0	0.0	2.19722457734	0.0	0.0	0.0
0.0	0.0	0.0	0.0	0.0	0.0	0.0	0.0	0.0	0.0	0.0	0.0	2.19722457734	0.0	0.0	0.0	0.0
0.0	0.0	0.0	0.0	0.0	0.0	2.19722457734	0.0	0.0	0.0	0.0	0.0	0.0	0.0	0.0	0.0	0.0
0.0	0.0	1.50407739678	0.0	1.50407739678	0.0	0.0	0.0	0.0	0.0	0.0	0.0	0.0	0.0	0.0	1.50407739678	0.0
0.0	0.0	0.0	0.0	0.0	1.79175946923	0.0	1.79175946923	0.0	0.0	0.0	0.0	0.0	0.0	0.0	0.0	0.0
0.0	0.0	0.0	0.0	0.0	2.19722457734	0.0	0.0	0.0	0.0	0.0	0.0	0.0	0.0	0.0	0.0	0.0
0.0	0.0	0.0	0.0	0.0	0.0	0.0	0.0	0.0	0.0	0.0	2.19722457734	0.0	0.0	0.0	0.0	0.0
0.0	0.0	0.0	0.0	0.0	0.0	0.0	0.0	0.0	0.0	0.0	0.0	0.0	2.19722457734	0.0	0.0	0.0
0.0	2.19722457734	0.0	0.0	0.0	0.0	0.0	0.0	0.0	0.0	0.0	0.0	0.0	0.0	0.0	0.0	0.0
0.0	2.19722457734	0.0	0.0	0.0	0.0	0.0	0.0	0.0	0.0	0.0	0.0	0.0	0.0	0.0	0.0	0.0
0.0	0.0	0.0	0.0	0.0	0.0	0.0	1.28093384546	0.0	1.28093384546	2.56186769092	0.0	0.0	0.0	2.56186769092	0.0	0.0
0.0	0.0	0.0	0.0	0.0	1.50407739678	0.0	1.50407739678	0.0	1.50407739678	0.0	0.0	0.0	0.0	0.0	0.0	0.0
0.0	0.0	0.0	0.0	0.0	0.0	2.19722457734	0.0	0.0	0.0	0.0	0.0	0.0	0.0	0.0	0.0	0.0
0.0	0.0	0.0	0.0	0.0	0.0	0.0	0.0	0.0	0.0	2.19722457734	0.0	0.0	0.0	0.0	0.0	0.0
0.0	0.0	0.0	0.0	0.0	0.0	0.0	0.0	0.0	0.0	0.0	2.19722457734	0.0	0.0	0.0	0.0	0.0
0.0	0.0	0.0	0.0	0.0	0.0	0.0	2.19722457734	0.0	0.0	0.0	0.0	0.0	0.0	0.0	0.0	0.0
0.0	0.0	0.0	0.0	0.0	0.0	0.0	0.0	0.0	1.50407739678	0.0	1.50407739678	0.0	0.0	0.0	1.50407739678	0.0
0.0	0.0	0.0	0.0	0.0	0.0	0.0	0.0	0.0	0.0	0.0	0.0	0.0	4.39444915467	0.0	0.0	0.0
0.0	0.0	0.0	2.19722457734	0.0	0.0	0.0	0.0	0.0	0.0	0.0	0.0	0.0	0.0	0.0	0.0	0.0
0.0	0.0	0.0	0.0	0.0	2.19722457734	0.0	0.0	0.0	0.0	0.0	0.0	0.0	0.0	0.0	0.0	0.0
0.0	0.0	0.0	0.0	0.0	1.79175946923	0.0	1.79175946923	0.0	0.0	0.0	0.0	0.0	0.0	0.0	0.0	0.0
0.0	0.0	0.0	1.50407739678	0.0	0.0	0.0	0.0	1.50407739678	0.0	0.0	0.0	0.0	0.0	3.00815479355	0.0	0.0
0.0	1.79175946923	0.0	0.0	0.0	0.0	0.0	0.0	0.0	0.0	0.0	0.0	1.79175946923	0.0	0.0	0.0	0.0
0.0	0.0	0.0	0.0	0.0	0.0	0.0	0.0	0.0	0.0	0.0	0.0	0.0	2.19722457734	0.0	0.0	0.0
0.0	0.0	0.0	0.0	0.0	2.19722457734	0.0	0.0	0.0	0.0	0.0	0.0	0.0	0.0	0.0	0.0	0.0
0.0	0.0	0.0	0.0	0.0	0.0	0.0	0.0	0.0	2.19722457734	0.0	0.0	0.0	0.0	0.0	0.0	0.0
0.0	0.0	0.0	0.0	0.0	0.0	0.0	2.19722457734	0.0	0.0	0.0	0.0	0.0	0.0	0.0	0.0	0.0
0.0	0.0	0.0	0.0	0.0	0.0	0.0	0.0	0.0	2.19722457734	0.0	0.0	0.0	0.0	0.0	0.0	0.0
0.0	0.0	0.0	0.0	0.0	0.0	0.0	0.0	0.0	2.19722457734	0.0	0.0	0.0	0.0	0.0	0.0	0.0
0.0	0.0	0.0	0.0	0.0	0.0	0.0	4.39444915467	0.0	0.0	0.0	0.0	0.0	0.0	0.0	0.0	0.0
0.0	0.0	0.0	0.0	0.0	0.0	1.28093384546	2.56186769092	0.0	0.0	1.28093384546	0.0	0.0	0.0	0.0	1.28093384546	0.0
0.0	0.0	0.0	0.0	0.0	0.0	0.0	0.0	0.0	1.79175946923	0.0	0.0	0.0	1.79175946923	0.0	0.0	0.0
0.0	0.0	0.0	0.0	0.0	0.0	0.0	0.0	0.0	0.0	0.0	0.0	0.0	4.39444915467	0.0	0.0	0.0
0.0	0.0	0.0	0.0	2.19722457734	0.0	0.0	0.0	0.0	0.0	0.0	0.0	0.0	0.0	0.0	0.0	0.0
0.0	0.0	0.0	0.0	0.0	0.0	0.0	0.0	0.0	0.0	0.0	0.0	0.0	0.0	0.0	0.0	2.19722457734
2.19722457734	0.0	0.0	0.0	0.0	0.0	0.0	0.0	0.0	0.0	0.0	0.0	0.0	0.0	0.0	0.0	0.0
0.0	0.0	0.0	0.0	0.0	0.0	0.0	1.28093384546	0.0	3.84280153639	0.0	0.0	0.0	0.0	2.56186769092	0.0	1.28093384546
0.0	0.0	0.0	0.0	0.0	0.0	0.0	0.0	0.0	0.0	0.0	0.0	2.19722457734	0.0	0.0	0.0	0.0
