0.0	0.0	0.0	0.0	0.0	0.0	0.0	0.0	1.60943791243
3.21887582487	0.0	0.0	0.0	0.0	0.0	0.0	0.0	0.0
3.61191841298	0.0	0.0	0.0	0.0	0.0	0.0	0.0	7.22383682596
4.8283137373	0.0	0.0	0.0	0.0	0.0	0.0	0.0	0.0
0.0	0.0	1.20397280433	0.0	1.20397280433	0.0	0.0	0.0	0.0
0.0	1.20397280433	0.0	0.0	1.20397280433	0.0	0.0	0.0	0.0
0.0	0.0	0.0	0.0	0.0	1.20397280433	0.0	0.0	1.20397280433
0.0	0.0	0.0	1.20397280433	0.0	0.0	1.20397280433	0.0	0.0
0.0	1.60943791243	0.0	0.0	0.0	0.0	0.0	0.0	0.0
4.8283137373	0.0	0.0	0.0	0.0	0.0	0.0	0.0	0.0
0.0	3.21887582487	0.0	0.0	0.0	0.0	0.0	0.0	0.0
0.0	1.60943791243	0.0	0.0	0.0	0.0	0.0	0.0	0.0
1.20397280433	0.0	0.0	0.0	0.0	0.0	0.0	1.20397280433	0.0
0.0	1.60943791243	0.0	0.0	0.0	0.0	0.0	0.0	0.0
0.0	0.0	0.0	0.0	0.0	0.0	0.0	1.60943791243	0.0
0.0	0.0	0.0	0.0	3.21887582487	0.0	0.0	0.0	0.0
0.0	0.0	0.0	1.60943791243	0.0	0.0	0.0	0.0	0.0
0.0	0.0	0.0	0.0	0.0	0.0	0.0	1.60943791243	0.0
0.0	1.60943791243	0.0	0.0	0.0	0.0	0.0	0.0	0.0
0.0	0.0	0.0	0.0	0.0	0.0	0.0	4.8283137373	0.0
0.916290731874	0.0	0.0	0.0	0.0	0.0	0.0	0.916290731874	0.916290731874
0.0	0.0	1.60943791243	0.0	0.0	0.0	0.0	0.0	0.0
0.0	0.0	0.0	0.0	0.0	0.0	0.0	1.20397280433	1.20397280433
1.60943791243	0.0	0.0	0.0	0.0	0.0	0.0	0.0	0.0
0.0	0.0	1.20397280433	0.0	0.0	0.0	0.0	1.20397280433	0.0
0.0	0.0	0.0	0.0	0.0	0.0	1.60943791243	0.0	0.0
0.0	0.0	0.0	1.60943791243	0.0	0.0	0.0	0.0	0.0
0.0	0.0	1.60943791243	0.0	0.0	0.0	0.0	0.0	0.0
0.0	0.0	0.0	0.0	0.0	0.0	1.60943791243	0.0	0.0
0.0	0.0	0.0	1.60943791243	0.0	0.0	0.0	0.0	0.0
0.0	0.0	1.60943791243	0.0	0.0	0.0	0.0	0.0	0.0
1.20397280433	0.0	0.0	0.0	0.0	0.0	1.20397280433	0.0	0.0
0.0	0.0	0.0	0.0	0.0	0.0	11.266065387	0.0	0.0
0.0	0.0	3.21887582487	0.0	0.0	0.0	0.0	0.0	0.0
0.0	0.0	1.60943791243	0.0	0.0	0.0	0.0	0.0	0.0
1.60943791243	0.0	0.0	0.0	0.0	0.0	0.0	0.0	0.0
0.0	0.0	0.0	0.0	0.0	1.20397280433	4.8158912173	0.0	0.0
0.0	0.0	0.0	0.0	0.0	0.0	1.60943791243	0.0	0.0
2.77258872224	0.0	0.0	0.0	0.0	2.07944154168	0.0	4.15888308336	0.69314718056
1.60943791243	0.0	0.0	0.0	0.0	0.0	0.0	0.0	0.0
0.0	1.60943791243	0.0	0.0	0.0	0.0	0.0	0.0	0.0
0.0	1.60943791243	0.0	0.0	0.0	0.0	0.0	0.0	0.0
0.0	0.0	0.0	0.0	0.0	0.0	3.21887582487	0.0	0.0
0.0	1.60943791243	0.0	0.0	0.0	0.0	0.0	0.0	0.0
0.0	0.0	0.0	0.0	1.60943791243	0.0	0.0	0.0	0.0
0.0	0.0	0.0	1.60943791243	0.0	0.0	0.0	0.0	0.0
0.0	1.60943791243	0.0	0.0	0.0	0.0	0.0	0.0	0.0
0.0	0.0	0.0	0.0	1.60943791243	0.0	0.0	0.0	0.0
11.266065387	0.0	0.0	0.0	0.0	0.0	0.0	0.0	0.0
0.0	0.0	1.60943791243	0.0	0.0	0.0	0.0	0.0	0.0
0.0	0.0	0.0	0.916290731874	0.0	1.83258146375	0.0	0.0	0.916290731874
0.0	0.0	0.0	0.0	0.0	0.0	1.60943791243	0.0	0.0
0.0	0.0	0.0	0.0	0.0	0.0	0.0	3.21887582487	0.0
0.0	0.0	0.0	0.0	0.0	0.0	0.0	0.0	3.21887582487
0.0	0.0	0.0	0.0	0.0	0.0	0.0	0.0	1.60943791243
1.38629436112	0.0	0.0	0.0	0.0	0.69314718056	0.0	1.38629436112	0.69314718056
0.0	0.0	0.0	1.60943791243	0.0	0.0	0.0	0.0	0.0
0.0	0.0	0.916290731874	0.0	0.0	0.916290731874	1.83258146375	0.0	0.0
1.60943791243	0.0	0.0	0.0	0.0	0.0	0.0	0.0	0.0
0.0	0.0	1.60943791243	0.0	0.0	0.0	0.0	0.0	0.0
0.0	0.0	0.0	0.0	0.916290731874	0.0	0.916290731874	0.0	0.916290731874
0.0	0.0	0.0	0.0	0.0	0.0	1.60943791243	0.0	0.0
0.0	1.60943791243	0.0	0.0	0.0	0.0	0.0	0.0	0.0
0.0	0.0	0.0	1.60943791243	0.0	0.0	0.0	0.0	0.0
0.0	0.0	0.0	0.0	1.60943791243	0.0	0.0	0.0	0.0
0.0	0.0	0.0	0.0	0.0	0.0	0.0	1.20397280433	1.20397280433
0.0	0.0	0.0	0.0	0.0	0.0	0.0	1.60943791243	0.0
0.0	0.0	0.916290731874	0.916290731874	0.0	0.0	0.0	0.0	0.916290731874
0.0	0.0	1.60943791243	0.0	0.0	0.0	0.0	0.0	0.0
0.0	0.0	0.0	0.0	0.0	0.0	1.60943791243	0.0	0.0
1.20397280433	0.0	0.0	0.0	0.0	0.0	0.0	0.0	1.20397280433
0.0	0.0	3.21887582487	0.0	0.0	0.0	0.0	0.0	0.0
1.60943791243	0.0	0.0	0.0	0.0	0.0	0.0	0.0	0.0
0.0	0.0	0.0	0.0	0.0	0.0	1.60943791243	0.0	0.0
0.0	0.0	1.60943791243	0.0	0.0	0.0	0.0	0.0	0.0
0.0	0.0	0.0	0.0	0.0	0.0	0.0	0.0	8.04718956217
0.0	0.0	0.0	0.0	0.0	1.60943791243	0.0	0.0	0.0
0.0	0.0	0.0	0.0	0.0	6.43775164974	0.0	0.0	0.0
1.60943791243	0.0	0.0	0.0	0.0	0.0	0.0	0.0	0.0
1.60943791243	0.0	0.0	0.0	0.0	0.0	0.0	0.0	0.0
0.0	0.0	0.0	0.0	0.0	0.0	0.0	1.60943791243	0.0
0.0	0.0	1.20397280433	0.0	0.0	0.0	0.0	0.0	7.22383682596
0.0	0.0	1.60943791243	0.0	0.0	0.0	0.0	0.0	0.0
0.0	1.60943791243	0.0	0.0	0.0	0.0	0.0	0.0	0.0
0.0	0.0	4.15888308336	0.69314718056	0.0	0.0	0.0	0.69314718056	0.69314718056
0.0	0.0	0.0	0.0	0.0	0.0	0.0	1.60943791243	0.0
0.0	0.0	0.0	0.0	4.8283137373	0.0	0.0	0.0	0.0
0.0	0.0	0.0	3.21887582487	0.0	0.0	0.0	0.0	0.0
0.0	0.0	0.0	0.0	0.0	0.0	0.0	0.0	1.60943791243
0.0	0.0	0.0	0.0	0.0	1.60943791243	0.0	0.0	0.0
0.0	0.0	0.0	0.0	0.0	3.21887582487	0.0	0.0	0.0
0.0	0.0	0.0	0.0	1.60943791243	0.0	0.0	0.0	0.0
0.0	0.0	0.0	1.60943791243	0.0	0.0	0.0	0.0	0.0
0.69314718056	0.0	0.0	0.69314718056	0.0	0.69314718056	1.38629436112	0.0	0.0
0.0	0.0	0.0	1.60943791243	0.0	0.0	0.0	0.0	0.0
0.0	1.20397280433	0.0	0.0	0.0	0.0	1.20397280433	0.0	0.0
0.0	1.60943791243	0.0	0.0	0.0	0.0	0.0	0.0	0.0
0.0	0.0	1.60943791243	0.0	0.0	0.0	0.0	0.0	0.0
1.60943791243	0.0	0.0	0.0	0.0	0.0	0.0	0.0	0.0
0.0	0.0	3.21887582487	0.0	0.0	0.0	0.0	0.0	0.0
0.0	1.20397280433	0.0	0.0	0.0	0.0	0.0	0.0	1.20397280433
0.0	0.0	1.60943791243	0.0	0.0	0.0	0.0	0.0	0.0
0.0	1.60943791243	0.0	0.0	0.0	0.0	0.0	0.0	0.0
0.0	1.60943791243	0.0	0.0	0.0	0.0	0.0	0.0	0.0
0.0	0.0	0.0	0.0	0.0	0.0	0.0	1.60943791243	0.0
1.60943791243	0.0	0.0	0.0	0.0	0.0	0.0	0.0	0.0
1.20397280433	3.61191841298	0.0	0.0	0.0	0.0	0.0	0.0	0.0
0.0	0.0	0.0	1.60943791243	0.0	0.0	0.0	0.0	0.0
0.0	0.0	0.0	0.0	0.0	0.0	1.60943791243	0.0	0.0
0.105360515658	0.105360515658	0.105360515658	0.105360515658	0.105360515658	0.0	0.105360515658	0.316081546973	0.316081546973
1.60943791243	0.0	0.0	0.0	0.0	0.0	0.0	0.0	0.0
0.0	0.0	0.0	0.0	0.0	3.21887582487	0.0	0.0	0.0
0.0	0.0	0.0	0.0	1.60943791243	0.0	0.0	0.0	0.0
0.0	0.0	0.0	0.0	0.0	0.0	3.21887582487	0.0	0.0
0.0	0.0	1.60943791243	0.0	0.0	0.0	0.0	0.0	0.0
0.0	0.0	0.0	1.20397280433	1.20397280433	0.0	0.0	0.0	0.0
0.0	1.60943791243	0.0	0.0	0.0	0.0	0.0	0.0	0.0
0.0	6.43775164974	0.0	0.0	0.0	0.0	0.0	0.0	0.0
0.0	0.0	0.0	0.0	0.0	0.69314718056	2.07944154168	0.69314718056	0.69314718056
0.0	1.60943791243	0.0	0.0	0.0	0.0	0.0	0.0	0.0
0.0	0.0	0.0	1.20397280433	1.20397280433	0.0	0.0	0.0	0.0
0.0	0.0	0.0	4.8283137373	0.0	0.0	0.0	0.0	0.0
0.0	0.0	0.0	0.0	0.0	6.01986402163	3.61191841298	0.0	0.0
0.0	1.20397280433	0.0	0.0	0.0	0.0	0.0	1.20397280433	0.0
0.0	8.04718956217	0.0	0.0	0.0	0.0	0.0	0.0	0.0
0.0	0.0	1.20397280433	0.0	0.0	0.0	0.0	1.20397280433	0.0
0.0	0.0	0.0	0.0	0.0	1.60943791243	0.0	0.0	0.0
0.916290731874	0.0	0.916290731874	0.0	0.0	0.0	0.0	0.916290731874	0.0
0.0	0.0	0.0	0.0	0.0	0.0	0.0	1.60943791243	0.0
1.60943791243	0.0	0.0	0.0	0.0	0.0	0.0	0.0	0.0
3.21887582487	0.0	0.0	0.0	0.0	0.0	0.0	0.0	0.0
3.21887582487	0.0	0.0	0.0	0.0	0.0	0.0	0.0	0.0
0.69314718056	0.0	0.0	0.0	0.0	0.69314718056	0.69314718056	1.38629436112	0.0
0.0	0.0	0.0	0.0	0.0	0.0	1.60943791243	0.0	0.0
0.0	0.0	0.0	0.0	0.0	1.60943791243	0.0	0.0	0.0
0.0	1.60943791243	0.0	0.0	0.0	0.0	0.0	0.0	0.0
0.0	0.0	0.0	0.0	1.60943791243	0.0	0.0	0.0	0.0
0.0	0.0	0.0	1.60943791243	0.0	0.0	0.0	0.0	0.0
0.0	0.0	0.0	0.0	0.0	7.22383682596	3.61191841298	0.0	0.0
0.0	0.0	1.60943791243	0.0	0.0	0.0	0.0	0.0	0.0
0.0	1.60943791243	0.0	0.0	0.0	0.0	0.0	0.0	0.0
0.0	0.0	0.0	0.0	0.0	0.0	0.0	1.60943791243	0.0
0.0	0.0	0.0	0.0	0.0	0.916290731874	0.0	0.916290731874	1.83258146375
0.0	0.0	0.0	0.0	0.0	0.0	0.0	0.0	1.60943791243
0.0	0.0	0.0	0.0	0.0	0.0	0.0	1.60943791243	0.0
0.0	0.0	0.0	1.60943791243	0.0	0.0	0.0	0.0	0.0
0.0	0.0	0.0	0.0	1.60943791243	0.0	0.0	0.0	0.0
1.60943791243	0.0	0.0	0.0	0.0	0.0	0.0	0.0	0.0
0.0	0.0	0.0	0.0	0.0	6.01986402163	3.61191841298	0.0	0.0
0.0	1.60943791243	0.0	0.0	0.0	0.0	0.0	0.0	0.0
1.60943791243	0.0	0.0	0.0	0.0	0.0	0.0	0.0	0.0
0.0	0.0	0.0	0.0	0.0	0.0	1.20397280433	0.0	1.20397280433
0.0	0.0	0.0	0.0	0.0	0.0	1.60943791243	0.0	0.0
0.0	0.0	0.0	0.0	0.0	0.0	0.0	0.0	1.60943791243
0.0	1.60943791243	0.0	0.0	0.0	0.0	0.0	0.0	0.0
0.0	1.60943791243	0.0	0.0	0.0	0.0	0.0	0.0	0.0
0.0	0.0	0.0	1.60943791243	0.0	0.0	0.0	0.0	0.0
0.0	0.0	0.0	0.0	0.0	0.0	0.0	1.60943791243	0.0
0.69314718056	0.0	0.69314718056	0.0	0.0	0.69314718056	0.69314718056	0.0	0.0
0.0	1.60943791243	0.0	0.0	0.0	0.0	0.0	0.0	0.0
0.0	2.40794560865	0.0	0.0	0.0	0.0	0.0	1.20397280433	0.0
0.0	0.0	0.0	1.20397280433	0.0	0.0	2.40794560865	0.0	0.0
0.0	0.0	0.0	0.0	0.0	0.0	0.0	1.20397280433	1.20397280433
1.20397280433	0.0	1.20397280433	0.0	0.0	0.0	0.0	0.0	0.0
0.0	0.0	0.0	4.8158912173	1.20397280433	0.0	0.0	0.0	0.0
0.0	0.0	0.0	0.0	0.0	0.0	0.0	1.60943791243	0.0
0.0	0.0	0.0	0.0	0.0	0.0	4.8283137373	0.0	0.0
0.0	0.0	1.60943791243	0.0	0.0	0.0	0.0	0.0	0.0
0.0	0.0	0.0	0.0	0.0	0.0	0.0	1.60943791243	0.0
1.60943791243	0.0	0.0	0.0	0.0	0.0	0.0	0.0	0.0
0.0	9.6566274746	0.0	0.0	0.0	0.0	0.0	0.0	0.0
0.0	0.0	0.0	0.0	0.0	0.0	0.0	3.21887582487	0.0
0.0	1.20397280433	0.0	0.0	0.0	0.0	0.0	0.0	4.8158912173
0.0	0.0	0.0	0.0	0.0	0.0	1.60943791243	0.0	0.0
0.0	0.0	0.0	0.0	0.0	0.0	1.60943791243	0.0	0.0
1.20397280433	0.0	0.0	0.0	0.0	0.0	0.0	7.22383682596	0.0
0.0	0.0	0.0	0.0	0.0	0.0	0.0	2.40794560865	2.40794560865
0.0	0.0	0.0	0.0	0.0	0.0	0.0	1.60943791243	0.0
0.0	0.0	0.0	0.0	1.60943791243	0.0	0.0	0.0	0.0
0.0	0.0	0.0	0.0	0.0	0.0	3.21887582487	0.0	0.0
0.0	0.0	0.0	0.0	0.0	0.0	0.0	8.04718956217	0.0
0.0	0.916290731874	0.916290731874	0.0	0.0	0.916290731874	0.0	0.0	0.0
0.0	0.0	0.0	0.0	0.0	0.0	1.60943791243	0.0	0.0
0.0	0.0	1.60943791243	0.0	0.0	0.0	0.0	0.0	0.0
0.0	0.0	0.0	0.0	0.0	0.0	1.60943791243	0.0	0.0
0.0	0.0	0.0	0.0	1.60943791243	0.0	0.0	0.0	0.0
0.0	0.0	3.21887582487	0.0	0.0	0.0	0.0	0.0	0.0
0.0	0.0	0.0	0.0	0.0	0.0	1.60943791243	0.0	0.0
0.0	0.0	0.0	0.0	0.0	1.20397280433	1.20397280433	0.0	0.0
0.0	0.0	0.0	0.0	0.0	0.0	0.0	1.60943791243	0.0
9.6566274746	0.0	0.0	0.0	0.0	0.0	0.0	0.0	0.0
0.0	0.0	0.0	0.0	0.0	1.60943791243	0.0	0.0	0.0
0.0	0.0	1.60943791243	0.0	0.0	0.0	0.0	0.0	0.0
0.916290731874	0.916290731874	0.0	0.0	0.0	0.0	0.0	0.916290731874	0.0
0.0	0.0	0.0	0.0	0.0	0.0	2.40794560865	1.20397280433	0.0
0.0	0.0	0.0	0.0	0.0	0.0	1.60943791243	0.0	0.0
0.0	0.0	0.0	1.60943791243	0.0	0.0	0.0	0.0	0.0
0.0	0.0	1.60943791243	0.0	0.0	0.0	0.0	0.0	0.0
0.0	1.60943791243	0.0	0.0	0.0	0.0	0.0	0.0	0.0
0.0	0.0	0.0	0.0	0.0	0.0	1.60943791243	0.0	0.0
0.0	0.0	0.0	0.0	1.60943791243	0.0	0.0	0.0	0.0
0.0	0.0	0.0	0.0	0.0	0.0	1.60943791243	0.0	0.0
1.60943791243	0.0	0.0	0.0	0.0	0.0	0.0	0.0	0.0
0.0	0.0	0.0	0.0	0.0	0.0	0.0	0.0	1.60943791243
0.0	0.0	1.60943791243	0.0	0.0	0.0	0.0	0.0	0.0
0.0	0.510825623766	0.510825623766	0.0	0.0	0.510825623766	0.510825623766	0.510825623766	0.0
0.0	0.0	0.0	0.0	0.0	0.0	0.0	3.21887582487	0.0
0.0	0.0	0.0	1.60943791243	0.0	0.0	0.0	0.0	0.0
3.21887582487	0.0	0.0	0.0	0.0	0.0	0.0	0.0	0.0
3.61191841298	0.0	0.0	0.0	0.0	0.0	0.0	4.8158912173	0.0
0.510825623766	0.0	0.510825623766	0.0	0.0	0.510825623766	1.02165124753	0.510825623766	0.0
1.20397280433	0.0	0.0	0.0	0.0	0.0	0.0	0.0	1.20397280433
0.0	0.0	0.0	0.0	0.0	0.0	1.60943791243	0.0	0.0
0.0	0.0	0.0	1.60943791243	0.0	0.0	0.0	0.0	0.0
0.0	0.0	0.0	0.0	1.20397280433	0.0	0.0	0.0	1.20397280433
0.0	0.0	0.0	0.0	0.0	0.0	0.0	3.21887582487	0.0
0.0	0.0	0.0	0.0	1.60943791243	0.0	0.0	0.0	0.0
0.0	0.0	0.0	0.0	0.0	0.0	0.0	0.0	1.60943791243
0.0	3.21887582487	0.0	0.0	0.0	0.0	0.0	0.0	0.0
0.0	0.0	0.0	0.0	0.0	0.0	0.0	1.60943791243	0.0
0.0	0.0	0.0	1.60943791243	0.0	0.0	0.0	0.0	0.0
0.0	0.0	0.0	1.60943791243	0.0	0.0	0.0	0.0	0.0
4.8283137373	0.0	0.0	0.0	0.0	0.0	0.0	0.0	0.0
0.0	0.0	0.0	1.60943791243	0.0	0.0	0.0	0.0	0.0
0.0	0.0	9.63178243461	1.20397280433	0.0	0.0	0.0	0.0	0.0
0.0	0.916290731874	0.0	1.83258146375	0.916290731874	0.0	0.0	0.0	0.0
0.0	0.0	0.0	0.0	0.0	1.60943791243	0.0	0.0	0.0
0.0	0.0	1.60943791243	0.0	0.0	0.0	0.0	0.0	0.0
0.0	0.0	1.20397280433	0.0	0.0	0.0	1.20397280433	0.0	0.0
0.356674943939	0.356674943939	0.356674943939	0.0	0.0	0.356674943939	0.356674943939	0.713349887877	0.0
0.0	0.0	1.60943791243	0.0	0.0	0.0	0.0	0.0	0.0
0.0	0.0	1.20397280433	0.0	0.0	0.0	0.0	0.0	1.20397280433
0.0	0.0	0.0	0.0	0.0	0.0	1.60943791243	0.0	0.0
0.0	0.0	0.0	1.60943791243	0.0	0.0	0.0	0.0	0.0
0.0	0.0	0.0	0.0	0.0	1.60943791243	0.0	0.0	0.0
0.0	0.0	1.60943791243	0.0	0.0	0.0	0.0	0.0	0.0
0.0	0.0	1.60943791243	0.0	0.0	0.0	0.0	0.0	0.0
0.0	0.0	1.60943791243	0.0	0.0	0.0	0.0	0.0	0.0
0.0	0.0	0.0	0.0	0.0	3.21887582487	0.0	0.0	0.0
0.69314718056	0.0	0.0	0.69314718056	0.0	0.0	2.07944154168	0.0	0.69314718056
0.0	0.0	0.0	0.0	0.0	0.0	1.60943791243	0.0	0.0
0.0	1.60943791243	0.0	0.0	0.0	0.0	0.0	0.0	0.0
1.60943791243	0.0	0.0	0.0	0.0	0.0	0.0	0.0	0.0
0.0	0.69314718056	0.0	0.0	0.0	0.69314718056	0.0	0.69314718056	0.69314718056
0.0	0.0	0.0	0.0	0.0	0.0	1.60943791243	0.0	0.0
1.60943791243	0.0	0.0	0.0	0.0	0.0	0.0	0.0	0.0
0.0	0.0	0.0	3.21887582487	0.0	0.0	0.0	0.0	0.0
0.0	0.0	0.0	1.20397280433	0.0	1.20397280433	0.0	0.0	0.0
0.0	1.20397280433	0.0	1.20397280433	0.0	0.0	0.0	0.0	0.0
0.0	0.0	0.0	1.60943791243	0.0	0.0	0.0	0.0	0.0
0.0	0.0	0.0	0.0	0.0	0.0	0.0	0.0	1.60943791243
1.20397280433	0.0	0.0	0.0	0.0	0.0	2.40794560865	0.0	0.0
0.0	1.20397280433	0.0	0.0	0.0	0.0	0.0	1.20397280433	0.0
0.0	0.0	0.0	0.0	0.0	0.0	0.0	1.20397280433	1.20397280433
0.0	0.0	1.60943791243	0.0	0.0	0.0	0.0	0.0	0.0
0.0	0.0	1.60943791243	0.0	0.0	0.0	0.0	0.0	0.0
0.0	0.0	0.0	0.0	1.20397280433	0.0	0.0	6.01986402163	0.0
0.0	0.0	0.0	1.60943791243	0.0	0.0	0.0	0.0	0.0
0.0	0.69314718056	0.0	0.0	0.0	0.69314718056	0.69314718056	1.38629436112	0.0
0.0	0.0	0.0	3.21887582487	0.0	0.0	0.0	0.0	0.0
1.60943791243	0.0	0.0	0.0	0.0	0.0	0.0	0.0	0.0
0.0	0.0	1.60943791243	0.0	0.0	0.0	0.0	0.0	0.0
0.0	0.0	0.0	0.0	0.0	2.40794560865	3.61191841298	0.0	0.0
0.0	0.0	0.0	0.0	0.0	0.0	1.60943791243	0.0	0.0
0.0	0.0	0.0	1.60943791243	0.0	0.0	0.0	0.0	0.0
0.0	0.0	0.0	1.20397280433	0.0	0.0	0.0	1.20397280433	0.0
0.0	0.0	0.0	0.0	4.8283137373	0.0	0.0	0.0	0.0
0.0	0.0	0.0	1.60943791243	0.0	0.0	0.0	0.0	0.0
0.0	0.0	0.0	0.0	0.0	0.0	0.0	8.42780963028	3.61191841298
0.0	1.60943791243	0.0	0.0	0.0	0.0	0.0	0.0	0.0
0.0	0.0	0.0	0.0	0.0	0.916290731874	0.916290731874	0.0	0.916290731874
0.0	0.0	0.0	0.0	0.0	0.0	0.0	1.60943791243	0.0
1.60943791243	0.0	0.0	0.0	0.0	0.0	0.0	0.0	0.0
0.0	0.0	1.60943791243	0.0	0.0	0.0	0.0	0.0	0.0
0.0	0.0	0.0	3.21887582487	0.0	0.0	0.0	0.0	0.0
0.0	0.0	0.0	0.0	0.0	0.0	0.0	1.60943791243	0.0
0.0	0.0	1.60943791243	0.0	0.0	0.0	0.0	0.0	0.0
1.20397280433	0.0	0.0	0.0	0.0	0.0	0.0	1.20397280433	0.0
1.60943791243	0.0	0.0	0.0	0.0	0.0	0.0	0.0	0.0
0.0	0.0	1.60943791243	0.0	0.0	0.0	0.0	0.0	0.0
0.0	0.0	0.0	0.0	0.0	0.0	1.60943791243	0.0	0.0
0.0	1.60943791243	0.0	0.0	0.0	0.0	0.0	0.0	0.0
1.60943791243	0.0	0.0	0.0	0.0	0.0	0.0	0.0	0.0
0.0	1.60943791243	0.0	0.0	0.0	0.0	0.0	0.0	0.0
0.0	0.0	0.0	0.0	0.0	0.0	0.0	3.21887582487	0.0
0.0	0.0	0.0	0.0	0.0	1.20397280433	1.20397280433	0.0	0.0
0.0	0.0	0.0	1.60943791243	0.0	0.0	0.0	0.0	0.0
0.0	0.0	3.21887582487	0.0	0.0	0.0	0.0	0.0	0.0
0.0	0.0	0.0	0.0	0.0	1.60943791243	0.0	0.0	0.0
0.916290731874	0.0	0.0	0.0	0.0	0.916290731874	1.83258146375	0.0	0.0
0.0	0.0	0.0	0.0	0.0	0.0	1.20397280433	1.20397280433	0.0
0.916290731874	0.0	0.0	0.916290731874	0.0	0.0	0.0	2.74887219562	0.0
0.0	0.0	4.8283137373	0.0	0.0	0.0	0.0	0.0	0.0
0.916290731874	0.0	0.0	0.0	0.0	0.0	0.0	5.49774439124	4.58145365937
0.916290731874	0.0	0.0	0.0	0.0	0.0	0.0	0.916290731874	0.916290731874
0.0	0.0	0.0	1.60943791243	0.0	0.0	0.0	0.0	0.0
0.0	0.0	1.60943791243	0.0	0.0	0.0	0.0	0.0	0.0
0.0	1.20397280433	0.0	0.0	0.0	0.0	1.20397280433	0.0	0.0
0.0	0.0	0.0	0.0	0.0	0.0	1.60943791243	0.0	0.0
0.0	0.0	0.0	1.60943791243	0.0	0.0	0.0	0.0	0.0
0.69314718056	0.0	0.69314718056	0.0	0.0	0.0	2.07944154168	0.69314718056	0.0
0.0	1.60943791243	0.0	0.0	0.0	0.0	0.0	0.0	0.0
0.0	0.0	0.0	0.0	0.0	0.0	0.0	0.0	1.60943791243
0.0	0.0	0.0	1.60943791243	0.0	0.0	0.0	0.0	0.0
0.0	0.0	0.0	0.0	0.0	1.60943791243	0.0	0.0	0.0
0.510825623766	0.0	0.0	0.510825623766	0.0	0.0	1.5324768713	0.510825623766	0.510825623766
0.0	0.0	0.0	1.60943791243	0.0	0.0	0.0	0.0	0.0
0.0	0.0	0.0	0.0	0.0	1.20397280433	1.20397280433	0.0	0.0
0.0	0.0	0.0	1.20397280433	1.20397280433	0.0	0.0	0.0	0.0
0.713349887877	0.356674943939	0.0	0.0	0.0	0.356674943939	0.713349887877	1.07002483182	0.356674943939
0.0	0.0	0.0	0.0	0.0	0.0	0.0	0.0	1.60943791243
1.60943791243	0.0	0.0	0.0	0.0	0.0	0.0	0.0	0.0
1.60943791243	0.0	0.0	0.0	0.0	0.0	0.0	0.0	0.0
0.0	1.60943791243	0.0	0.0	0.0	0.0	0.0	0.0	0.0
0.0	0.0	0.0	0.0	0.0	0.0	1.60943791243	0.0	0.0
0.0	0.0	0.0	0.0	0.0	1.83258146375	0.916290731874	0.0	0.916290731874
0.0	0.0	0.0	1.20397280433	0.0	0.0	0.0	0.0	1.20397280433
0.0	0.0	0.0	0.0	0.0	1.60943791243	0.0	0.0	0.0
0.0	0.0	0.0	3.21887582487	0.0	0.0	0.0	0.0	0.0
0.0	1.60943791243	0.0	0.0	0.0	0.0	0.0	0.0	0.0
0.0	0.0	0.0	1.60943791243	0.0	0.0	0.0	0.0	0.0
1.20397280433	0.0	0.0	0.0	0.0	0.0	0.0	1.20397280433	0.0
0.0	0.0	0.0	0.0	1.60943791243	0.0	0.0	0.0	0.0
0.0	0.0	0.69314718056	0.0	0.0	0.0	0.69314718056	0.69314718056	1.38629436112
0.0	0.0	0.0	1.60943791243	0.0	0.0	0.0	0.0	0.0
0.0	0.0	0.0	0.0	0.0	0.0	0.0	1.60943791243	0.0
1.60943791243	0.0	0.0	0.0	0.0	0.0	0.0	0.0	0.0
0.0	0.0	0.0	0.0	0.0	0.0	0.0	1.60943791243	0.0
0.0	0.0	0.0	0.0	0.0	1.60943791243	0.0	0.0	0.0
0.0	0.0	0.0	0.0	1.20397280433	0.0	0.0	2.40794560865	0.0
0.0	0.0	0.0	1.60943791243	0.0	0.0	0.0	0.0	0.0
0.0	1.60943791243	0.0	0.0	0.0	0.0	0.0	0.0	0.0
0.0	0.0	0.0	0.0	0.0	0.0	0.0	0.0	1.60943791243
0.0	0.0	0.0	0.0	0.0	1.60943791243	0.0	0.0	0.0
0.0	0.0	1.60943791243	0.0	0.0	0.0	0.0	0.0	0.0
1.60943791243	0.0	0.0	0.0	0.0	0.0	0.0	0.0	0.0
0.0	0.0	0.0	0.0	0.0	0.0	1.60943791243	0.0	0.0
0.0	0.0	0.0	0.0	0.0	1.60943791243	0.0	0.0	0.0
0.0	0.0	0.0	1.60943791243	0.0	0.0	0.0	0.0	0.0
0.0	0.0	0.0	0.0	1.60943791243	0.0	0.0	0.0	0.0
0.0	0.0	0.0	19.3132549492	0.0	0.0	0.0	0.0	0.0
0.0	0.0	0.0	8.04718956217	0.0	0.0	0.0	0.0	0.0
0.0	0.0	0.0	1.60943791243	0.0	0.0	0.0	0.0	0.0
0.0	0.0	0.0	0.0	0.0	0.0	0.0	1.60943791243	0.0
3.21887582487	0.0	0.0	0.0	0.0	0.0	0.0	0.0	0.0
0.0	0.0	0.0	1.60943791243	0.0	0.0	0.0	0.0	0.0
0.0	0.0	0.0	1.60943791243	0.0	0.0	0.0	0.0	0.0
0.0	0.0	3.21887582487	0.0	0.0	0.0	0.0	0.0	0.0
0.0	0.0	0.0	1.60943791243	0.0	0.0	0.0	0.0	0.0
1.20397280433	0.0	0.0	2.40794560865	0.0	0.0	0.0	0.0	0.0
0.510825623766	0.0	0.510825623766	0.0	0.0	0.0	0.510825623766	0.510825623766	0.510825623766
1.60943791243	0.0	0.0	0.0	0.0	0.0	0.0	0.0	0.0
0.0	0.0	0.0	0.0	0.0	3.21887582487	0.0	0.0	0.0
0.0	0.0	0.0	1.60943791243	0.0	0.0	0.0	0.0	0.0
0.0	0.0	0.0	0.0	0.0	1.60943791243	0.0	0.0	0.0
0.0	0.0	0.0	0.0	0.0	0.0	0.0	0.0	3.21887582487
0.0	0.0	0.0	0.0	0.0	0.0	0.0	1.60943791243	0.0
1.60943791243	0.0	0.0	0.0	0.0	0.0	0.0	0.0	0.0
0.0	0.0	0.0	1.20397280433	0.0	0.0	0.0	0.0	1.20397280433
0.0	0.0	1.60943791243	0.0	0.0	0.0	0.0	0.0	0.0
0.0	0.0	0.0	1.60943791243	0.0	0.0	0.0	0.0	0.0
0.0	0.0	0.0	1.60943791243	0.0	0.0	0.0	0.0	0.0
0.0	0.0	1.60943791243	0.0	0.0	0.0	0.0	0.0	0.0
0.0	0.0	0.0	1.60943791243	0.0	0.0	0.0	0.0	0.0
0.0	0.0	0.0	0.0	0.0	0.0	1.60943791243	0.0	0.0
0.0	0.0	0.0	0.0	0.0	0.0	0.0	1.60943791243	0.0
0.0	0.0	1.60943791243	0.0	0.0	0.0	0.0	0.0	0.0
0.0	1.60943791243	0.0	0.0	0.0	0.0	0.0	0.0	0.0
0.0	0.0	0.0	0.0	1.60943791243	0.0	0.0	0.0	0.0
0.0	0.0	0.0	1.60943791243	0.0	0.0	0.0	0.0	0.0
0.0	1.60943791243	0.0	0.0	0.0	0.0	0.0	0.0	0.0
0.0	0.0	0.0	0.0	0.0	0.0	0.0	3.21887582487	0.0
0.0	0.0	0.0	0.0	0.0	1.20397280433	1.20397280433	0.0	0.0
0.0	0.0	6.43775164974	0.0	0.0	0.0	0.0	0.0	0.0
0.0	0.0	1.60943791243	0.0	0.0	0.0	0.0	0.0	0.0
0.0	0.0	0.0	0.0	3.21887582487	0.0	0.0	0.0	0.0
1.20397280433	0.0	0.0	0.0	0.0	1.20397280433	0.0	0.0	0.0
0.0	0.0	0.0	0.0	0.0	1.60943791243	0.0	0.0	0.0
0.0	0.0	0.0	0.0	0.0	1.60943791243	0.0	0.0	0.0
0.0	0.0	0.0	0.0	0.0	0.0	0.0	1.20397280433	1.20397280433
0.0	0.0	0.0	0.0	0.0	0.0	0.0	1.60943791243	0.0
0.0	0.0	1.60943791243	0.0	0.0	0.0	0.0	0.0	0.0
0.0	0.0	3.21887582487	0.0	0.0	0.0	0.0	0.0	0.0
0.0	0.0	1.60943791243	0.0	0.0	0.0	0.0	0.0	0.0
0.0	0.0	4.8283137373	0.0	0.0	0.0	0.0	0.0	0.0
0.0	0.0	0.0	0.0	0.0	0.0	1.60943791243	0.0	0.0
0.0	1.60943791243	0.0	0.0	0.0	0.0	0.0	0.0	0.0
0.0	0.0	0.0	1.83258146375	1.83258146375	0.0	0.0	0.916290731874	0.0
0.0	0.0	0.0	0.0	1.60943791243	0.0	0.0	0.0	0.0
0.0	0.0	0.0	1.60943791243	0.0	0.0	0.0	0.0	0.0
0.0	1.60943791243	0.0	0.0	0.0	0.0	0.0	0.0	0.0
0.0	0.0	3.21887582487	0.0	0.0	0.0	0.0	0.0	0.0
0.0	0.0	0.0	0.0	0.0	1.20397280433	0.0	0.0	1.20397280433
0.0	1.60943791243	0.0	0.0	0.0	0.0	0.0	0.0	0.0
0.0	0.0	1.60943791243	0.0	0.0	0.0	0.0	0.0	0.0
0.0	0.0	0.0	0.0	0.0	0.0	1.20397280433	0.0	1.20397280433
0.0	0.0	1.60943791243	0.0	0.0	0.0	0.0	0.0	0.0
0.0	1.60943791243	0.0	0.0	0.0	0.0	0.0	0.0	0.0
0.0	0.0	0.0	1.60943791243	0.0	0.0	0.0	0.0	0.0
0.0	0.0	1.60943791243	0.0	0.0	0.0	0.0	0.0	0.0
0.0	1.60943791243	0.0	0.0	0.0	0.0	0.0	0.0	0.0
0.0	0.0	1.60943791243	0.0	0.0	0.0	0.0	0.0	0.0
0.0	1.60943791243	0.0	0.0	0.0	0.0	0.0	0.0	0.0
