0.0	0.0	0.0	0.0	0.0	0.0	0.0	0.0	0.0	0.0	0.0	0.0	0.0	2.07944154168	0.0
2.07944154168	0.0	0.0	0.0	0.0	0.0	0.0	0.0	0.0	0.0	0.0	0.0	0.0	0.0	0.0
2.07944154168	0.0	0.0	0.0	0.0	0.0	0.0	0.0	0.0	0.0	0.0	0.0	0.0	0.0	0.0
6.23832462504	0.0	0.0	0.0	0.0	0.0	0.0	0.0	0.0	0.0	0.0	0.0	0.0	0.0	0.0
0.0	0.0	0.0	1.16315080981	0.0	0.0	0.0	0.0	1.16315080981	0.0	1.16315080981	0.0	1.16315080981	0.0	0.0
1.67397643357	0.0	0.0	0.0	0.0	0.0	0.0	0.0	0.0	0.0	0.0	1.67397643357	0.0	0.0	0.0
0.0	0.0	0.0	0.0	0.0	0.0	0.0	2.07944154168	0.0	0.0	0.0	0.0	0.0	0.0	0.0
0.0	1.38629436112	1.38629436112	0.0	1.38629436112	0.0	0.0	0.0	0.0	0.0	0.0	0.0	0.0	0.0	0.0
0.0	0.0	0.0	0.0	0.0	0.0	2.07944154168	0.0	0.0	0.0	0.0	0.0	0.0	0.0	0.0
0.0	0.0	0.0	0.0	2.07944154168	0.0	0.0	0.0	0.0	0.0	0.0	0.0	0.0	0.0	0.0
0.0	0.0	0.0	0.0	2.07944154168	0.0	0.0	0.0	0.0	0.0	0.0	0.0	0.0	0.0	0.0
0.0	0.0	0.0	0.0	0.0	0.0	0.0	0.0	0.0	0.0	0.0	2.07944154168	0.0	0.0	0.0
0.0	0.0	0.0	0.0	0.0	0.0	0.0	2.07944154168	0.0	0.0	0.0	0.0	0.0	0.0	0.0
1.16315080981	0.0	0.0	0.0	1.16315080981	1.16315080981	0.0	1.16315080981	0.0	0.0	0.0	0.0	0.0	0.0	0.0
0.0	0.0	0.0	0.0	0.0	0.0	0.0	0.0	2.77258872224	1.38629436112	2.77258872224	0.0	0.0	0.0	0.0
0.0	0.0	0.0	0.0	0.0	0.0	0.0	0.0	0.0	0.0	0.0	0.0	0.0	0.0	12.4766492501
0.0	0.0	0.0	0.0	0.0	0.0	0.0	0.0	0.0	0.0	0.0	2.07944154168	0.0	0.0	0.0
0.0	0.0	0.0	0.0	0.0	0.0	0.0	0.0	0.0	0.0	0.0	2.07944154168	0.0	0.0	0.0
0.0	0.0	0.0	0.0	0.0	0.0	0.0	0.0	0.0	2.07944154168	0.0	0.0	0.0	0.0	0.0
0.0	0.0	0.0	0.0	0.0	0.0	0.0	0.0	0.0	2.07944154168	0.0	0.0	0.0	0.0	0.0
0.0	0.0	0.0	0.0	0.0	0.0	1.38629436112	0.0	1.38629436112	0.0	1.38629436112	0.0	0.0	0.0	0.0
0.0	0.0	0.0	3.34795286714	0.0	0.0	0.0	0.0	0.0	0.0	0.0	0.0	3.34795286714	0.0	0.0
2.07944154168	0.0	0.0	0.0	0.0	0.0	0.0	0.0	0.0	0.0	0.0	0.0	0.0	0.0	0.0
0.0	16.6355323334	0.0	0.0	0.0	0.0	0.0	0.0	0.0	0.0	0.0	0.0	0.0	0.0	0.0
0.0	0.0	0.0	0.0	0.0	0.0	0.0	0.0	0.0	2.07944154168	0.0	0.0	0.0	0.0	0.0
1.16315080981	3.48945242942	2.32630161961	0.0	0.0	0.0	0.0	0.0	0.0	0.0	0.0	0.0	0.0	2.32630161961	0.0
0.0	0.0	2.07944154168	0.0	0.0	0.0	0.0	0.0	0.0	0.0	0.0	0.0	0.0	0.0	0.0
0.0	0.0	2.07944154168	0.0	0.0	0.0	0.0	0.0	0.0	0.0	0.0	0.0	0.0	0.0	0.0
0.0	0.0	0.0	1.38629436112	0.0	0.0	0.0	0.0	0.0	0.0	0.0	0.0	1.38629436112	1.38629436112	0.0
4.15888308336	0.0	0.0	0.0	0.0	0.0	0.0	0.0	0.0	0.0	0.0	0.0	0.0	0.0	0.0
0.0	0.0	0.0	0.0	0.0	0.0	0.0	2.07944154168	0.0	0.0	0.0	0.0	0.0	0.0	0.0
0.0	0.0	0.0	0.0	0.0	0.0	0.0	0.0	0.0	2.07944154168	0.0	0.0	0.0	0.0	0.0
0.0	2.07944154168	0.0	0.0	0.0	0.0	0.0	0.0	0.0	0.0	0.0	0.0	0.0	0.0	0.0
0.0	0.0	0.0	0.0	0.0	0.0	0.0	0.0	0.0	8.31776616672	0.0	0.0	0.0	0.0	0.0
0.0	0.0	0.0	0.0	0.0	0.0	2.77258872224	0.0	1.38629436112	0.0	1.38629436112	0.0	0.0	0.0	0.0
0.0	0.0	0.0	0.0	0.0	0.0	0.0	0.0	0.0	0.0	2.07944154168	0.0	0.0	0.0	0.0
0.0	2.07944154168	0.0	0.0	0.0	0.0	0.0	0.0	0.0	0.0	0.0	0.0	0.0	0.0	0.0
0.0	0.0	0.0	0.0	0.0	0.0	0.0	0.0	2.77258872224	0.0	2.77258872224	0.0	0.0	0.0	2.77258872224
1.16315080981	1.16315080981	0.0	0.0	1.16315080981	0.0	0.0	1.16315080981	0.0	0.0	0.0	0.0	0.0	0.0	0.0
0.0	0.0	0.0	0.0	0.0	0.0	0.0	0.0	0.0	0.0	0.0	2.07944154168	0.0	0.0	0.0
0.0	0.0	0.0	0.0	0.0	0.0	0.0	2.07944154168	0.0	0.0	0.0	0.0	0.0	0.0	0.0
0.0	0.0	0.0	0.0	0.0	0.0	0.0	0.0	0.0	0.0	0.0	2.07944154168	0.0	0.0	0.0
0.0	0.0	0.0	6.69590573429	0.0	0.0	0.0	0.0	0.0	0.0	0.0	0.0	6.69590573429	0.0	0.0
0.0	0.0	0.0	0.0	0.0	0.0	0.0	0.0	0.0	0.0	0.0	2.07944154168	0.0	0.0	0.0
0.0	0.0	0.0	0.0	0.0	2.07944154168	0.0	0.0	0.0	0.0	0.0	0.0	0.0	0.0	0.0
0.0	0.0	0.0	0.0	0.0	2.07944154168	0.0	0.0	0.0	0.0	0.0	0.0	0.0	0.0	0.0
0.0	0.0	0.0	0.0	0.0	0.0	0.0	2.07944154168	0.0	0.0	0.0	0.0	0.0	0.0	0.0
0.0	0.0	0.980829253012	0.0	0.0	0.980829253012	0.980829253012	0.980829253012	0.0	0.0	0.0	0.0	0.0	0.0	0.980829253012
2.07944154168	0.0	0.0	0.0	0.0	0.0	0.0	0.0	0.0	0.0	0.0	0.0	0.0	0.0	0.0
0.0	0.0	0.0	0.0	0.0	2.07944154168	0.0	0.0	0.0	0.0	0.0	0.0	0.0	0.0	0.0
0.69314718056	0.0	0.0	2.07944154168	0.0	0.69314718056	0.0	1.38629436112	0.0	0.0	0.0	0.0	2.07944154168	0.69314718056	0.69314718056
2.07944154168	0.0	0.0	0.0	0.0	0.0	0.0	0.0	0.0	0.0	0.0	0.0	0.0	0.0	0.0
0.0	4.15888308336	0.0	0.0	0.0	0.0	0.0	0.0	0.0	0.0	0.0	0.0	0.0	0.0	0.0
0.0	1.16315080981	0.0	0.0	1.16315080981	2.32630161961	1.16315080981	0.0	0.0	0.0	0.0	0.0	0.0	0.0	0.0
0.0	0.0	0.0	0.0	0.0	4.15888308336	0.0	0.0	0.0	0.0	0.0	0.0	0.0	0.0	0.0
0.0	0.0	0.0	0.0	0.0	0.0	0.0	2.07944154168	0.0	0.0	0.0	0.0	0.0	0.0	0.0
0.0	0.0	0.0	1.67397643357	0.0	0.0	0.0	0.0	0.0	0.0	0.0	0.0	1.67397643357	0.0	0.0
0.0	0.0	0.0	0.0	0.0	0.0	4.15888308336	0.0	5.54517744448	0.0	5.54517744448	0.0	0.0	0.0	0.0
0.0	0.0	0.0	0.0	0.0	0.0	0.0	0.0	0.0	2.07944154168	0.0	0.0	0.0	0.0	0.0
0.0	0.0	0.0	0.0	0.0	0.0	0.0	0.0	0.0	2.07944154168	0.0	0.0	0.0	0.0	0.0
0.0	0.0	0.0	0.0	0.0	0.0	0.0	4.15888308336	0.0	0.0	0.0	0.0	0.0	0.0	0.0
0.0	0.0	0.0	0.0	0.0	0.0	0.0	2.07944154168	0.0	0.0	0.0	0.0	0.0	0.0	0.0
0.0	0.0	0.0	0.0	0.0	0.0	2.07944154168	0.0	0.0	0.0	0.0	0.0	0.0	0.0	0.0
0.0	0.0	0.0	0.0	0.0	0.0	0.0	0.0	0.0	2.07944154168	0.0	0.0	0.0	0.0	0.0
0.0	2.77258872224	1.38629436112	0.0	0.0	0.0	0.0	0.0	0.0	0.0	0.0	0.0	0.0	0.0	1.38629436112
0.0	3.48945242942	1.16315080981	1.16315080981	0.0	0.0	0.0	0.0	0.0	0.0	0.0	0.0	1.16315080981	0.0	0.0
0.0	0.0	0.0	0.0	0.0	0.0	0.0	6.69590573429	0.0	0.0	0.0	0.0	0.0	1.67397643357	0.0
0.0	0.0	0.0	0.0	0.0	0.0	2.07944154168	0.0	0.0	0.0	0.0	0.0	0.0	0.0	0.0
0.0	0.0	0.0	0.0	0.0	0.0	1.67397643357	1.67397643357	0.0	0.0	0.0	0.0	0.0	0.0	0.0
1.38629436112	2.77258872224	0.0	0.0	0.0	1.38629436112	0.0	0.0	0.0	0.0	0.0	0.0	0.0	0.0	0.0
0.0	0.0	0.0	0.0	0.0	2.07944154168	0.0	0.0	0.0	0.0	0.0	0.0	0.0	0.0	0.0
0.0	0.0	0.0	0.0	0.0	0.0	0.0	0.0	0.0	4.15888308336	0.0	0.0	0.0	0.0	0.0
0.0	0.0	0.0	0.0	0.0	0.0	0.0	0.0	0.0	2.07944154168	0.0	0.0	0.0	0.0	0.0
0.0	0.0	0.0	0.0	0.0	0.0	0.0	0.0	0.0	0.0	0.0	4.15888308336	0.0	0.0	0.0
0.0	3.34795286714	0.0	0.0	0.0	0.0	0.0	1.67397643357	0.0	0.0	0.0	0.0	0.0	0.0	0.0
0.0	0.0	2.07944154168	0.0	0.0	0.0	0.0	0.0	0.0	0.0	0.0	0.0	0.0	0.0	0.0
0.0	0.0	0.0	0.0	0.0	0.0	2.07944154168	0.0	0.0	0.0	0.0	0.0	0.0	0.0	0.0
0.0	0.0	0.0	0.0	0.0	0.0	0.0	2.07944154168	0.0	0.0	0.0	0.0	0.0	0.0	0.0
0.0	2.07944154168	0.0	0.0	0.0	0.0	0.0	0.0	0.0	0.0	0.0	0.0	0.0	0.0	0.0
0.0	0.0	0.0	0.0	0.0	0.0	0.0	0.0	0.0	0.0	0.0	0.0	0.0	2.07944154168	0.0
0.0	0.0	0.0	0.0	0.0	0.0	0.0	0.0	2.07944154168	0.0	0.0	0.0	0.0	0.0	0.0
0.0	0.0	0.0	1.67397643357	0.0	0.0	0.0	0.0	0.0	0.0	0.0	0.0	1.67397643357	0.0	0.0
0.0	0.0	0.0	0.0	0.0	0.0	0.0	0.0	0.0	2.07944154168	0.0	0.0	0.0	0.0	0.0
0.0	0.0	2.07944154168	0.0	0.0	0.0	0.0	0.0	0.0	0.0	0.0	0.0	0.0	0.0	0.0
0.0	0.0	0.0	0.0	0.0	0.0	0.0	0.0	0.0	2.07944154168	0.0	0.0	0.0	0.0	0.0
3.34795286714	0.0	0.0	0.0	1.67397643357	0.0	0.0	0.0	0.0	0.0	0.0	0.0	0.0	0.0	0.0
0.0	0.0	0.0	0.0	0.0	0.0	0.0	3.34795286714	0.0	1.67397643357	0.0	0.0	0.0	0.0	0.0
0.0	0.0	0.0	0.0	0.0	0.0	0.0	2.07944154168	0.0	0.0	0.0	0.0	0.0	0.0	0.0
0.0	0.0	0.0	0.0	0.0	0.0	0.0	0.0	0.0	0.0	0.0	0.0	0.0	4.15888308336	0.0
0.0	0.0	0.0	1.67397643357	0.0	0.0	0.0	0.0	0.0	0.0	0.0	0.0	1.67397643357	0.0	0.0
0.0	0.0	0.0	0.0	0.0	0.0	0.0	0.0	2.07944154168	0.0	0.0	0.0	0.0	0.0	0.0
0.0	0.0	0.0	0.0	0.0	0.0	0.0	2.07944154168	0.0	0.0	0.0	0.0	0.0	0.0	0.0
0.0	0.0	0.0	0.0	0.0	0.0	0.0	0.0	0.0	0.0	0.0	0.0	0.0	6.23832462504	0.0
0.0	0.0	0.0	0.0	0.0	0.0	0.0	2.07944154168	0.0	0.0	0.0	0.0	0.0	0.0	0.0
0.0	0.0	0.0	1.38629436112	1.38629436112	0.0	0.0	0.0	0.0	0.0	0.0	0.0	1.38629436112	0.0	0.0
4.15888308336	0.0	0.0	0.0	0.0	0.0	0.0	0.0	0.0	0.0	0.0	0.0	0.0	0.0	0.0
0.0	0.0	0.0	1.67397643357	0.0	0.0	0.0	0.0	0.0	0.0	0.0	0.0	1.67397643357	0.0	0.0
0.0	0.0	0.0	0.0	0.0	0.0	0.0	0.0	0.0	0.0	0.0	2.07944154168	0.0	0.0	0.0
0.0	0.0	0.0	0.0	0.0	0.0	2.07944154168	0.0	0.0	0.0	0.0	0.0	0.0	0.0	0.0
0.0	0.0	0.0	0.0	0.0	0.0	0.0	0.0	0.0	2.07944154168	0.0	0.0	0.0	0.0	0.0
0.0	0.0	0.0	0.0	0.0	0.0	0.0	0.0	1.67397643357	0.0	1.67397643357	0.0	0.0	0.0	0.0
0.0	0.0	0.0	0.0	0.0	0.0	0.0	3.34795286714	0.0	1.67397643357	0.0	0.0	0.0	0.0	0.0
0.0	0.0	0.0	0.0	0.0	0.0	0.0	0.0	0.0	4.15888308336	0.0	0.0	0.0	0.0	0.0
0.0	0.0	0.0	1.38629436112	0.0	0.0	0.0	1.38629436112	0.0	0.0	0.0	0.0	1.38629436112	0.0	0.0
0.0	0.0	0.0	0.0	0.0	0.0	0.0	0.0	0.0	2.07944154168	0.0	0.0	0.0	0.0	0.0
0.0	0.0	0.0	0.0	0.0	0.0	0.0	0.0	0.0	2.07944154168	0.0	0.0	0.0	0.0	0.0
0.0	0.0	0.0	1.67397643357	0.0	0.0	0.0	0.0	0.0	0.0	0.0	0.0	1.67397643357	0.0	0.0
0.0	0.0	0.0	0.0	0.0	0.0	1.67397643357	0.0	0.0	0.0	0.0	0.0	0.0	1.67397643357	0.0
1.38629436112	0.0	0.0	1.38629436112	0.0	0.0	0.0	0.0	0.0	0.0	0.0	0.0	1.38629436112	0.0	0.0
0.0	0.0	0.0	0.0	0.0	0.0	0.0	2.07944154168	0.0	0.0	0.0	0.0	0.0	0.0	0.0
0.0	0.0	0.0	0.0	0.0	0.0	0.0	0.0	0.0	2.07944154168	0.0	0.0	0.0	0.0	0.0
0.0	1.67397643357	0.0	0.0	0.0	0.0	3.34795286714	0.0	0.0	0.0	0.0	0.0	0.0	0.0	0.0
0.0	0.0	0.0	0.0	0.0	0.0	0.0	1.67397643357	0.0	1.67397643357	0.0	0.0	0.0	0.0	0.0
0.0	0.0	0.0	1.67397643357	0.0	0.0	0.0	0.0	0.0	0.0	0.0	0.0	1.67397643357	0.0	0.0
0.0	0.0	0.0	1.38629436112	1.38629436112	0.0	0.0	0.0	0.0	0.0	0.0	0.0	1.38629436112	0.0	0.0
0.0	0.0	0.0	0.0	0.0	0.0	1.38629436112	0.0	1.38629436112	0.0	1.38629436112	0.0	0.0	0.0	0.0
0.0	0.0	0.0	0.0	0.0	4.15888308336	0.0	0.0	0.0	0.0	0.0	0.0	0.0	0.0	0.0
0.0	0.0	0.0	0.0	0.0	0.0	0.0	2.07944154168	0.0	0.0	0.0	0.0	0.0	0.0	0.0
0.0	2.07944154168	0.0	0.0	0.0	0.0	0.0	0.0	0.0	0.0	0.0	0.0	0.0	0.0	0.0
0.0	0.0	0.0	0.0	0.0	0.0	0.0	2.07944154168	0.0	0.0	0.0	0.0	0.0	0.0	0.0
0.0	0.0	0.0	0.0	0.0	0.0	0.0	0.0	1.67397643357	0.0	1.67397643357	0.0	0.0	0.0	0.0
0.0	0.0	0.0	0.0	0.0	0.0	0.0	5.02192930072	0.0	1.67397643357	0.0	0.0	0.0	0.0	0.0
3.92331701205	0.0	0.0	0.0	0.0	0.0	0.980829253012	0.980829253012	1.96165850602	0.0	1.96165850602	0.0	0.0	0.0	0.0
0.0	0.0	0.0	1.67397643357	0.0	0.0	0.0	0.0	0.0	0.0	0.0	0.0	1.67397643357	0.0	0.0
0.0	0.0	0.0	0.0	0.0	0.0	0.0	0.0	0.0	1.67397643357	0.0	1.67397643357	0.0	0.0	0.0
0.0	0.0	0.0	0.0	0.0	0.0	0.0	2.07944154168	0.0	0.0	0.0	0.0	0.0	0.0	0.0
0.0	0.0	0.0	0.0	0.0	0.0	0.0	0.0	2.77258872224	1.38629436112	2.77258872224	0.0	0.0	0.0	0.0
0.0	0.0	0.0	0.0	2.07944154168	0.0	0.0	0.0	0.0	0.0	0.0	0.0	0.0	0.0	0.0
0.0	0.0	0.0	0.0	0.0	0.0	1.38629436112	0.0	1.38629436112	0.0	1.38629436112	0.0	0.0	0.0	0.0
0.0	0.0	0.0	0.0	0.0	0.0	0.0	0.0	0.0	2.07944154168	0.0	0.0	0.0	0.0	0.0
0.0	0.0	0.0	0.0	0.0	0.0	0.0	0.0	0.0	0.0	0.0	0.0	0.0	3.34795286714	1.67397643357
0.0	1.67397643357	0.0	0.0	0.0	0.0	0.0	1.67397643357	0.0	0.0	0.0	0.0	0.0	0.0	0.0
0.0	2.07944154168	0.0	0.0	0.0	0.0	0.0	0.0	0.0	0.0	0.0	0.0	0.0	0.0	0.0
0.0	0.0	0.0	0.0	0.0	0.0	0.0	0.0	0.0	2.07944154168	0.0	0.0	0.0	0.0	0.0
0.0	0.0	0.0	0.0	2.07944154168	0.0	0.0	0.0	0.0	0.0	0.0	0.0	0.0	0.0	0.0
0.0	0.0	0.0	0.0	0.0	0.0	0.0	0.0	0.0	0.0	0.0	2.07944154168	0.0	0.0	0.0
0.0	0.0	0.0	0.0	0.0	0.0	0.0	2.07944154168	0.0	0.0	0.0	0.0	0.0	0.0	0.0
0.0	0.0	0.0	0.0	0.0	0.0	0.0	0.0	0.0	0.0	0.0	2.07944154168	0.0	0.0	0.0
0.0	0.0	0.0	0.0	2.07944154168	0.0	0.0	0.0	0.0	0.0	0.0	0.0	0.0	0.0	0.0
0.0	0.0	0.0	0.0	0.0	0.0	2.07944154168	0.0	0.0	0.0	0.0	0.0	0.0	0.0	0.0
0.0	0.0	0.0	0.0	0.0	2.07944154168	0.0	0.0	0.0	0.0	0.0	0.0	0.0	0.0	0.0
0.0	0.0	0.0	0.0	0.0	0.0	0.0	0.0	0.0	0.0	0.0	2.07944154168	0.0	0.0	0.0
1.38629436112	0.0	0.0	0.0	0.0	1.38629436112	0.0	0.0	0.0	0.0	0.0	4.15888308336	0.0	0.0	0.0
0.0	0.0	2.07944154168	0.0	0.0	0.0	0.0	0.0	0.0	0.0	0.0	0.0	0.0	0.0	0.0
0.0	0.0	0.0	0.0	0.0	0.0	0.0	0.0	0.0	2.07944154168	0.0	0.0	0.0	0.0	0.0
0.0	0.0	0.0	0.0	0.0	0.0	0.0	6.23832462504	0.0	0.0	0.0	0.0	0.0	0.0	0.0
0.0	0.0	0.0	0.0	0.0	0.0	0.0	2.07944154168	0.0	0.0	0.0	0.0	0.0	0.0	0.0
0.0	0.0	0.0	0.0	0.0	0.0	0.0	0.0	0.0	0.0	0.0	2.07944154168	0.0	0.0	0.0
0.0	0.0	0.0	0.0	0.0	0.0	0.0	0.0	0.0	2.07944154168	0.0	0.0	0.0	0.0	0.0
0.0	1.38629436112	1.38629436112	0.0	0.0	0.0	0.0	0.0	0.0	0.0	0.0	0.0	0.0	1.38629436112	0.0
0.0	0.0	0.0	0.0	2.07944154168	0.0	0.0	0.0	0.0	0.0	0.0	0.0	0.0	0.0	0.0
0.0	0.0	0.0	0.0	0.0	0.0	0.0	2.07944154168	0.0	0.0	0.0	0.0	0.0	0.0	0.0
0.0	0.0	0.0	0.0	0.0	0.0	0.0	0.0	0.0	0.0	0.0	2.07944154168	0.0	0.0	0.0
0.0	0.0	0.0	3.34795286714	0.0	0.0	0.0	0.0	0.0	0.0	0.0	0.0	3.34795286714	0.0	0.0
0.0	0.0	0.0	0.0	0.0	0.0	0.0	2.07944154168	0.0	0.0	0.0	0.0	0.0	0.0	0.0
0.0	0.0	0.0	0.0	0.0	0.0	0.0	0.0	0.0	0.0	0.0	0.0	0.0	4.15888308336	0.0
0.0	0.0	0.0	0.0	0.0	0.0	0.0	2.07944154168	0.0	0.0	0.0	0.0	0.0	0.0	0.0
2.07944154168	0.0	0.0	0.0	0.0	0.0	0.0	0.0	0.0	0.0	0.0	0.0	0.0	0.0	0.0
0.0	0.0	0.0	1.67397643357	0.0	0.0	0.0	0.0	0.0	0.0	0.0	0.0	1.67397643357	0.0	0.0
0.0	0.0	0.0	0.0	0.0	0.0	0.0	2.07944154168	0.0	0.0	0.0	0.0	0.0	0.0	0.0
0.133531392625	0.133531392625	0.133531392625	0.133531392625	0.133531392625	0.133531392625	0.133531392625	0.133531392625	0.133531392625	0.133531392625	0.133531392625	0.0	0.133531392625	0.0	0.133531392625
0.0	0.0	0.0	0.0	0.0	0.0	0.0	0.0	1.67397643357	0.0	1.67397643357	0.0	0.0	0.0	0.0
0.0	0.0	0.0	0.0	0.0	0.0	2.07944154168	0.0	0.0	0.0	0.0	0.0	0.0	0.0	0.0
0.0	0.0	0.0	0.0	0.0	0.0	0.0	0.0	0.0	2.07944154168	0.0	0.0	0.0	0.0	0.0
0.0	0.0	0.0	0.0	0.0	0.0	0.0	0.0	0.0	2.07944154168	0.0	0.0	0.0	0.0	0.0
0.0	0.0	0.0	0.0	0.0	0.0	0.0	0.0	0.0	2.07944154168	0.0	0.0	0.0	0.0	0.0
0.0	0.0	0.0	0.0	0.0	0.0	0.0	2.07944154168	0.0	0.0	0.0	0.0	0.0	0.0	0.0
0.0	0.0	0.0	0.0	0.0	0.0	10.3972077084	0.0	0.0	0.0	0.0	0.0	0.0	0.0	0.0
0.0	0.0	0.0	0.0	0.0	0.0	0.0	0.0	0.0	0.0	0.0	0.0	0.0	2.07944154168	0.0
0.0	0.0	0.0	0.0	0.0	0.0	0.0	0.0	0.0	0.0	2.07944154168	0.0	0.0	0.0	0.0
0.0	0.0	0.0	0.0	0.0	0.0	0.0	0.0	0.0	0.0	0.0	2.07944154168	0.0	0.0	0.0
4.15888308336	0.0	0.0	0.0	0.0	0.0	0.0	0.0	0.0	0.0	0.0	0.0	0.0	0.0	0.0
0.0	0.0	0.0	0.0	0.0	0.0	0.0	1.67397643357	0.0	0.0	0.0	0.0	0.0	0.0	1.67397643357
0.0	0.0	0.0	0.0	0.0	0.0	0.0	2.07944154168	0.0	0.0	0.0	0.0	0.0	0.0	0.0
0.0	0.0	0.0	0.0	0.0	2.07944154168	0.0	0.0	0.0	0.0	0.0	0.0	0.0	0.0	0.0
0.0	0.0	0.0	0.0	0.0	0.0	0.0	0.0	0.0	0.0	0.0	2.07944154168	0.0	0.0	0.0
0.0	0.0	0.0	0.0	0.0	2.07944154168	0.0	0.0	0.0	0.0	0.0	0.0	0.0	0.0	0.0
0.0	0.0	0.0	0.0	0.0	0.0	0.0	0.0	0.0	2.07944154168	0.0	0.0	0.0	0.0	0.0
0.0	0.0	0.0	0.0	0.0	0.0	0.0	2.07944154168	0.0	0.0	0.0	0.0	0.0	0.0	0.0
0.0	0.69314718056	0.69314718056	0.0	0.69314718056	0.0	0.69314718056	0.69314718056	1.38629436112	0.0	1.38629436112	0.0	0.0	0.0	0.0
0.0	0.0	0.0	0.0	0.0	0.0	2.07944154168	0.0	0.0	0.0	0.0	0.0	0.0	0.0	0.0
0.0	0.0	0.0	0.0	0.0	0.0	0.0	2.07944154168	0.0	0.0	0.0	0.0	0.0	0.0	0.0
2.77258872224	0.0	0.0	1.38629436112	0.0	0.0	0.0	0.0	0.0	0.0	0.0	0.0	1.38629436112	0.0	0.0
0.0	0.0	0.0	0.0	0.0	0.0	0.0	0.0	0.0	0.0	0.0	2.07944154168	0.0	0.0	0.0
0.0	0.0	0.0	0.0	0.0	0.0	0.0	0.0	0.0	0.0	0.0	2.07944154168	0.0	0.0	0.0
0.0	0.0	0.0	0.0	0.0	0.0	0.0	4.15888308336	0.0	0.0	0.0	0.0	0.0	0.0	0.0
0.0	0.0	0.0	0.0	2.07944154168	0.0	0.0	0.0	0.0	0.0	0.0	0.0	0.0	0.0	0.0
0.0	0.0	0.0	1.67397643357	0.0	0.0	0.0	0.0	0.0	0.0	0.0	0.0	1.67397643357	0.0	0.0
0.0	0.0	0.0	0.0	0.0	0.0	0.0	2.07944154168	0.0	0.0	0.0	0.0	0.0	0.0	0.0
0.0	0.0	0.0	0.0	0.0	0.0	0.0	2.07944154168	0.0	0.0	0.0	0.0	0.0	0.0	0.0
0.0	1.67397643357	1.67397643357	0.0	0.0	0.0	0.0	0.0	0.0	0.0	0.0	0.0	0.0	0.0	0.0
0.0	0.0	0.0	0.0	0.0	0.0	0.0	0.0	0.0	0.0	0.0	0.0	0.0	2.07944154168	0.0
0.0	0.0	2.07944154168	0.0	0.0	0.0	0.0	0.0	0.0	0.0	0.0	0.0	0.0	0.0	0.0
0.0	0.0	0.0	0.0	0.0	0.0	0.0	0.0	0.0	0.0	0.0	2.07944154168	0.0	0.0	0.0
0.0	0.0	0.0	0.0	0.0	0.0	0.0	0.0	0.0	2.07944154168	0.0	0.0	0.0	0.0	0.0
0.0	4.15888308336	0.0	0.0	0.0	0.0	0.0	0.0	0.0	0.0	0.0	0.0	0.0	0.0	0.0
0.0	0.0	0.0	0.0	0.0	0.0	0.0	0.0	0.0	0.0	0.0	0.0	0.0	2.07944154168	0.0
0.0	0.0	0.0	0.0	0.0	0.0	0.0	0.0	1.67397643357	0.0	1.67397643357	0.0	0.0	0.0	0.0
0.0	0.0	0.0	0.0	0.0	0.0	0.0	2.07944154168	0.0	0.0	0.0	0.0	0.0	0.0	0.0
0.0	0.0	0.0	0.0	2.07944154168	0.0	0.0	0.0	0.0	0.0	0.0	0.0	0.0	0.0	0.0
0.0	0.0	0.0	0.0	0.0	0.0	0.0	5.02192930072	0.0	0.0	0.0	1.67397643357	0.0	0.0	0.0
0.0	0.0	0.0	0.0	0.0	0.0	0.0	0.0	0.0	2.07944154168	0.0	0.0	0.0	0.0	0.0
0.0	0.0	0.0	0.0	0.0	0.0	0.0	0.0	0.0	0.0	0.0	2.07944154168	0.0	0.0	0.0
0.0	0.0	0.0	0.0	0.0	0.0	0.0	2.07944154168	0.0	0.0	0.0	0.0	0.0	0.0	0.0
0.0	0.0	0.0	0.0	0.0	0.0	0.0	2.07944154168	0.0	0.0	0.0	0.0	0.0	0.0	0.0
0.0	0.0	0.0	0.0	0.0	0.0	1.38629436112	0.0	1.38629436112	0.0	1.38629436112	0.0	0.0	0.0	0.0
0.0	0.0	0.0	0.0	0.0	0.0	0.0	0.0	0.0	0.0	0.0	4.15888308336	0.0	0.0	0.0
0.0	0.0	0.0	0.0	2.07944154168	0.0	0.0	0.0	0.0	0.0	0.0	0.0	0.0	0.0	0.0
0.0	0.0	0.0	0.0	0.0	0.0	0.0	0.0	0.0	2.07944154168	0.0	0.0	0.0	0.0	0.0
0.0	0.0	0.0	0.0	0.0	0.0	1.65335714637	1.65335714637	1.65335714637	1.65335714637	1.65335714637	0.826678573184	0.0	0.0	0.0
0.0	0.0	0.0	0.0	0.0	0.0	0.0	6.23832462504	0.0	0.0	0.0	0.0	0.0	0.0	0.0
1.67397643357	1.67397643357	0.0	0.0	0.0	0.0	0.0	0.0	0.0	0.0	0.0	0.0	0.0	0.0	0.0
0.0	0.0	2.07944154168	0.0	0.0	0.0	0.0	0.0	0.0	0.0	0.0	0.0	0.0	0.0	0.0
0.0	0.0	0.0	0.0	2.07944154168	0.0	0.0	0.0	0.0	0.0	0.0	0.0	0.0	0.0	0.0
0.0	0.0	0.0	0.0	0.0	0.0	0.0	0.0	0.0	0.0	4.15888308336	0.0	0.0	0.0	0.0
0.0	0.0	0.0	0.0	0.0	0.0	0.0	0.0	0.0	0.0	0.0	0.0	0.0	0.0	2.07944154168
0.0	0.0	2.07944154168	0.0	0.0	0.0	0.0	0.0	0.0	0.0	0.0	0.0	0.0	0.0	0.0
0.0	0.0	0.0	0.0	0.0	0.0	9.09346430503	2.48003571955	3.30671429274	1.65335714637	4.13339286592	1.65335714637	0.0	0.0	0.0
0.0	0.0	0.0	0.0	0.0	0.0	0.0	0.0	1.67397643357	0.0	1.67397643357	0.0	0.0	0.0	0.0
0.0	0.0	0.0	1.38629436112	0.0	0.0	0.0	0.0	0.0	0.0	0.0	1.38629436112	1.38629436112	0.0	0.0
0.0	0.0	6.23832462504	0.0	0.0	0.0	0.0	0.0	0.0	0.0	0.0	0.0	0.0	0.0	0.0
0.0	0.0	0.0	0.0	0.0	0.0	0.0	0.0	8.36988216786	0.0	5.02192930072	0.0	0.0	0.0	0.0
0.0	0.0	0.0	0.0	0.0	0.0	0.0	0.0	0.0	0.0	0.0	6.23832462504	0.0	0.0	0.0
0.0	0.0	0.0	0.0	2.07944154168	0.0	0.0	0.0	0.0	0.0	0.0	0.0	0.0	0.0	0.0
0.0	0.0	0.0	0.0	0.0	0.0	2.07944154168	0.0	0.0	0.0	0.0	0.0	0.0	0.0	0.0
0.0	0.0	0.0	0.0	0.0	0.0	0.0	2.07944154168	0.0	0.0	0.0	0.0	0.0	0.0	0.0
0.0	0.0	0.0	0.0	0.0	0.0	2.07944154168	0.0	0.0	0.0	0.0	0.0	0.0	0.0	0.0
0.0	0.0	0.0	0.0	2.07944154168	0.0	0.0	0.0	0.0	0.0	0.0	0.0	0.0	0.0	0.0
0.0	0.0	0.0	0.0	0.0	0.0	0.0	0.0	0.0	0.0	0.0	0.0	0.0	0.0	4.15888308336
0.0	0.0	0.0	0.0	1.67397643357	0.0	1.67397643357	0.0	0.0	0.0	0.0	0.0	0.0	0.0	0.0
0.0	0.0	0.0	1.67397643357	0.0	0.0	0.0	0.0	0.0	0.0	0.0	0.0	1.67397643357	0.0	0.0
0.0	0.0	0.0	0.0	0.0	8.31776616672	0.0	0.0	0.0	0.0	0.0	0.0	0.0	0.0	0.0
0.0	0.0	0.0	0.0	0.0	0.0	0.0	0.0	0.0	0.0	2.07944154168	0.0	0.0	0.0	0.0
0.0	0.0	0.0	0.0	0.0	0.0	0.0	0.0	1.67397643357	0.0	1.67397643357	0.0	0.0	0.0	0.0
0.0	0.0	0.0	0.0	0.0	0.0	1.38629436112	0.0	1.38629436112	0.0	1.38629436112	0.0	0.0	0.0	0.0
0.0	0.0	0.0	0.0	2.07944154168	0.0	0.0	0.0	0.0	0.0	0.0	0.0	0.0	0.0	0.0
0.0	0.0	0.0	0.0	0.0	0.0	0.0	0.0	0.0	2.07944154168	0.0	0.0	0.0	0.0	0.0
0.0	0.0	0.0	0.0	0.0	0.0	1.38629436112	0.0	1.38629436112	0.0	1.38629436112	0.0	0.0	0.0	0.0
0.0	0.0	0.0	0.0	0.0	0.0	0.0	0.0	0.0	0.0	0.0	2.07944154168	0.0	0.0	0.0
0.0	0.0	0.0	4.15888308336	4.15888308336	0.0	0.0	0.0	0.0	0.0	0.0	0.0	4.15888308336	0.0	0.0
0.0	0.0	0.0	0.0	0.0	0.0	0.0	2.07944154168	0.0	0.0	0.0	0.0	0.0	0.0	0.0
0.0	4.15888308336	0.0	0.0	0.0	0.0	0.0	0.0	0.0	0.0	0.0	0.0	0.0	0.0	0.0
2.07944154168	0.0	0.0	0.0	0.0	0.0	0.0	0.0	0.0	0.0	0.0	0.0	0.0	0.0	0.0
0.0	0.0	0.0	0.0	0.0	0.0	0.0	0.0	0.0	0.0	0.0	0.0	0.0	2.07944154168	0.0
0.0	0.0	0.0	0.0	0.0	0.0	2.07944154168	0.0	0.0	0.0	0.0	0.0	0.0	0.0	0.0
0.0	0.0	0.0	0.0	0.0	0.0	0.0	0.0	0.0	2.07944154168	0.0	0.0	0.0	0.0	0.0
0.0	4.15888308336	0.0	0.0	0.0	0.0	0.0	0.0	0.0	0.0	0.0	0.0	0.0	0.0	0.0
0.0	0.0	0.0	0.826678573184	0.0	0.0	0.826678573184	0.0	1.65335714637	0.0	1.65335714637	0.0	0.826678573184	0.0	0.826678573184
0.0	0.0	1.67397643357	0.0	0.0	0.0	0.0	0.0	0.0	0.0	0.0	0.0	0.0	0.0	1.67397643357
0.0	0.0	0.0	0.0	0.0	0.0	0.0	2.07944154168	0.0	0.0	0.0	0.0	0.0	0.0	0.0
0.0	0.0	0.0	0.0	0.0	0.0	0.0	0.0	0.0	2.07944154168	0.0	0.0	0.0	0.0	0.0
0.0	0.0	0.0	0.0	0.0	0.0	0.0	0.0	0.0	4.15888308336	0.0	0.0	0.0	0.0	0.0
0.0	0.0	0.0	1.67397643357	0.0	0.0	0.0	0.0	0.0	0.0	0.0	0.0	1.67397643357	0.0	0.0
0.0	0.0	0.0	0.0	0.0	0.0	0.0	0.0	0.0	0.0	0.0	4.15888308336	0.0	0.0	0.0
0.0	0.0	0.0	0.0	0.0	0.0	0.0	0.0	0.0	0.0	0.0	0.0	0.0	0.0	2.07944154168
3.34795286714	0.0	0.0	0.0	0.0	0.0	0.0	0.0	0.0	1.67397643357	0.0	0.0	0.0	0.0	0.0
0.0	0.0	0.0	0.0	0.0	0.0	0.0	0.0	0.0	0.0	0.0	4.15888308336	0.0	0.0	0.0
0.0	0.0	0.0	0.0	0.0	0.0	0.0	2.07944154168	0.0	0.0	0.0	0.0	0.0	0.0	0.0
0.0	0.0	0.0	0.0	2.07944154168	0.0	0.0	0.0	0.0	0.0	0.0	0.0	0.0	0.0	0.0
2.48003571955	0.0	0.0	0.826678573184	0.0	0.0	0.0	0.826678573184	0.0	0.0	0.0	0.826678573184	0.826678573184	1.65335714637	0.0
1.67397643357	0.0	0.0	0.0	0.0	1.67397643357	0.0	0.0	0.0	0.0	0.0	0.0	0.0	0.0	0.0
0.0	0.0	0.0	0.0	4.15888308336	0.0	0.0	0.0	0.0	0.0	0.0	0.0	0.0	0.0	0.0
0.0	0.0	0.0	0.0	0.0	0.0	0.0	0.0	0.0	8.31776616672	0.0	0.0	0.0	0.0	0.0
0.0	0.0	0.0	0.0	0.0	0.0	0.0	1.67397643357	1.67397643357	0.0	0.0	0.0	0.0	0.0	0.0
0.0	0.0	0.0	0.0	0.0	0.0	0.0	0.0	1.67397643357	0.0	1.67397643357	0.0	0.0	0.0	0.0
0.0	2.07944154168	0.0	0.0	0.0	0.0	0.0	0.0	0.0	0.0	0.0	0.0	0.0	0.0	0.0
0.0	0.0	0.0	0.0	0.0	0.0	5.54517744448	0.0	9.70406052784	0.0	9.70406052784	0.0	0.0	0.0	0.0
0.0	0.0	0.0	0.0	0.0	0.0	2.07944154168	0.0	0.0	0.0	0.0	0.0	0.0	0.0	0.0
0.0	0.0	0.0	0.0	0.0	0.0	2.77258872224	0.0	2.77258872224	0.0	2.77258872224	0.0	0.0	0.0	0.0
0.0	0.0	0.0	0.0	0.0	2.07944154168	0.0	0.0	0.0	0.0	0.0	0.0	0.0	0.0	0.0
0.0	0.0	0.0	1.67397643357	0.0	0.0	0.0	0.0	0.0	0.0	0.0	0.0	1.67397643357	0.0	0.0
0.0	0.0	0.0	0.0	0.0	0.0	0.0	0.0	0.0	2.07944154168	0.0	0.0	0.0	0.0	0.0
2.07944154168	0.0	0.0	0.0	0.0	0.0	0.0	0.0	0.0	0.0	0.0	0.0	0.0	0.0	0.0
0.0	0.0	0.0	0.0	0.0	0.0	0.0	2.07944154168	0.0	0.0	0.0	0.0	0.0	0.0	0.0
0.0	0.0	0.0	0.0	2.07944154168	0.0	0.0	0.0	0.0	0.0	0.0	0.0	0.0	0.0	0.0
0.0	0.0	0.0	0.0	0.0	0.0	0.0	6.69590573429	0.0	1.67397643357	0.0	0.0	0.0	0.0	0.0
0.0	0.0	0.0	0.0	0.0	0.0	0.0	0.0	0.0	0.0	0.0	4.15888308336	0.0	0.0	0.0
0.0	0.0	0.0	0.0	0.0	0.0	0.0	0.0	0.0	0.0	0.0	0.0	0.0	2.07944154168	0.0
0.0	0.0	0.0	0.0	0.0	0.0	0.0	0.0	0.0	0.0	0.0	0.0	0.0	2.07944154168	0.0
0.0	0.0	0.0	0.0	0.0	0.0	1.38629436112	0.0	1.38629436112	0.0	1.38629436112	0.0	0.0	0.0	0.0
0.0	0.0	0.0	0.0	0.0	0.0	0.0	6.23832462504	0.0	0.0	0.0	0.0	0.0	0.0	0.0
0.0	0.0	0.0	0.0	0.0	0.0	0.0	0.0	1.67397643357	0.0	1.67397643357	0.0	0.0	0.0	0.0
0.0	0.0	0.0	1.67397643357	0.0	0.0	0.0	0.0	0.0	0.0	0.0	0.0	1.67397643357	0.0	0.0
0.0	0.0	0.0	5.02192930072	0.0	0.0	0.0	0.0	0.0	0.0	0.0	0.0	5.02192930072	0.0	0.0
0.0	0.0	0.0	0.0	0.0	0.0	0.0	0.0	0.0	2.07944154168	0.0	0.0	0.0	0.0	0.0
0.0	0.0	0.0	0.0	0.0	0.0	0.0	0.0	0.0	2.07944154168	0.0	0.0	0.0	0.0	0.0
2.07944154168	0.0	0.0	0.0	0.0	0.0	0.0	0.0	0.0	0.0	0.0	0.0	0.0	0.0	0.0
0.0	0.0	0.0	0.0	0.0	0.0	0.0	0.0	1.67397643357	0.0	1.67397643357	0.0	0.0	0.0	0.0
0.0	0.0	0.0	0.0	0.0	0.0	0.0	0.0	0.0	0.0	2.07944154168	0.0	0.0	0.0	0.0
0.0	0.0	0.0	0.0	0.0	0.0	0.0	2.07944154168	0.0	0.0	0.0	0.0	0.0	0.0	0.0
0.0	0.0	0.0	0.0	0.0	0.0	0.0	0.0	0.0	0.0	0.0	2.07944154168	0.0	0.0	0.0
0.0	0.0	0.0	0.0	0.0	0.0	0.0	0.0	1.67397643357	0.0	1.67397643357	0.0	0.0	0.0	0.0
0.0	0.0	0.0	0.0	0.0	0.0	0.0	0.0	1.67397643357	0.0	1.67397643357	0.0	0.0	0.0	0.0
0.0	0.0	0.0	0.0	0.0	0.0	0.0	0.0	0.0	0.0	0.0	0.0	0.0	0.0	4.15888308336
0.0	0.0	0.0	3.34795286714	0.0	0.0	0.0	0.0	0.0	0.0	0.0	0.0	3.34795286714	0.0	0.0
0.0	0.0	0.0	0.0	0.0	0.0	0.0	0.0	0.0	0.0	0.0	0.0	0.0	2.07944154168	0.0
0.0	0.0	0.0	0.0	0.0	0.0	0.0	0.0	0.0	2.07944154168	0.0	0.0	0.0	0.0	0.0
0.0	0.0	0.0	0.0	0.0	0.0	0.0	1.67397643357	0.0	1.67397643357	0.0	0.0	0.0	0.0	0.0
2.07944154168	0.0	0.0	0.0	0.0	0.0	0.0	0.0	0.0	0.0	0.0	0.0	0.0	0.0	0.0
0.0	0.0	0.0	0.0	2.07944154168	0.0	0.0	0.0	0.0	0.0	0.0	0.0	0.0	0.0	0.0
0.0	0.0	0.0	0.0	0.0	0.0	0.0	2.07944154168	0.0	0.0	0.0	0.0	0.0	0.0	0.0
0.0	1.38629436112	0.0	0.0	0.0	1.38629436112	1.38629436112	0.0	0.0	0.0	0.0	0.0	0.0	0.0	0.0
0.0	0.0	1.67397643357	0.0	0.0	0.0	0.0	1.67397643357	0.0	0.0	0.0	0.0	0.0	0.0	0.0
1.67397643357	0.0	0.0	0.0	0.0	0.0	0.0	1.67397643357	0.0	0.0	0.0	0.0	0.0	0.0	0.0
0.0	1.67397643357	1.67397643357	0.0	0.0	0.0	0.0	0.0	0.0	0.0	0.0	0.0	0.0	0.0	0.0
0.0	0.0	0.0	0.0	0.0	0.0	0.0	2.07944154168	0.0	0.0	0.0	0.0	0.0	0.0	0.0
0.0	0.0	0.0	0.0	4.15888308336	0.0	0.0	0.0	0.0	0.0	0.0	0.0	0.0	0.0	0.0
0.0	0.0	0.0	1.38629436112	0.0	0.0	0.0	1.38629436112	0.0	0.0	0.0	0.0	1.38629436112	0.0	0.0
0.0	0.0	1.67397643357	0.0	0.0	0.0	0.0	0.0	0.0	0.0	0.0	0.0	0.0	1.67397643357	0.0
0.0	1.65335714637	0.0	0.0	0.0	0.0	0.0	0.826678573184	0.826678573184	1.65335714637	0.826678573184	0.0	0.0	0.0	2.48003571955
0.0	0.0	0.0	0.0	0.0	2.07944154168	0.0	0.0	0.0	0.0	0.0	0.0	0.0	0.0	0.0
0.0	0.0	0.0	0.0	0.0	0.0	1.38629436112	0.0	1.38629436112	0.0	1.38629436112	0.0	0.0	0.0	0.0
0.0	0.0	0.0	1.38629436112	0.0	0.0	0.0	0.0	0.0	0.0	0.0	0.0	1.38629436112	1.38629436112	0.0
0.0	0.0	0.0	0.0	0.0	0.0	0.0	0.0	0.0	0.0	0.0	2.07944154168	0.0	0.0	0.0
0.0	0.0	0.0	0.0	6.23832462504	0.0	0.0	0.0	0.0	0.0	0.0	0.0	0.0	0.0	0.0
0.0	0.0	0.0	0.0	0.0	0.0	0.0	0.0	0.0	0.0	0.0	2.07944154168	0.0	0.0	0.0
0.0	0.0	0.0	0.0	0.0	0.0	0.0	2.07944154168	0.0	0.0	0.0	0.0	0.0	0.0	0.0
0.0	0.0	0.0	0.0	0.0	0.0	0.0	2.07944154168	0.0	0.0	0.0	0.0	0.0	0.0	0.0
0.0	0.0	0.0	0.0	0.0	0.0	0.0	0.0	0.0	2.07944154168	0.0	0.0	0.0	0.0	0.0
0.0	0.0	0.0	0.0	0.0	0.0	0.826678573184	1.65335714637	0.826678573184	0.826678573184	0.826678573184	0.826678573184	0.0	0.0	0.0
0.0	0.0	0.0	1.67397643357	0.0	0.0	0.0	0.0	0.0	0.0	0.0	0.0	1.67397643357	0.0	0.0
0.0	0.0	0.0	0.0	0.0	0.0	1.67397643357	1.67397643357	0.0	0.0	0.0	0.0	0.0	0.0	0.0
0.0	0.0	0.0	0.0	0.0	2.07944154168	0.0	0.0	0.0	0.0	0.0	0.0	0.0	0.0	0.0
0.0	0.0	0.0	1.67397643357	0.0	0.0	0.0	0.0	0.0	0.0	0.0	0.0	1.67397643357	0.0	0.0
0.0	0.0	0.0	0.0	0.0	0.0	0.0	2.07944154168	0.0	0.0	0.0	0.0	0.0	0.0	0.0
1.67397643357	0.0	0.0	0.0	0.0	0.0	0.0	0.0	0.0	0.0	0.0	1.67397643357	0.0	0.0	0.0
0.0	0.0	0.0	0.0	2.07944154168	0.0	0.0	0.0	0.0	0.0	0.0	0.0	0.0	0.0	0.0
0.0	0.0	0.0	0.0	0.0	0.0	0.0	0.0	0.0	2.07944154168	0.0	0.0	0.0	0.0	0.0
0.0	0.0	0.0	0.0	0.0	0.0	0.0	0.0	0.0	0.0	2.07944154168	0.0	0.0	0.0	0.0
0.0	0.0	0.0	0.0	0.0	0.0	0.0	0.0	0.0	0.0	0.0	0.0	0.0	2.07944154168	0.0
0.0	0.0	0.0	0.0	0.0	0.0	0.0	0.0	0.0	0.0	0.0	0.0	0.0	0.0	12.4766492501
0.0	0.0	0.0	0.0	0.0	0.980829253012	1.96165850602	0.0	0.0	1.96165850602	0.0	0.0	0.0	0.980829253012	0.980829253012
0.0	0.0	0.0	0.0	0.0	0.0	0.0	0.0	3.34795286714	0.0	3.34795286714	0.0	0.0	0.0	0.0
0.0	0.0	0.0	0.0	0.0	0.0	0.0	0.0	0.0	0.0	0.0	0.0	0.0	0.0	4.15888308336
0.0	1.67397643357	1.67397643357	0.0	0.0	0.0	0.0	0.0	0.0	0.0	0.0	0.0	0.0	0.0	0.0
0.0	0.0	0.0	0.0	0.0	0.0	0.0	4.15888308336	0.0	0.0	0.0	0.0	0.0	0.0	0.0
0.0	0.0	0.0	0.0	0.0	0.0	0.0	10.3972077084	0.0	0.0	0.0	0.0	0.0	0.0	0.0
0.0	0.0	0.0	0.0	0.0	0.0	0.0	0.0	0.0	0.0	0.0	0.0	0.0	2.07944154168	0.0
0.0	0.0	4.15888308336	0.0	0.0	0.0	0.0	0.0	0.0	0.0	0.0	0.0	0.0	0.0	0.0
2.07944154168	0.0	0.0	0.0	0.0	0.0	0.0	0.0	0.0	0.0	0.0	0.0	0.0	0.0	0.0
0.0	0.0	0.0	0.0	0.0	0.0	0.0	0.0	0.0	0.0	0.0	4.15888308336	0.0	0.0	0.0
0.575364144904	0.0	0.0	0.0	1.15072828981	0.0	1.15072828981	1.72609243471	0.575364144904	0.0	0.575364144904	0.0	0.0	0.575364144904	0.575364144904
0.0	0.0	0.0	0.0	0.0	0.0	2.07944154168	0.0	0.0	0.0	0.0	0.0	0.0	0.0	0.0
0.0	0.0	0.0	1.67397643357	0.0	0.0	0.0	0.0	0.0	0.0	0.0	0.0	1.67397643357	0.0	0.0
0.0	0.0	0.0	0.0	0.0	0.0	0.0	0.0	0.0	2.07944154168	0.0	0.0	0.0	0.0	0.0
0.0	0.0	0.0	0.0	0.0	0.0	1.16315080981	0.0	1.16315080981	1.16315080981	1.16315080981	0.0	0.0	0.0	0.0
0.0	0.0	0.0	0.0	0.0	0.0	0.0	0.0	0.0	2.07944154168	0.0	0.0	0.0	0.0	0.0
0.0	4.15888308336	0.0	0.0	0.0	0.0	0.0	0.0	0.0	2.77258872224	1.38629436112	0.0	0.0	0.0	0.0
0.0	0.0	0.0	0.0	0.0	0.0	0.0	2.07944154168	0.0	0.0	0.0	0.0	0.0	0.0	0.0
0.0	0.0	0.0	0.0	0.0	0.0	0.0	0.0	0.0	0.0	0.0	0.0	0.0	2.07944154168	0.0
0.0	0.0	2.07944154168	0.0	0.0	0.0	0.0	0.0	0.0	0.0	0.0	0.0	0.0	0.0	0.0
0.0	0.0	0.0	0.0	0.0	0.0	0.0	2.07944154168	0.0	0.0	0.0	0.0	0.0	0.0	0.0
0.0	0.0	0.0	0.0	0.0	2.07944154168	0.0	0.0	0.0	0.0	0.0	0.0	0.0	0.0	0.0
0.0	0.0	0.0	0.0	0.0	0.0	0.0	2.07944154168	0.0	0.0	0.0	0.0	0.0	0.0	0.0
0.0	0.0	0.0	0.0	0.0	0.0	0.0	0.0	0.0	0.0	0.0	2.07944154168	0.0	0.0	0.0
0.0	0.0	1.67397643357	0.0	1.67397643357	0.0	0.0	0.0	0.0	0.0	0.0	0.0	0.0	0.0	0.0
0.0	0.0	0.0	0.0	0.0	0.0	0.0	2.07944154168	0.0	0.0	0.0	0.0	0.0	0.0	0.0
0.0	0.0	0.0	0.0	0.0	0.0	0.0	0.0	0.0	2.07944154168	0.0	0.0	0.0	0.0	0.0
0.0	0.0	0.0	0.0	0.0	0.0	0.0	2.07944154168	0.0	0.0	0.0	0.0	0.0	0.0	0.0
0.0	0.0	0.0	0.0	0.0	0.0	0.0	0.0	0.0	2.07944154168	0.0	0.0	0.0	0.0	0.0
0.0	0.0	0.0	0.0	0.0	0.0	0.0	0.0	0.0	0.0	0.0	0.0	0.0	0.0	2.07944154168
0.980829253012	0.0	0.0	0.0	0.0	0.0	1.96165850602	0.0	0.980829253012	0.980829253012	0.980829253012	0.0	0.0	0.0	0.0
0.0	0.0	0.0	0.0	0.0	0.0	0.0	0.0	0.0	2.07944154168	0.0	0.0	0.0	0.0	0.0
0.0	0.0	0.0	0.0	0.0	0.0	0.0	2.07944154168	0.0	0.0	0.0	0.0	0.0	0.0	0.0
2.07944154168	0.0	0.0	0.0	0.0	0.0	0.0	0.0	0.0	0.0	0.0	0.0	0.0	0.0	0.0
0.0	0.0	0.980829253012	0.980829253012	0.0	1.96165850602	0.0	0.0	0.0	0.0	0.0	0.0	0.980829253012	0.980829253012	0.0
0.0	0.0	0.0	0.0	0.0	0.0	0.0	0.0	0.0	0.0	0.0	2.07944154168	0.0	0.0	0.0
0.0	0.0	0.0	0.0	0.0	0.0	0.0	0.0	3.34795286714	0.0	3.34795286714	0.0	0.0	0.0	0.0
0.0	0.0	0.0	0.0	0.0	0.0	2.07944154168	0.0	0.0	0.0	0.0	0.0	0.0	0.0	0.0
0.0	0.0	0.0	5.54517744448	2.77258872224	0.0	0.0	0.0	0.0	0.0	0.0	0.0	5.54517744448	0.0	0.0
0.0	0.0	0.0	3.34795286714	0.0	0.0	0.0	0.0	0.0	0.0	0.0	0.0	3.34795286714	0.0	0.0
0.0	0.0	0.0	0.0	0.0	0.0	0.0	1.67397643357	0.0	1.67397643357	0.0	0.0	0.0	0.0	0.0
0.0	0.0	0.0	0.0	0.0	0.0	0.0	0.0	0.0	2.07944154168	0.0	0.0	0.0	0.0	0.0
0.0	0.0	0.0	0.69314718056	1.38629436112	0.69314718056	0.0	1.38629436112	0.0	0.0	0.0	0.0	0.69314718056	0.69314718056	1.38629436112
2.07944154168	0.0	0.0	0.0	0.0	0.0	0.0	0.0	0.0	0.0	0.0	0.0	0.0	0.0	0.0
0.0	0.0	0.0	0.0	0.0	0.0	0.0	0.0	0.0	2.07944154168	0.0	0.0	0.0	0.0	0.0
0.0	0.0	0.0	0.0	0.0	0.0	0.0	0.0	0.0	0.0	0.0	0.0	0.0	1.67397643357	1.67397643357
0.0	0.0	0.0	0.0	1.38629436112	0.0	0.0	0.0	2.77258872224	0.0	2.77258872224	0.0	0.0	0.0	0.0
1.67397643357	0.0	0.0	0.0	0.0	0.0	0.0	0.0	0.0	0.0	0.0	3.34795286714	0.0	0.0	0.0
0.0	0.0	0.0	0.0	2.07944154168	0.0	0.0	0.0	0.0	0.0	0.0	0.0	0.0	0.0	0.0
0.0	0.0	0.0	0.0	2.07944154168	0.0	0.0	0.0	0.0	0.0	0.0	0.0	0.0	0.0	0.0
0.0	0.0	0.0	0.0	0.0	0.0	0.0	1.67397643357	0.0	6.69590573429	0.0	0.0	0.0	0.0	0.0
0.0	0.0	0.0	0.0	0.0	1.67397643357	0.0	0.0	0.0	1.67397643357	0.0	0.0	0.0	0.0	0.0
0.0	0.0	0.0	0.0	0.0	0.0	0.0	1.67397643357	0.0	3.34795286714	0.0	0.0	0.0	0.0	0.0
0.0	0.0	0.0	0.0	0.0	2.07944154168	0.0	0.0	0.0	0.0	0.0	0.0	0.0	0.0	0.0
0.0	0.980829253012	0.0	0.0	2.94248775904	0.980829253012	0.0	1.96165850602	0.0	0.0	0.0	0.0	0.0	0.0	5.88497551807
0.0	0.0	0.0	1.67397643357	0.0	0.0	0.0	0.0	0.0	0.0	0.0	0.0	1.67397643357	0.0	0.0
0.0	0.0	0.0	0.0	0.0	0.0	0.0	2.07944154168	0.0	0.0	0.0	0.0	0.0	0.0	0.0
0.0	0.0	0.0	0.0	0.0	0.0	5.54517744448	0.0	1.38629436112	0.0	1.38629436112	0.0	0.0	0.0	0.0
0.0	0.0	0.0	0.0	0.0	0.0	0.0	2.07944154168	0.0	0.0	0.0	0.0	0.0	0.0	0.0
0.0	0.0	0.0	0.0	1.67397643357	0.0	0.0	1.67397643357	0.0	0.0	0.0	0.0	0.0	0.0	0.0
0.0	0.0	0.0	0.0	0.0	0.0	0.0	0.0	1.67397643357	0.0	1.67397643357	0.0	0.0	0.0	0.0
0.0	0.0	0.0	0.0	0.0	0.0	0.0	8.31776616672	0.0	0.0	0.0	0.0	0.0	0.0	0.0
0.0	2.07944154168	0.0	0.0	0.0	0.0	0.0	0.0	0.0	0.0	0.0	0.0	0.0	0.0	0.0
0.0	0.0	0.0	0.0	0.0	0.0	1.38629436112	0.0	1.38629436112	0.0	1.38629436112	0.0	0.0	0.0	0.0
0.0	0.0	0.0	0.0	0.0	0.0	2.07944154168	0.0	0.0	0.0	0.0	0.0	0.0	0.0	0.0
1.67397643357	0.0	0.0	0.0	0.0	0.0	0.0	1.67397643357	0.0	0.0	0.0	0.0	0.0	0.0	0.0
0.0	0.0	0.0	0.0	0.0	0.0	0.0	2.07944154168	0.0	0.0	0.0	0.0	0.0	0.0	0.0
0.0	0.0	0.0	0.0	0.0	0.0	0.0	0.0	0.0	2.07944154168	0.0	0.0	0.0	0.0	0.0
0.0	0.0	0.0	0.0	0.0	0.0	0.0	0.0	0.0	0.0	0.0	0.0	0.0	0.0	2.07944154168
0.0	0.0	0.0	0.0	0.0	0.0	0.0	2.07944154168	0.0	0.0	0.0	0.0	0.0	0.0	0.0
0.0	0.0	0.0	0.0	0.0	0.0	0.0	2.07944154168	0.0	0.0	0.0	0.0	0.0	0.0	0.0
0.0	2.07944154168	0.0	0.0	0.0	0.0	0.0	0.0	0.0	0.0	0.0	0.0	0.0	0.0	0.0
0.69314718056	0.0	0.0	0.69314718056	0.0	0.0	0.69314718056	0.0	0.69314718056	0.69314718056	0.69314718056	0.0	0.69314718056	0.0	0.0
0.0	0.0	0.0	0.0	0.0	0.0	3.34795286714	0.0	3.34795286714	0.0	0.0	0.0	0.0	0.0	0.0
0.0	0.0	0.0	0.0	0.0	0.0	4.15888308336	0.0	0.0	0.0	0.0	0.0	0.0	0.0	0.0
0.0	0.0	0.0	1.38629436112	1.38629436112	0.0	0.0	0.0	0.0	0.0	0.0	0.0	1.38629436112	0.0	0.0
0.0	0.0	0.0	1.67397643357	0.0	0.0	0.0	0.0	0.0	0.0	0.0	0.0	1.67397643357	0.0	0.0
0.0	0.0	0.0	0.0	0.0	2.07944154168	0.0	0.0	0.0	0.0	0.0	0.0	0.0	0.0	0.0
0.0	0.0	0.0	0.0	0.0	4.15888308336	0.0	0.0	0.0	0.0	0.0	0.0	0.0	0.0	0.0
0.0	0.0	0.0	0.0	0.0	0.0	0.0	0.0	0.0	0.0	0.0	2.07944154168	0.0	0.0	0.0
0.0	0.0	0.0	0.0	0.0	0.0	0.0	2.07944154168	0.0	0.0	0.0	0.0	0.0	0.0	0.0
0.0	0.0	0.0	0.0	0.0	0.0	0.0	0.0	0.0	2.07944154168	0.0	0.0	0.0	0.0	0.0
2.07944154168	0.0	0.0	0.0	0.0	0.0	0.0	0.0	0.0	0.0	0.0	0.0	0.0	0.0	0.0
0.0	0.0	0.0	0.0	0.0	0.0	0.0	0.0	0.0	0.0	0.0	0.0	0.0	1.67397643357	1.67397643357
0.0	0.0	0.0	0.0	0.0	0.0	0.0	0.0	0.0	2.07944154168	0.0	0.0	0.0	0.0	0.0
0.0	0.0	0.0	1.67397643357	0.0	0.0	0.0	0.0	0.0	0.0	0.0	0.0	1.67397643357	0.0	0.0
0.0	2.07944154168	0.0	0.0	0.0	0.0	0.0	0.0	0.0	0.0	0.0	0.0	0.0	0.0	0.0
0.0	2.07944154168	0.0	0.0	0.0	0.0	0.0	0.0	0.0	0.0	0.0	0.0	0.0	0.0	0.0
0.0	0.0	0.0	0.0	0.0	0.0	0.0	0.0	0.0	0.0	0.0	0.0	0.0	2.07944154168	0.0
0.0	0.0	0.0	0.0	0.0	0.0	0.0	2.07944154168	0.0	0.0	0.0	0.0	0.0	0.0	0.0
0.0	0.0	0.0	0.0	0.0	0.0	0.0	0.0	5.02192930072	0.0	5.02192930072	0.0	0.0	0.0	0.0
0.0	0.0	0.0	0.0	0.0	0.0	0.0	2.07944154168	0.0	0.0	0.0	0.0	0.0	0.0	0.0
0.0	0.0	0.0	0.0	2.07944154168	0.0	0.0	0.0	0.0	0.0	0.0	0.0	0.0	0.0	0.0
0.0	0.0	0.0	0.0	0.0	0.0	0.0	0.0	0.0	0.0	0.0	2.07944154168	0.0	0.0	0.0
0.0	0.0	0.0	0.0	0.0	0.0	0.0	0.0	1.67397643357	0.0	1.67397643357	0.0	0.0	0.0	0.0
2.07944154168	0.0	0.0	0.0	0.0	0.0	0.0	0.0	0.0	0.0	0.0	0.0	0.0	0.0	0.0
0.0	0.0	0.0	0.0	0.0	0.0	0.0	0.0	1.38629436112	1.38629436112	1.38629436112	0.0	0.0	0.0	0.0
0.0	0.0	0.0	0.0	0.0	0.0	0.0	2.07944154168	0.0	0.0	0.0	0.0	0.0	0.0	0.0
0.0	2.07944154168	0.0	0.0	0.0	0.0	0.0	0.0	0.0	0.0	0.0	0.0	0.0	0.0	0.0
0.0	0.0	0.0	1.16315080981	0.0	0.0	0.0	0.0	0.0	0.0	0.0	0.0	1.16315080981	1.16315080981	1.16315080981
0.0	0.0	0.0	0.0	0.0	0.0	0.0	1.16315080981	0.0	1.16315080981	0.0	1.16315080981	0.0	1.16315080981	0.0
2.07944154168	0.0	0.0	0.0	0.0	0.0	0.0	0.0	0.0	0.0	0.0	0.0	0.0	0.0	0.0
0.0	0.0	0.0	0.0	8.31776616672	0.0	0.0	0.0	0.0	0.0	0.0	0.0	0.0	0.0	0.0
0.0	0.0	0.980829253012	0.0	0.980829253012	0.980829253012	0.0	0.0	0.0	0.0	0.0	0.980829253012	0.0	0.980829253012	0.0
0.0	0.0	0.0	0.0	0.0	0.0	0.0	0.0	0.0	0.0	0.0	0.0	0.0	2.07944154168	0.0
0.0	0.0	0.0	0.0	0.0	0.0	0.0	8.31776616672	0.0	0.0	0.0	0.0	0.0	0.0	0.0
0.0	0.0	0.0	0.0	0.0	0.0	0.0	2.07944154168	0.0	0.0	0.0	0.0	0.0	0.0	0.0
0.0	0.0	0.0	0.0	0.0	0.0	0.0	0.0	0.0	0.0	0.0	0.0	0.0	0.0	2.07944154168
0.0	0.0	0.0	0.0	0.0	0.0	2.07944154168	0.0	0.0	0.0	0.0	0.0	0.0	0.0	0.0
0.0	0.0	0.0	0.0	2.07944154168	0.0	0.0	0.0	0.0	0.0	0.0	0.0	0.0	0.0	0.0
0.0	0.0	0.0	0.0	2.07944154168	0.0	0.0	0.0	0.0	0.0	0.0	0.0	0.0	0.0	0.0
0.0	0.0	0.0	0.0	2.07944154168	0.0	0.0	0.0	0.0	0.0	0.0	0.0	0.0	0.0	0.0
0.0	0.0	0.0	0.0	0.0	0.0	0.0	0.0	0.0	0.0	0.0	2.07944154168	0.0	0.0	0.0
0.0	0.0	2.07944154168	0.0	0.0	0.0	0.0	0.0	0.0	0.0	0.0	0.0	0.0	0.0	0.0
0.0	0.0	0.0	0.0	0.0	0.0	0.0	0.0	0.0	0.0	2.07944154168	0.0	0.0	0.0	0.0
3.34795286714	0.0	0.0	0.0	0.0	0.0	0.0	5.02192930072	0.0	0.0	0.0	0.0	0.0	0.0	0.0
0.0	0.0	0.0	0.0	0.0	0.0	1.38629436112	0.0	1.38629436112	0.0	1.38629436112	0.0	0.0	0.0	0.0
0.0	0.0	0.0	0.0	0.0	0.0	1.67397643357	0.0	0.0	0.0	0.0	3.34795286714	0.0	0.0	0.0
0.0	0.0	0.0	0.0	0.0	0.0	0.0	0.0	0.0	0.0	0.0	0.0	0.0	2.07944154168	0.0
0.0	0.0	0.0	0.0	0.0	0.0	0.0	6.23832462504	0.0	0.0	0.0	0.0	0.0	0.0	0.0
2.07944154168	0.0	0.0	0.0	0.0	0.0	0.0	0.0	0.0	0.0	0.0	0.0	0.0	0.0	0.0
0.0	0.0	0.0	1.67397643357	0.0	0.0	0.0	0.0	0.0	0.0	0.0	0.0	1.67397643357	0.0	0.0
0.0	0.0	0.0	0.0	0.0	2.07944154168	0.0	0.0	0.0	0.0	0.0	0.0	0.0	0.0	0.0
0.0	0.0	0.0	0.0	0.0	0.0	0.0	0.0	0.0	0.0	0.0	0.0	0.0	0.0	2.07944154168
0.0	0.0	0.0	0.0	2.07944154168	0.0	0.0	0.0	0.0	0.0	0.0	0.0	0.0	0.0	0.0
0.0	0.0	0.0	1.67397643357	0.0	0.0	0.0	0.0	0.0	0.0	0.0	0.0	1.67397643357	0.0	0.0
0.0	0.0	0.0	0.0	0.0	0.0	0.0	0.0	0.0	0.0	0.0	2.07944154168	0.0	0.0	0.0
0.0	0.0	0.0	0.0	2.07944154168	0.0	0.0	0.0	0.0	0.0	0.0	0.0	0.0	0.0	0.0
0.0	0.0	0.0	1.38629436112	0.0	0.0	0.0	0.0	0.0	0.0	0.0	1.38629436112	1.38629436112	0.0	0.0
0.0	0.0	0.0	1.67397643357	0.0	0.0	0.0	0.0	0.0	0.0	0.0	0.0	1.67397643357	0.0	0.0
0.0	0.0	0.0	1.16315080981	0.0	0.0	2.32630161961	1.16315080981	0.0	0.0	0.0	0.0	1.16315080981	0.0	0.0
0.0	0.0	0.0	0.0	0.0	0.0	0.0	0.0	0.0	2.07944154168	0.0	0.0	0.0	0.0	0.0
0.0	0.0	0.0	0.0	0.0	0.0	0.0	0.0	1.67397643357	0.0	1.67397643357	0.0	0.0	0.0	0.0
0.0	0.0	0.0	0.0	0.0	0.0	0.0	2.07944154168	0.0	0.0	0.0	0.0	0.0	0.0	0.0
0.0	0.0	0.0	0.0	0.0	0.0	0.0	0.0	0.0	2.07944154168	0.0	0.0	0.0	0.0	0.0
0.0	0.0	0.0	0.0	0.0	0.0	0.0	0.0	0.0	2.07944154168	0.0	0.0	0.0	0.0	0.0
0.0	0.0	0.0	0.0	0.0	0.0	0.0	0.0	1.67397643357	0.0	1.67397643357	0.0	0.0	0.0	0.0
0.0	0.0	0.0	0.0	0.0	0.0	0.0	0.0	0.0	2.07944154168	0.0	0.0	0.0	0.0	0.0
0.0	8.36988216786	3.34795286714	0.0	0.0	0.0	0.0	0.0	0.0	0.0	0.0	0.0	0.0	0.0	0.0
0.0	0.0	2.07944154168	0.0	0.0	0.0	0.0	0.0	0.0	0.0	0.0	0.0	0.0	0.0	0.0
0.0	0.0	0.0	0.0	0.0	0.0	0.0	2.07944154168	0.0	0.0	0.0	0.0	0.0	0.0	0.0
0.0	0.0	0.0	0.0	0.0	0.0	0.0	0.0	1.67397643357	0.0	1.67397643357	0.0	0.0	0.0	0.0
0.0	1.16315080981	0.0	0.0	0.0	0.0	0.0	0.0	0.0	1.16315080981	0.0	0.0	0.0	2.32630161961	1.16315080981
0.0	0.0	0.0	0.0	0.0	0.0	0.0	0.0	0.0	0.0	2.07944154168	0.0	0.0	0.0	0.0
0.0	0.0	0.0	1.16315080981	0.0	0.0	0.0	1.16315080981	0.0	0.0	0.0	0.0	1.16315080981	0.0	1.16315080981
0.0	2.07944154168	0.0	0.0	0.0	0.0	0.0	0.0	0.0	0.0	0.0	0.0	0.0	0.0	0.0
0.0	0.0	0.0	0.0	0.0	0.0	0.0	2.07944154168	0.0	0.0	0.0	0.0	0.0	0.0	0.0
0.0	0.0	0.0	0.0	0.0	0.0	0.0	2.07944154168	0.0	0.0	0.0	0.0	0.0	0.0	0.0
0.0	0.0	0.0	0.0	0.0	0.0	0.0	6.23832462504	0.0	0.0	0.0	0.0	0.0	0.0	0.0
0.0	0.0	0.0	0.0	0.0	0.0	0.0	2.07944154168	0.0	0.0	0.0	0.0	0.0	0.0	0.0
0.0	0.0	0.0	0.0	0.0	0.0	0.0	0.0	0.0	0.0	0.0	0.0	0.0	1.67397643357	1.67397643357
0.0	0.0	0.0	0.0	1.67397643357	0.0	0.0	1.67397643357	0.0	0.0	0.0	0.0	0.0	0.0	0.0
0.0	0.0	0.0	0.0	0.0	0.0	0.0	2.07944154168	0.0	0.0	0.0	0.0	0.0	0.0	0.0
0.0	0.0	0.0	0.0	0.0	0.0	0.0	0.0	0.0	0.0	0.0	0.0	0.0	0.0	2.07944154168
0.0	0.0	0.0	0.0	2.77258872224	0.0	0.0	1.38629436112	0.0	0.0	0.0	2.77258872224	0.0	0.0	0.0
0.0	0.0	0.0	0.0	0.0	0.0	0.0	0.0	0.0	2.07944154168	0.0	0.0	0.0	0.0	0.0
0.0	0.0	0.0	0.0	0.0	1.67397643357	1.67397643357	0.0	0.0	0.0	0.0	0.0	0.0	0.0	0.0
0.0	0.0	0.0	0.0	0.0	0.0	2.07944154168	0.0	0.0	0.0	0.0	0.0	0.0	0.0	0.0
2.07944154168	0.0	0.0	0.0	0.0	0.0	0.0	0.0	0.0	0.0	0.0	0.0	0.0	0.0	0.0
1.38629436112	0.0	0.0	0.0	0.0	0.0	1.38629436112	8.31776616672	0.0	0.0	0.0	0.0	0.0	0.0	0.0
0.0	0.0	0.0	1.67397643357	0.0	0.0	0.0	0.0	0.0	0.0	0.0	0.0	1.67397643357	0.0	0.0
0.0	0.0	0.0	0.0	0.0	0.0	0.0	0.0	0.0	6.69590573429	0.0	3.34795286714	0.0	0.0	0.0
0.0	1.38629436112	0.0	0.69314718056	0.0	1.38629436112	0.69314718056	0.0	0.0	0.0	0.0	0.0	0.69314718056	0.69314718056	2.07944154168
0.0	0.0	0.0	1.67397643357	0.0	0.0	0.0	0.0	0.0	0.0	0.0	0.0	1.67397643357	0.0	0.0
0.0	0.0	0.0	0.0	0.0	0.0	0.0	2.07944154168	0.0	0.0	0.0	0.0	0.0	0.0	0.0
0.0	0.0	0.0	0.0	0.0	0.0	0.0	0.0	0.0	0.0	0.0	0.0	0.0	2.07944154168	0.0
0.0	0.0	0.0	0.0	0.0	0.0	0.0	0.0	0.0	0.0	0.0	0.0	0.0	0.0	2.07944154168
2.07944154168	0.0	0.0	0.0	0.0	0.0	0.0	0.0	0.0	0.0	0.0	0.0	0.0	0.0	0.0
0.0	0.0	0.0	0.0	0.0	0.0	0.0	0.0	0.0	2.07944154168	0.0	0.0	0.0	0.0	0.0
0.0	1.67397643357	0.0	0.0	0.0	0.0	0.0	1.67397643357	0.0	0.0	0.0	0.0	0.0	0.0	0.0
0.0	0.0	0.0	0.0	0.0	0.0	0.0	2.07944154168	0.0	0.0	0.0	0.0	0.0	0.0	0.0
2.07944154168	0.0	0.0	0.0	0.0	0.0	0.0	0.0	0.0	0.0	0.0	0.0	0.0	0.0	0.0
0.0	0.0	0.0	1.67397643357	0.0	0.0	0.0	0.0	0.0	0.0	0.0	0.0	1.67397643357	0.0	0.0
0.0	0.0	0.0	1.67397643357	0.0	0.0	0.0	0.0	0.0	0.0	0.0	0.0	1.67397643357	0.0	0.0
0.0	0.0	2.07944154168	0.0	0.0	0.0	0.0	0.0	0.0	0.0	0.0	0.0	0.0	0.0	0.0
0.0	0.0	0.0	0.0	0.0	0.0	0.0	0.0	0.0	0.0	0.0	2.07944154168	0.0	0.0	0.0
6.23832462504	0.0	0.0	0.0	0.0	0.0	0.0	0.0	0.0	0.0	0.0	0.0	0.0	0.0	0.0
0.0	0.0	0.0	0.0	2.07944154168	0.0	0.0	0.0	0.0	0.0	0.0	0.0	0.0	0.0	0.0
0.0	0.0	0.0	0.0	0.0	0.0	0.0	0.0	0.0	0.0	0.0	0.0	0.0	2.07944154168	0.0
0.0	0.0	0.0	0.0	0.0	0.0	16.6355323334	0.0	5.54517744448	0.0	5.54517744448	0.0	0.0	0.0	0.0
0.0	0.0	0.0	1.67397643357	0.0	0.0	0.0	0.0	0.0	0.0	0.0	0.0	1.67397643357	0.0	0.0
0.0	0.0	0.0	0.0	0.0	0.0	0.0	0.0	0.0	2.07944154168	0.0	0.0	0.0	0.0	0.0
1.38629436112	0.0	0.0	1.38629436112	0.0	0.0	0.0	0.0	0.0	0.0	0.0	0.0	1.38629436112	0.0	0.0
0.0	0.0	0.0	0.0	2.07944154168	0.0	0.0	0.0	0.0	0.0	0.0	0.0	0.0	0.0	0.0
0.0	0.0	0.0	0.0	0.0	0.0	1.38629436112	0.0	1.38629436112	1.38629436112	0.0	0.0	0.0	0.0	0.0
0.0	0.0	0.0	0.0	0.0	0.0	0.0	0.0	0.0	0.0	0.0	0.0	0.0	2.07944154168	0.0
0.0	0.0	0.0	0.0	0.0	0.0	0.0	0.0	1.67397643357	0.0	1.67397643357	0.0	0.0	0.0	0.0
0.0	0.0	0.0	1.67397643357	0.0	0.0	0.0	0.0	0.0	0.0	0.0	0.0	1.67397643357	0.0	0.0
0.0	0.0	0.0	0.0	0.0	0.0	0.0	2.07944154168	0.0	0.0	0.0	0.0	0.0	0.0	0.0
0.0	0.0	0.0	0.0	0.0	0.0	0.0	2.07944154168	0.0	0.0	0.0	0.0	0.0	0.0	0.0
0.0	0.0	0.0	0.0	0.0	0.0	1.38629436112	0.0	1.38629436112	0.0	1.38629436112	0.0	0.0	0.0	0.0
0.0	0.0	0.0	0.0	0.0	0.0	6.23832462504	0.0	0.0	0.0	0.0	0.0	0.0	0.0	0.0
0.0	0.0	0.0	0.0	0.980829253012	0.980829253012	0.980829253012	0.980829253012	0.0	0.0	0.0	0.980829253012	0.0	0.0	0.0
0.0	0.0	0.0	0.0	2.07944154168	0.0	0.0	0.0	0.0	0.0	0.0	0.0	0.0	0.0	0.0
0.0	0.0	0.0	0.0	0.0	0.0	0.0	0.0	0.0	0.0	0.0	0.0	0.0	2.07944154168	0.0
0.0	0.0	0.0	1.67397643357	0.0	0.0	0.0	0.0	0.0	0.0	0.0	0.0	1.67397643357	0.0	0.0
0.0	0.0	0.0	0.0	0.0	0.0	0.0	0.0	1.67397643357	0.0	1.67397643357	0.0	0.0	0.0	0.0
0.0	0.0	0.0	0.0	0.0	0.0	0.0	2.07944154168	0.0	0.0	0.0	0.0	0.0	0.0	0.0
0.0	0.0	0.0	0.0	0.0	0.0	0.0	0.0	0.0	0.0	0.0	0.0	0.0	2.07944154168	0.0
0.0	0.0	0.0	0.0	2.07944154168	0.0	0.0	0.0	0.0	0.0	0.0	0.0	0.0	0.0	0.0
0.0	0.0	0.0	0.0	0.0	0.0	1.38629436112	0.0	1.38629436112	0.0	1.38629436112	0.0	0.0	0.0	0.0
0.0	0.0	0.0	0.0	0.0	0.0	0.0	0.0	0.0	0.0	0.0	0.0	0.0	2.07944154168	0.0
0.0	0.0	0.0	0.0	0.0	2.07944154168	0.0	0.0	0.0	0.0	0.0	0.0	0.0	0.0	0.0
0.0	0.0	0.0	0.0	0.0	0.0	0.0	0.0	0.0	2.07944154168	0.0	0.0	0.0	0.0	0.0
0.0	0.0	0.0	0.0	0.0	0.0	0.0	0.0	0.0	10.0438586014	0.0	1.67397643357	0.0	0.0	0.0
0.0	0.0	0.0	5.02192930072	0.0	0.0	0.0	0.0	0.0	0.0	0.0	0.0	5.02192930072	0.0	0.0
0.0	0.0	0.0	0.0	0.0	0.0	0.0	0.0	0.0	2.07944154168	0.0	0.0	0.0	0.0	0.0
0.0	0.0	0.0	0.0	0.0	0.0	0.0	2.07944154168	0.0	0.0	0.0	0.0	0.0	0.0	0.0
2.07944154168	0.0	0.0	0.0	0.0	0.0	0.0	0.0	0.0	0.0	0.0	0.0	0.0	0.0	0.0
0.0	1.67397643357	0.0	0.0	0.0	0.0	0.0	0.0	0.0	0.0	0.0	1.67397643357	0.0	0.0	0.0
2.07944154168	0.0	0.0	0.0	0.0	0.0	0.0	0.0	0.0	0.0	0.0	0.0	0.0	0.0	0.0
0.0	0.0	0.0	0.0	0.0	0.0	0.0	0.0	0.0	0.0	0.0	0.0	0.0	2.07944154168	0.0
0.0	0.0	0.0	0.0	0.0	0.0	1.38629436112	1.38629436112	0.0	1.38629436112	0.0	0.0	0.0	0.0	0.0
0.0	0.0	2.07944154168	0.0	0.0	0.0	0.0	0.0	0.0	0.0	0.0	0.0	0.0	0.0	0.0
0.0	0.0	0.0	0.0	0.0	0.0	0.0	0.0	0.0	0.0	0.0	2.07944154168	0.0	0.0	0.0
0.0	0.0	0.0	0.0	0.0	0.0	0.0	2.07944154168	0.0	0.0	0.0	0.0	0.0	0.0	0.0
2.07944154168	0.0	0.0	0.0	0.0	0.0	0.0	0.0	0.0	0.0	0.0	0.0	0.0	0.0	0.0
3.34795286714	1.67397643357	0.0	0.0	0.0	0.0	0.0	0.0	0.0	0.0	0.0	0.0	0.0	0.0	0.0
0.0	0.0	0.0	0.0	2.07944154168	0.0	0.0	0.0	0.0	0.0	0.0	0.0	0.0	0.0	0.0
0.0	0.0	0.0	0.0	0.0	0.0	1.16315080981	0.0	1.16315080981	1.16315080981	1.16315080981	0.0	0.0	0.0	0.0
0.0	0.0	1.67397643357	0.0	0.0	0.0	0.0	0.0	0.0	0.0	0.0	0.0	0.0	1.67397643357	0.0
0.0	0.0	0.0	0.0	0.0	0.0	0.0	0.0	0.0	3.34795286714	0.0	1.67397643357	0.0	0.0	0.0
2.07944154168	0.0	0.0	0.0	0.0	0.0	0.0	0.0	0.0	0.0	0.0	0.0	0.0	0.0	0.0
0.0	0.0	0.0	0.0	2.07944154168	0.0	0.0	0.0	0.0	0.0	0.0	0.0	0.0	0.0	0.0
0.0	0.0	0.0	0.0	0.0	0.0	0.0	2.07944154168	0.0	0.0	0.0	0.0	0.0	0.0	0.0
0.0	0.0	0.0	0.0	0.0	0.0	0.0	0.0	0.0	0.0	0.0	2.07944154168	0.0	0.0	0.0
0.980829253012	0.0	0.0	0.0	0.0	0.0	1.96165850602	2.94248775904	0.980829253012	0.0	0.980829253012	0.0	0.0	0.0	0.0
0.0	0.0	0.0	0.0	2.07944154168	0.0	0.0	0.0	0.0	0.0	0.0	0.0	0.0	0.0	0.0
0.0	0.0	0.0	1.67397643357	0.0	0.0	0.0	0.0	0.0	0.0	0.0	0.0	1.67397643357	0.0	0.0
0.0	0.0	0.0	0.0	2.07944154168	0.0	0.0	0.0	0.0	0.0	0.0	0.0	0.0	0.0	0.0
0.0	0.0	0.0	0.0	0.0	0.0	0.0	0.0	1.67397643357	0.0	1.67397643357	0.0	0.0	0.0	0.0
0.0	0.0	0.0	0.0	2.07944154168	0.0	0.0	0.0	0.0	0.0	0.0	0.0	0.0	0.0	0.0
0.0	2.07944154168	0.0	0.0	0.0	0.0	0.0	0.0	0.0	0.0	0.0	0.0	0.0	0.0	0.0
0.0	0.0	0.0	0.0	0.0	0.0	0.0	0.0	0.0	0.0	0.0	0.0	0.0	0.0	2.07944154168
0.0	0.0	0.0	0.0	0.0	2.07944154168	0.0	0.0	0.0	0.0	0.0	0.0	0.0	0.0	0.0
0.0	0.0	3.34795286714	0.0	0.0	0.0	0.0	0.0	0.0	1.67397643357	0.0	0.0	0.0	0.0	0.0
2.07944154168	0.0	0.0	0.0	0.0	0.0	0.0	0.0	0.0	0.0	0.0	0.0	0.0	0.0	0.0
0.0	0.0	0.0	0.0	0.0	0.0	0.0	0.980829253012	0.980829253012	0.0	0.980829253012	0.0	0.0	0.980829253012	0.980829253012
0.0	1.16315080981	0.0	1.16315080981	0.0	0.0	0.0	0.0	0.0	0.0	0.0	0.0	1.16315080981	1.16315080981	0.0
0.0	0.0	0.0	0.0	0.0	0.0	2.07944154168	0.0	0.0	0.0	0.0	0.0	0.0	0.0	0.0
0.0	0.0	0.0	0.0	0.0	0.0	0.0	0.0	0.0	2.07944154168	0.0	0.0	0.0	0.0	0.0
0.0	0.0	0.0	0.0	0.0	0.0	0.0	0.0	0.0	0.0	2.07944154168	0.0	0.0	0.0	0.0
2.07944154168	0.0	0.0	0.0	0.0	0.0	0.0	0.0	0.0	0.0	0.0	0.0	0.0	0.0	0.0
0.0	0.0	0.0	0.0	0.0	0.0	0.0	16.6355323334	0.0	0.0	0.0	0.0	0.0	0.0	0.0
0.0	0.0	0.0	0.0	0.0	6.23832462504	0.0	0.0	0.0	0.0	0.0	0.0	0.0	0.0	0.0
0.0	0.0	1.38629436112	0.0	0.0	0.0	0.0	2.77258872224	0.0	1.38629436112	0.0	0.0	0.0	0.0	0.0
0.0	0.0	0.0	0.0	0.0	0.0	0.0	0.0	0.0	2.07944154168	0.0	0.0	0.0	0.0	0.0
0.0	0.0	0.0	0.0	0.0	0.0	0.0	2.07944154168	0.0	0.0	0.0	0.0	0.0	0.0	0.0
0.0	0.0	0.0	0.0	0.0	0.0	0.0	0.0	0.0	0.0	0.0	0.0	0.0	2.07944154168	0.0
0.0	0.0	0.0	0.0	0.0	0.0	0.0	0.0	0.0	0.0	0.0	0.0	0.0	2.07944154168	0.0
0.0	0.0	0.0	0.0	0.0	0.0	0.0	0.0	1.67397643357	0.0	1.67397643357	0.0	0.0	0.0	0.0
0.0	0.0	0.0	0.0	0.0	2.07944154168	0.0	0.0	0.0	0.0	0.0	0.0	0.0	0.0	0.0
0.0	0.0	0.0	0.0	0.0	0.0	0.0	2.07944154168	0.0	0.0	0.0	0.0	0.0	0.0	0.0
0.0	0.0	0.0	0.0	0.0	0.0	1.67397643357	0.0	1.67397643357	0.0	0.0	0.0	0.0	0.0	0.0
2.07944154168	0.0	0.0	0.0	0.0	0.0	0.0	0.0	0.0	0.0	0.0	0.0	0.0	0.0	0.0
0.0	0.0	0.0	0.0	0.0	0.0	0.0	0.0	0.0	2.07944154168	0.0	0.0	0.0	0.0	0.0
0.0	0.0	0.0	0.0	0.0	2.07944154168	0.0	0.0	0.0	0.0	0.0	0.0	0.0	0.0	0.0
0.0	0.0	0.0	1.67397643357	0.0	0.0	0.0	0.0	0.0	0.0	0.0	0.0	1.67397643357	0.0	0.0
0.0	0.0	0.0	0.0	0.0	0.0	0.0	0.0	0.0	2.07944154168	0.0	0.0	0.0	0.0	0.0
0.0	0.0	0.0	0.0	0.0	0.0	0.0	0.0	1.67397643357	0.0	1.67397643357	0.0	0.0	0.0	0.0
0.0	0.0	1.67397643357	0.0	0.0	0.0	0.0	0.0	0.0	0.0	0.0	0.0	0.0	1.67397643357	0.0
0.0	0.0	0.0	0.0	0.0	2.07944154168	0.0	0.0	0.0	0.0	0.0	0.0	0.0	0.0	0.0
0.0	0.0	0.0	0.0	0.0	0.0	0.0	1.67397643357	0.0	1.67397643357	0.0	0.0	0.0	0.0	0.0
0.0	0.0	0.0	0.0	0.0	0.0	0.0	0.0	0.0	2.07944154168	0.0	0.0	0.0	0.0	0.0
0.0	0.0	2.07944154168	0.0	0.0	0.0	0.0	0.0	0.0	0.0	0.0	0.0	0.0	0.0	0.0
1.38629436112	0.0	0.0	0.0	0.0	0.0	0.0	5.54517744448	0.0	1.38629436112	0.0	0.0	0.0	0.0	0.0
0.0	0.0	0.0	0.0	0.0	4.15888308336	0.0	0.0	0.0	0.0	0.0	0.0	0.0	0.0	0.0
0.0	0.0	0.0	0.0	0.0	0.0	0.0	16.6355323334	0.0	0.0	0.0	0.0	0.0	0.0	0.0
0.0	0.0	0.0	0.0	0.0	0.0	0.0	2.07944154168	0.0	0.0	0.0	0.0	0.0	0.0	0.0
0.0	0.0	0.0	0.0	2.07944154168	0.0	0.0	0.0	0.0	0.0	0.0	0.0	0.0	0.0	0.0
0.0	0.0	0.0	0.0	0.0	0.0	0.0	10.3972077084	0.0	0.0	0.0	0.0	0.0	0.0	0.0
0.0	0.0	0.0	0.0	0.0	0.0	2.32630161961	0.0	1.16315080981	1.16315080981	1.16315080981	0.0	0.0	0.0	0.0
0.0	0.0	0.0	0.0	0.0	0.0	0.0	0.0	0.0	0.0	0.0	0.0	0.0	1.67397643357	1.67397643357
0.0	0.0	0.0	0.0	0.0	0.0	0.0	2.07944154168	0.0	0.0	0.0	0.0	0.0	0.0	0.0
0.0	0.0	0.0	1.67397643357	0.0	0.0	0.0	0.0	0.0	0.0	0.0	0.0	1.67397643357	0.0	0.0
0.0	0.0	0.0	0.0	0.0	0.0	0.0	0.0	0.0	0.0	0.0	0.0	0.0	2.07944154168	0.0
0.0	0.0	0.0	0.0	0.0	0.0	0.0	0.0	0.0	2.07944154168	0.0	0.0	0.0	0.0	0.0
0.0	0.0	0.0	0.0	0.0	0.0	2.07944154168	0.0	0.0	0.0	0.0	0.0	0.0	0.0	0.0
1.38629436112	0.0	0.0	0.0	0.0	0.0	0.0	0.0	0.0	2.77258872224	0.0	1.38629436112	0.0	0.0	0.0
0.0	0.0	0.0	0.0	0.0	0.0	0.0	0.0	0.0	0.0	2.07944154168	0.0	0.0	0.0	0.0
0.0	0.0	0.0	0.0	0.0	0.0	0.0	0.0	0.0	0.0	0.0	2.07944154168	0.0	0.0	0.0
0.0	0.0	1.38629436112	1.38629436112	0.0	0.0	0.0	0.0	0.0	0.0	0.0	0.0	1.38629436112	0.0	0.0
0.0	0.0	0.0	0.0	0.0	0.0	1.65335714637	0.826678573184	1.65335714637	0.0	1.65335714637	0.826678573184	0.0	0.0	1.65335714637
0.0	0.0	0.0	0.0	0.0	0.0	0.0	0.0	0.0	0.0	0.0	0.0	0.0	5.02192930072	1.67397643357
0.0	0.0	0.0	0.0	0.0	0.0	1.38629436112	0.0	1.38629436112	0.0	1.38629436112	0.0	0.0	0.0	0.0
0.0	0.0	0.0	0.0	0.0	0.0	0.0	0.0	0.0	0.0	0.0	0.0	0.0	4.15888308336	0.0
0.0	0.0	0.0	0.0	0.0	0.0	0.0	0.0	0.0	0.0	2.07944154168	0.0	0.0	0.0	0.0
0.0	0.0	0.0	0.0	0.0	0.0	0.0	0.0	0.0	2.07944154168	0.0	0.0	0.0	0.0	0.0
0.0	0.0	0.0	0.0	0.0	0.0	0.0	0.0	2.07944154168	0.0	0.0	0.0	0.0	0.0	0.0
0.0	0.0	0.0	0.0	0.0	0.0	0.0	2.07944154168	0.0	0.0	0.0	0.0	0.0	0.0	0.0
0.0	0.0	0.0	0.0	0.0	0.0	0.0	2.07944154168	0.0	0.0	0.0	0.0	0.0	0.0	0.0
0.0	0.0	0.0	3.34795286714	0.0	0.0	0.0	0.0	0.0	0.0	0.0	0.0	3.34795286714	0.0	0.0
0.0	0.0	0.0	0.0	0.0	0.0	0.0	2.07944154168	0.0	0.0	0.0	0.0	0.0	0.0	0.0
0.0	0.0	0.0	0.0	0.0	0.0	0.0	5.02192930072	0.0	0.0	0.0	0.0	0.0	0.0	1.67397643357
0.0	0.0	0.0	0.0	0.0	0.0	0.0	0.0	0.0	0.0	2.07944154168	0.0	0.0	0.0	0.0
0.0	0.0	0.0	1.67397643357	0.0	0.0	0.0	0.0	0.0	0.0	0.0	0.0	1.67397643357	0.0	0.0
0.0	0.0	0.0	0.0	0.0	0.0	0.0	0.0	0.0	0.0	0.0	1.38629436112	0.0	4.15888308336	1.38629436112
0.0	4.15888308336	0.0	0.0	0.0	0.0	0.0	0.0	0.0	0.0	0.0	0.0	0.0	0.0	0.0
0.0	0.0	0.0	0.0	0.0	0.0	0.0	4.15888308336	0.0	0.0	0.0	0.0	0.0	0.0	0.0
0.0	0.69314718056	0.0	0.0	0.0	0.69314718056	0.69314718056	0.69314718056	0.69314718056	0.69314718056	0.69314718056	0.0	0.0	0.0	0.0
0.0	0.0	0.0	0.0	0.0	0.0	2.07944154168	0.0	0.0	0.0	0.0	0.0	0.0	0.0	0.0
0.0	0.0	0.0	0.0	0.0	0.0	1.38629436112	0.0	1.38629436112	0.0	1.38629436112	0.0	0.0	0.0	0.0
0.0	0.0	0.0	2.32630161961	1.16315080981	0.0	0.0	0.0	0.0	0.0	0.0	0.0	2.32630161961	0.0	1.16315080981
0.0	2.07944154168	0.0	0.0	0.0	0.0	0.0	0.0	0.0	0.0	0.0	0.0	0.0	0.0	0.0
0.0	0.0	0.0	0.0	0.0	0.0	3.92331701205	0.980829253012	6.86580477108	0.980829253012	6.86580477108	0.0	0.0	0.0	0.0
0.0	0.0	2.07944154168	0.0	0.0	0.0	0.0	0.0	0.0	0.0	0.0	0.0	0.0	0.0	0.0
0.0	0.0	0.0	0.0	0.0	0.0	0.0	0.0	0.0	0.0	0.0	2.07944154168	0.0	0.0	0.0
0.0	0.0	0.0	1.67397643357	0.0	0.0	0.0	0.0	0.0	0.0	0.0	0.0	1.67397643357	0.0	0.0
0.0	0.0	0.0	0.0	1.67397643357	0.0	0.0	1.67397643357	0.0	0.0	0.0	0.0	0.0	0.0	0.0
0.0	0.0	0.0	0.0	0.0	0.0	0.0	0.0	0.0	0.0	0.0	0.0	0.0	2.07944154168	0.0
0.0	0.0	0.0	0.0	0.0	0.0	0.0	0.0	0.0	0.0	0.0	0.0	0.0	2.07944154168	0.0
0.0	0.0	0.0	1.67397643357	0.0	0.0	0.0	0.0	0.0	0.0	0.0	0.0	1.67397643357	0.0	0.0
0.0	0.0	0.0	0.0	0.0	0.0	0.0	0.0	0.0	0.0	0.0	2.07944154168	0.0	0.0	0.0
0.0	0.0	0.0	0.0	0.0	0.0	2.07944154168	0.0	0.0	0.0	0.0	0.0	0.0	0.0	0.0
0.0	0.0	0.0	0.0	0.0	0.0	2.32630161961	1.16315080981	1.16315080981	0.0	1.16315080981	0.0	0.0	0.0	0.0
0.0	0.0	0.0	6.69590573429	0.0	0.0	0.0	0.0	0.0	0.0	0.0	0.0	6.69590573429	0.0	0.0
0.0	0.0	2.77258872224	0.0	0.0	0.0	0.0	0.0	0.0	0.0	0.0	0.0	0.0	5.54517744448	2.77258872224
0.0	0.0	0.0	0.0	0.0	0.0	0.0	0.0	1.67397643357	0.0	1.67397643357	0.0	0.0	0.0	0.0
2.07944154168	0.0	0.0	0.0	0.0	0.0	0.0	0.0	0.0	0.0	0.0	0.0	0.0	0.0	0.0
0.0	0.0	0.0	1.67397643357	0.0	0.0	0.0	0.0	0.0	0.0	0.0	0.0	1.67397643357	0.0	0.0
0.0	0.0	0.0	1.38629436112	0.0	0.0	1.38629436112	0.0	0.0	0.0	0.0	0.0	1.38629436112	0.0	0.0
0.0	0.0	0.0	0.0	0.0	0.0	0.0	0.0	0.0	0.0	2.07944154168	0.0	0.0	0.0	0.0
0.0	0.0	0.0	0.0	0.0	0.0	0.0	0.0	0.0	2.07944154168	0.0	0.0	0.0	0.0	0.0
0.0	0.0	0.0	0.0	0.0	0.0	0.0	2.07944154168	0.0	0.0	0.0	0.0	0.0	0.0	0.0
0.0	0.0	0.0	0.0	1.67397643357	1.67397643357	0.0	0.0	0.0	0.0	0.0	0.0	0.0	0.0	0.0
0.0	0.0	0.0	0.0	0.0	0.0	0.0	0.0	0.0	0.0	0.0	2.07944154168	0.0	0.0	0.0
0.0	0.0	1.67397643357	0.0	1.67397643357	0.0	0.0	0.0	0.0	0.0	0.0	0.0	0.0	0.0	0.0
