2.1400661635	0.0	0.0	0.0	0.0	0.0	0.0	0.0	0.0	0.0	0.0	0.0	0.0	0.0	0.0	0.0
0.0	0.0	0.0	0.0	0.0	0.0	0.0	0.0	0.0	0.0	0.0	2.1400661635	0.0	0.0	0.0	0.0
0.0	0.0	0.0	0.0	0.0	0.0	0.0	0.0	0.0	0.0	0.0	2.1400661635	0.0	0.0	0.0	0.0
0.0	0.0	0.0	0.0	0.0	0.0	0.0	1.73460105539	0.0	1.73460105539	0.0	0.0	0.0	0.0	0.0	0.0
0.0	0.0	0.0	0.0	0.0	0.0	0.0	0.0	2.1400661635	0.0	0.0	0.0	0.0	0.0	0.0	0.0
0.0	0.0	0.0	0.0	0.0	2.1400661635	0.0	0.0	0.0	0.0	0.0	0.0	0.0	0.0	0.0	0.0
0.0	0.0	0.0	0.0	0.0	0.0	0.0	2.1400661635	0.0	0.0	0.0	0.0	0.0	0.0	0.0	0.0
0.0	0.0	0.0	0.0	0.0	0.0	0.0	0.0	0.0	0.0	0.0	0.0	0.0	0.0	0.0	2.1400661635
0.0	0.0	0.0	0.0	0.0	0.0	0.0	0.0	0.0	0.0	0.0	0.0	0.0	0.0	2.1400661635	0.0
0.0	2.1400661635	0.0	0.0	0.0	0.0	0.0	0.0	0.0	0.0	0.0	0.0	0.0	0.0	0.0	0.0
0.0	0.0	0.0	0.0	0.0	0.0	0.0	1.22377543162	1.22377543162	0.0	0.0	0.0	1.22377543162	1.22377543162	0.0	0.0
0.0	0.0	0.0	0.0	0.0	0.0	0.0	0.0	0.0	1.73460105539	0.0	1.73460105539	0.0	0.0	0.0	0.0
0.63598876672	0.0	0.63598876672	0.63598876672	1.27197753344	1.27197753344	2.54395506688	0.0	0.0	0.0	0.0	0.63598876672	0.0	0.0	1.27197753344	0.0
2.1400661635	0.0	0.0	0.0	0.0	0.0	0.0	0.0	0.0	0.0	0.0	0.0	0.0	0.0	0.0	0.0
0.0	0.0	0.0	6.42019849049	0.0	0.0	0.0	0.0	0.0	0.0	0.0	0.0	0.0	0.0	0.0	0.0
0.0	2.1400661635	0.0	0.0	0.0	0.0	0.0	0.0	0.0	0.0	0.0	0.0	0.0	0.0	0.0	0.0
0.0	0.0	0.0	0.0	0.0	0.0	0.0	0.0	0.0	0.0	0.0	0.0	2.1400661635	0.0	0.0	0.0
0.0	0.0	0.0	0.0	0.0	0.0	0.0	0.0	0.0	0.0	0.0	0.0	0.0	0.0	4.28013232699	0.0
0.0	0.0	0.0	0.0	0.0	0.0	0.0	0.0	0.0	2.1400661635	0.0	0.0	0.0	0.0	0.0	0.0
0.0	0.0	0.0	0.0	0.0	0.0	0.0	0.0	0.0	5.20380316616	0.0	0.0	1.73460105539	0.0	0.0	0.0
0.0	0.0	2.1400661635	0.0	0.0	0.0	0.0	0.0	0.0	0.0	0.0	0.0	0.0	0.0	0.0	0.0
0.0	0.0	0.0	0.0	0.0	0.0	0.0	0.0	0.0	0.0	2.1400661635	0.0	0.0	0.0	0.0	0.0
0.0	0.0	0.0	0.0	0.0	0.0	0.0	0.0	0.0	0.0	0.0	0.0	0.0	0.0	2.1400661635	0.0
0.0	0.0	0.0	0.0	0.0	0.0	0.0	1.22377543162	1.22377543162	0.0	0.0	0.0	1.22377543162	1.22377543162	0.0	0.0
0.0	0.0	0.0	0.0	0.0	0.0	0.0	1.22377543162	3.67132629487	1.22377543162	0.0	0.0	4.89510172649	0.0	0.0	0.0
0.0	0.0	0.0	0.0	0.0	0.0	0.0	0.0	0.0	0.0	0.0	0.0	0.0	0.0	0.0	2.1400661635
0.0	2.1400661635	0.0	0.0	0.0	0.0	0.0	0.0	0.0	0.0	0.0	0.0	0.0	0.0	0.0	0.0
0.0	0.0	0.0	0.0	0.0	0.0	0.0	7.2901771238	2.08290774966	0.0	0.0	1.04145387483	2.08290774966	6.24872324897	0.0	0.0
0.0	0.0	0.0	0.0	0.0	0.0	0.0	0.0	0.0	0.0	0.0	0.0	0.0	0.0	0.0	2.1400661635
0.0	0.0	0.0	0.0	0.0	0.0	0.0	0.0	0.0	0.0	4.28013232699	0.0	0.0	0.0	0.0	0.0
0.0	0.0	0.0	0.0	0.0	0.0	0.0	0.0	0.0	6.42019849049	0.0	0.0	0.0	0.0	0.0	0.0
2.1400661635	0.0	0.0	0.0	0.0	0.0	0.0	0.0	0.0	0.0	0.0	0.0	0.0	0.0	0.0	0.0
0.0	0.0	0.0	0.0	0.0	0.0	0.0	0.0	0.0	0.0	1.73460105539	1.73460105539	0.0	0.0	0.0	0.0
4.28013232699	0.0	0.0	0.0	0.0	0.0	0.0	0.0	0.0	0.0	0.0	0.0	0.0	0.0	0.0	0.0
0.0	0.0	0.0	2.1400661635	0.0	0.0	0.0	0.0	0.0	0.0	0.0	0.0	0.0	0.0	0.0	0.0
0.0	0.0	0.0	0.0	0.0	0.0	0.0	1.73460105539	0.0	0.0	0.0	0.0	0.0	1.73460105539	0.0	0.0
0.0	0.0	0.0	1.73460105539	3.46920211078	0.0	0.0	0.0	0.0	0.0	0.0	0.0	0.0	0.0	0.0	0.0
0.0	0.0	0.0	0.0	0.0	0.0	0.0	0.0	0.0	0.0	8.56026465399	0.0	0.0	0.0	0.0	0.0
1.44691898294	0.0	0.0	0.0	0.0	0.0	0.0	0.0	0.0	0.0	0.0	1.44691898294	1.44691898294	0.0	0.0	0.0
2.1400661635	0.0	0.0	0.0	0.0	0.0	0.0	0.0	0.0	0.0	0.0	0.0	0.0	0.0	0.0	0.0
2.1400661635	0.0	0.0	0.0	0.0	0.0	0.0	0.0	0.0	0.0	0.0	0.0	0.0	0.0	0.0	0.0
0.0	0.0	0.0	0.0	0.0	0.0	0.0	0.0	0.0	0.0	2.1400661635	0.0	0.0	0.0	0.0	0.0
2.1400661635	0.0	0.0	0.0	0.0	0.0	0.0	0.0	0.0	0.0	0.0	0.0	0.0	0.0	0.0	0.0
0.0	0.0	0.0	0.0	0.0	0.0	0.0	1.44691898294	0.0	0.0	0.0	0.0	0.0	1.44691898294	0.0	1.44691898294
0.0	2.1400661635	0.0	0.0	0.0	0.0	0.0	0.0	0.0	0.0	0.0	0.0	0.0	0.0	0.0	0.0
0.0	0.0	0.0	0.0	0.0	0.0	0.0	0.0	1.44691898294	0.0	0.0	4.34075694881	4.34075694881	0.0	0.0	0.0
0.0	0.0	0.0	0.0	0.0	2.1400661635	0.0	0.0	0.0	0.0	0.0	0.0	0.0	0.0	0.0	0.0
0.0	1.73460105539	0.0	0.0	0.0	0.0	0.0	0.0	0.0	0.0	0.0	1.73460105539	0.0	0.0	0.0	0.0
4.28013232699	0.0	0.0	0.0	0.0	0.0	0.0	0.0	0.0	0.0	0.0	0.0	0.0	0.0	0.0	0.0
0.0	0.0	0.0	0.0	0.0	0.0	0.0	0.0	0.0	0.0	0.0	0.0	0.0	0.0	2.1400661635	0.0
0.0	0.0	0.0	0.0	0.0	0.0	0.0	2.1400661635	0.0	0.0	0.0	0.0	0.0	0.0	0.0	0.0
0.0	0.0	0.0	0.0	0.0	0.0	0.0	0.0	0.0	0.0	0.0	0.0	0.0	0.0	0.0	2.1400661635
1.73460105539	0.0	0.0	0.0	0.0	0.0	0.0	0.0	0.0	1.73460105539	0.0	0.0	0.0	0.0	0.0	0.0
0.0	0.0	0.0	0.0	0.0	0.0	0.0	2.1400661635	0.0	0.0	0.0	0.0	0.0	0.0	0.0	0.0
0.0	0.0	0.0	0.0	0.0	0.0	0.0	0.0	0.0	0.0	0.0	0.0	1.73460105539	1.73460105539	0.0	0.0
0.0	0.0	0.0	0.0	2.1400661635	0.0	0.0	0.0	0.0	0.0	0.0	0.0	0.0	0.0	0.0	0.0
0.0	0.0	0.0	0.0	0.0	2.1400661635	0.0	0.0	0.0	0.0	0.0	0.0	0.0	0.0	0.0	0.0
0.0	0.0	0.0	2.1400661635	0.0	0.0	0.0	0.0	0.0	0.0	0.0	0.0	0.0	0.0	0.0	0.0
0.0	0.0	0.0	0.0	0.0	0.0	2.1400661635	0.0	0.0	0.0	0.0	0.0	0.0	0.0	0.0	0.0
0.0	1.44691898294	1.44691898294	0.0	0.0	0.0	0.0	0.0	1.44691898294	0.0	0.0	0.0	0.0	0.0	0.0	0.0
0.0	0.0	0.0	0.0	0.0	0.0	0.0	0.0	0.0	0.0	0.0	0.0	2.1400661635	0.0	0.0	0.0
0.0	0.0	0.0	0.0	0.0	0.0	0.0	2.1400661635	0.0	0.0	0.0	0.0	0.0	0.0	0.0	0.0
0.0	0.0	0.0	0.0	0.0	0.0	0.0	0.0	2.1400661635	0.0	0.0	0.0	0.0	0.0	0.0	0.0
0.0	0.0	0.0	0.0	0.0	0.0	0.0	0.0	0.0	0.0	0.0	0.0	0.0	0.0	0.0	2.1400661635
0.0	0.0	0.0	0.0	0.0	0.0	0.0	0.0	2.1400661635	0.0	0.0	0.0	0.0	0.0	0.0	0.0
0.0	0.0	0.0	0.0	0.0	0.0	0.0	0.0	0.0	0.0	2.1400661635	0.0	0.0	0.0	0.0	0.0
0.0	0.0	1.44691898294	0.0	0.0	1.44691898294	0.0	0.0	1.44691898294	0.0	0.0	0.0	0.0	0.0	0.0	0.0
0.0	0.0	0.0	0.0	0.0	0.0	2.1400661635	0.0	0.0	0.0	0.0	0.0	0.0	0.0	0.0	0.0
0.0	0.0	0.0	0.0	0.0	0.0	0.0	0.0	1.73460105539	0.0	0.0	0.0	1.73460105539	0.0	0.0	0.0
0.0	0.0	0.0	0.0	0.0	0.0	0.0	0.0	0.0	0.0	0.0	0.0	2.1400661635	0.0	0.0	0.0
0.0	0.0	0.0	1.44691898294	1.44691898294	0.0	0.0	1.44691898294	0.0	0.0	0.0	0.0	0.0	0.0	0.0	0.0
0.0	0.0	1.44691898294	1.44691898294	0.0	0.0	0.0	0.0	0.0	0.0	0.0	0.0	0.0	0.0	0.0	1.44691898294
0.0	0.0	0.0	0.0	0.0	0.0	0.0	0.0	0.0	0.0	0.0	0.0	0.0	0.0	2.1400661635	0.0
0.0	0.0	0.0	0.0	0.0	0.0	0.0	0.0	0.0	0.0	0.0	0.0	0.0	0.0	0.0	2.1400661635
0.0	0.0	0.0	0.0	0.0	0.0	0.0	0.0	0.0	0.0	0.0	0.0	0.0	2.1400661635	0.0	0.0
0.0	0.0	0.0	0.0	0.0	0.0	0.0	1.22377543162	6.11887715811	0.0	0.0	0.0	8.56642802135	1.22377543162	0.0	0.0
0.0	0.0	0.0	0.0	2.1400661635	0.0	0.0	0.0	0.0	0.0	0.0	0.0	0.0	0.0	0.0	0.0
0.0	0.0	0.0	0.0	0.0	0.0	0.0	2.1400661635	0.0	0.0	0.0	0.0	0.0	0.0	0.0	0.0
0.0	0.0	0.0	0.0	0.0	2.1400661635	0.0	0.0	0.0	0.0	0.0	0.0	0.0	0.0	0.0	0.0
2.1400661635	0.0	0.0	0.0	0.0	0.0	0.0	0.0	0.0	0.0	0.0	0.0	0.0	0.0	0.0	0.0
0.0	0.0	0.0	0.0	0.0	0.0	0.0	1.73460105539	0.0	0.0	0.0	0.0	0.0	1.73460105539	0.0	0.0
0.0	0.0	0.0	0.0	0.0	0.0	0.0	1.73460105539	0.0	0.0	0.0	0.0	0.0	1.73460105539	0.0	0.0
0.0	2.1400661635	0.0	0.0	0.0	0.0	0.0	0.0	0.0	0.0	0.0	0.0	0.0	0.0	0.0	0.0
2.1400661635	0.0	0.0	0.0	0.0	0.0	0.0	0.0	0.0	0.0	0.0	0.0	0.0	0.0	0.0	0.0
0.0	0.0	0.0	0.0	0.0	2.1400661635	0.0	0.0	0.0	0.0	0.0	0.0	0.0	0.0	0.0	0.0
0.0	2.1400661635	0.0	0.0	0.0	0.0	0.0	0.0	0.0	0.0	0.0	0.0	0.0	0.0	0.0	0.0
0.0	0.0	0.0	0.0	0.0	0.0	0.0	0.0	0.0	0.0	0.0	0.0	0.0	0.0	0.0	2.1400661635
0.0	0.0	0.0	0.0	0.0	0.0	0.0	0.0	0.0	0.0	0.0	0.0	0.0	0.0	8.56026465399	0.0
0.0	0.0	0.0	2.1400661635	0.0	0.0	0.0	0.0	0.0	0.0	0.0	0.0	0.0	0.0	0.0	0.0
0.0	0.0	0.0	0.0	2.1400661635	0.0	0.0	0.0	0.0	0.0	0.0	0.0	0.0	0.0	0.0	0.0
0.0	0.0	0.0	0.0	0.0	0.0	0.0	0.0	0.0	0.0	2.1400661635	0.0	0.0	0.0	0.0	0.0
0.0	0.0	0.0	0.0	0.0	0.0	0.0	0.0	0.0	0.0	0.0	0.0	0.0	2.1400661635	0.0	0.0
0.0	0.0	0.0	0.0	0.0	0.0	2.1400661635	0.0	0.0	0.0	0.0	0.0	0.0	0.0	0.0	0.0
0.0	0.0	6.93840422155	0.0	0.0	8.67300527694	0.0	0.0	0.0	0.0	0.0	0.0	0.0	0.0	0.0	0.0
0.0	0.0	0.0	0.0	0.0	2.1400661635	0.0	0.0	0.0	0.0	0.0	0.0	0.0	0.0	0.0	0.0
0.0	0.0	0.0	0.0	0.0	0.0	0.0	1.73460105539	0.0	0.0	0.0	0.0	0.0	1.73460105539	0.0	0.0
0.0	0.0	0.0	0.0	0.0	0.0	0.0	1.73460105539	0.0	0.0	0.0	0.0	0.0	1.73460105539	0.0	0.0
2.1400661635	0.0	0.0	0.0	0.0	0.0	0.0	0.0	0.0	0.0	0.0	0.0	0.0	0.0	0.0	0.0
0.0	0.0	0.0	0.0	0.0	0.0	0.0	0.0	0.0	0.0	0.0	0.0	0.0	0.0	2.1400661635	0.0
1.44691898294	0.0	0.0	0.0	0.0	0.0	0.0	0.0	0.0	1.44691898294	0.0	0.0	0.0	0.0	0.0	1.44691898294
0.0	0.0	0.0	0.0	0.0	0.0	0.0	0.0	0.0	2.1400661635	0.0	0.0	0.0	0.0	0.0	0.0
0.0	0.0	0.0	0.0	0.0	0.0	0.0	1.73460105539	0.0	0.0	0.0	0.0	0.0	1.73460105539	0.0	0.0
0.0	0.0	0.0	0.0	0.0	0.0	0.0	0.0	0.0	0.0	2.1400661635	0.0	0.0	0.0	0.0	0.0
0.0	0.0	0.0	0.0	2.1400661635	0.0	0.0	0.0	0.0	0.0	0.0	0.0	0.0	0.0	0.0	0.0
0.0	0.0	0.0	0.0	0.0	1.73460105539	0.0	0.0	0.0	0.0	0.0	0.0	0.0	0.0	0.0	3.46920211078
0.0	0.0	0.0	0.0	0.0	0.0	0.0	0.0	1.73460105539	1.73460105539	0.0	0.0	0.0	0.0	0.0	0.0
0.0	0.0	0.0	0.0	0.0	0.0	0.0	0.0	1.44691898294	0.0	1.44691898294	0.0	2.89383796587	0.0	0.0	0.0
0.0	2.1400661635	0.0	0.0	0.0	0.0	0.0	0.0	0.0	0.0	0.0	0.0	0.0	0.0	0.0	0.0
2.1400661635	0.0	0.0	0.0	0.0	0.0	0.0	0.0	0.0	0.0	0.0	0.0	0.0	0.0	0.0	0.0
0.0	0.0	0.0	0.0	0.0	0.0	0.0	6.93840422155	0.0	0.0	0.0	0.0	0.0	8.67300527694	0.0	0.0
0.0	0.0	0.0	0.0	0.0	0.0	0.0	4.28013232699	0.0	0.0	0.0	0.0	0.0	0.0	0.0	0.0
0.0	0.0	0.0	0.0	0.0	0.0	0.0	0.0	0.0	0.0	0.0	0.0	2.1400661635	0.0	0.0	0.0
0.0	0.0	1.44691898294	0.0	0.0	1.44691898294	0.0	0.0	1.44691898294	0.0	0.0	0.0	0.0	0.0	0.0	0.0
0.0	0.0	0.0	0.0	0.0	0.0	0.0	0.0	0.0	0.0	2.1400661635	0.0	0.0	0.0	0.0	0.0
0.0	0.0	0.0	0.0	0.0	0.0	0.0	1.04145387483	3.12436162448	0.0	0.0	3.12436162448	4.16581549931	1.04145387483	0.0	0.0
0.0	0.0	0.0	0.0	0.0	2.1400661635	0.0	0.0	0.0	0.0	0.0	0.0	0.0	0.0	0.0	0.0
0.0	0.0	0.0	0.0	0.0	0.0	2.1400661635	0.0	0.0	0.0	0.0	0.0	0.0	0.0	0.0	0.0
1.73460105539	0.0	0.0	0.0	0.0	0.0	0.0	0.0	1.73460105539	0.0	0.0	0.0	0.0	0.0	0.0	0.0
0.0	1.73460105539	0.0	0.0	1.73460105539	0.0	0.0	0.0	0.0	0.0	0.0	0.0	0.0	0.0	0.0	0.0
0.0	0.0	3.54921278	2.661909585	1.77460639	3.54921278	0.0	2.661909585	0.0	0.0	0.0	0.0	0.0	3.54921278	0.0	0.0
2.1400661635	0.0	0.0	0.0	0.0	0.0	0.0	0.0	0.0	0.0	0.0	0.0	0.0	0.0	0.0	0.0
0.0	0.0	0.0	0.0	0.0	0.0	0.0	0.0	0.0	0.0	0.0	4.28013232699	0.0	0.0	0.0	0.0
0.0	0.0	2.1400661635	0.0	0.0	0.0	0.0	0.0	0.0	0.0	0.0	0.0	0.0	0.0	0.0	0.0
2.1400661635	0.0	0.0	0.0	0.0	0.0	0.0	0.0	0.0	0.0	0.0	0.0	0.0	0.0	0.0	0.0
0.0	0.0	0.0	0.0	0.0	0.0	0.0	0.0	0.0	2.1400661635	0.0	0.0	0.0	0.0	0.0	0.0
0.0	0.0	0.0	0.0	0.0	0.0	0.0	0.0	0.0	0.0	0.0	2.1400661635	0.0	0.0	0.0	0.0
0.0	0.0	0.0	2.1400661635	0.0	0.0	0.0	0.0	0.0	0.0	0.0	0.0	0.0	0.0	0.0	0.0
0.0	2.1400661635	0.0	0.0	0.0	0.0	0.0	0.0	0.0	0.0	0.0	0.0	0.0	0.0	0.0	0.0
0.0	0.0	0.0	0.0	2.1400661635	0.0	0.0	0.0	0.0	0.0	0.0	0.0	0.0	0.0	0.0	0.0
0.0	0.0	0.0	0.0	0.0	0.0	0.0	0.0	0.0	2.1400661635	0.0	0.0	0.0	0.0	0.0	0.0
0.0	0.0	0.0	0.0	0.0	0.0	0.0	0.0	0.0	0.0	0.0	0.0	0.0	0.0	0.0	0.0
0.0	0.0	0.0	0.0	0.0	0.0	2.1400661635	0.0	0.0	0.0	0.0	0.0	0.0	0.0	0.0	0.0
0.0	0.0	0.0	0.0	0.0	0.0	0.0	0.0	0.0	0.0	0.0	0.0	0.0	2.1400661635	0.0	0.0
0.0	0.0	0.0	0.0	0.0	0.0	0.0	0.0	0.0	1.44691898294	0.0	2.89383796587	0.0	0.0	1.44691898294	0.0
0.0	0.0	1.73460105539	0.0	0.0	1.73460105539	0.0	0.0	0.0	0.0	0.0	0.0	0.0	0.0	0.0	0.0
0.0	0.0	0.0	0.0	2.1400661635	0.0	0.0	0.0	0.0	0.0	0.0	0.0	0.0	0.0	0.0	0.0
0.0	0.0	0.0	0.0	2.1400661635	0.0	0.0	0.0	0.0	0.0	0.0	0.0	0.0	0.0	0.0	0.0
0.0	0.0	0.0	0.0	0.0	0.0	0.0	0.0	1.73460105539	0.0	0.0	0.0	1.73460105539	0.0	0.0	0.0
0.0	0.0	0.0	0.0	1.73460105539	1.73460105539	0.0	0.0	0.0	0.0	0.0	0.0	0.0	0.0	0.0	0.0
0.0	0.0	0.0	0.0	0.0	2.1400661635	0.0	0.0	0.0	0.0	0.0	0.0	0.0	0.0	0.0	0.0
0.0	0.0	0.0	0.0	0.0	0.0	0.0	0.0	0.0	0.0	2.1400661635	0.0	0.0	0.0	0.0	0.0
0.0	0.0	0.0	0.0	0.0	0.0	0.0	0.0	0.0	0.0	0.0	0.0	0.0	0.0	0.0	2.1400661635
1.73460105539	0.0	0.0	0.0	0.0	0.0	0.0	0.0	0.0	0.0	0.0	0.0	0.0	0.0	1.73460105539	0.0
0.0	0.0	2.1400661635	0.0	0.0	0.0	0.0	0.0	0.0	0.0	0.0	0.0	0.0	0.0	0.0	0.0
0.0	0.0	0.0	0.0	0.0	0.0	0.0	0.0	0.0	0.0	0.0	2.1400661635	0.0	0.0	0.0	0.0
0.0	0.0	0.0	0.0	0.0	0.0	0.0	0.0	1.44691898294	0.0	0.0	2.89383796587	1.44691898294	0.0	0.0	0.0
4.28013232699	0.0	0.0	0.0	0.0	0.0	0.0	0.0	0.0	0.0	0.0	0.0	0.0	0.0	0.0	0.0
0.0	2.1400661635	0.0	0.0	0.0	0.0	0.0	0.0	0.0	0.0	0.0	0.0	0.0	0.0	0.0	0.0
0.0	0.0	0.0	0.0	0.0	0.0	0.0	0.0	0.0	0.0	4.28013232699	0.0	0.0	0.0	0.0	0.0
0.0	0.0	0.0	0.0	0.0	0.0	0.0	0.0	0.0	2.1400661635	0.0	0.0	0.0	0.0	0.0	0.0
0.0	0.0	0.0	0.0	0.0	0.0	0.0	2.1400661635	0.0	0.0	0.0	0.0	0.0	0.0	0.0	0.0
0.0	0.0	0.0	0.0	2.1400661635	0.0	0.0	0.0	0.0	0.0	0.0	0.0	0.0	0.0	0.0	0.0
0.0	0.0	0.0	0.0	0.0	0.0	0.0	0.0	3.46920211078	0.0	0.0	0.0	1.73460105539	0.0	0.0	0.0
0.0	0.0	0.0	0.0	0.0	0.0	0.0	3.46920211078	0.0	0.0	0.0	0.0	0.0	3.46920211078	0.0	0.0
0.0	0.0	0.0	0.0	0.0	0.0	0.0	2.1400661635	0.0	0.0	0.0	0.0	0.0	0.0	0.0	0.0
0.0	0.0	0.0	0.0	0.0	0.0	0.0	0.0	0.0	0.0	0.0	0.0	0.0	0.0	2.1400661635	0.0
0.0	0.0	0.0	0.0	0.0	0.0	0.0	0.0	0.0	0.0	0.0	2.1400661635	0.0	0.0	0.0	0.0
0.0	0.0	0.0	0.0	0.0	0.0	0.0	0.0	0.0	2.1400661635	0.0	0.0	0.0	0.0	0.0	0.0
0.0	0.0	0.0	0.0	0.0	0.0	0.0	0.0	0.0	0.0	0.0	0.0	0.0	0.0	2.1400661635	0.0
0.0	0.0	0.0	0.0	0.0	0.0	0.0	0.0	0.0	0.0	0.0	0.0	2.1400661635	0.0	0.0	0.0
0.0	0.0	0.0	0.0	0.0	0.0	0.0	0.0	0.0	0.0	0.0	2.1400661635	0.0	0.0	0.0	0.0
1.77460639	0.0	0.887303195001	0.887303195001	0.0	1.77460639	0.0	0.0	0.0	0.0	0.0	0.0	0.887303195001	0.887303195001	0.0	0.0
2.1400661635	0.0	0.0	0.0	0.0	0.0	0.0	0.0	0.0	0.0	0.0	0.0	0.0	0.0	0.0	0.0
2.1400661635	0.0	0.0	0.0	0.0	0.0	0.0	0.0	0.0	0.0	0.0	0.0	0.0	0.0	0.0	0.0
0.0	0.0	0.0	1.73460105539	0.0	0.0	0.0	0.0	0.0	0.0	0.0	0.0	0.0	0.0	1.73460105539	0.0
0.0	0.0	0.0	0.0	2.1400661635	0.0	0.0	0.0	0.0	0.0	0.0	0.0	0.0	0.0	0.0	0.0
0.0	0.0	0.0	0.0	0.0	0.0	0.0	2.1400661635	0.0	0.0	0.0	0.0	0.0	0.0	0.0	0.0
1.27197753344	0.0	0.0	0.63598876672	0.0	0.0	0.0	0.63598876672	0.63598876672	1.90796630016	3.1799438336	0.0	0.0	1.27197753344	1.90796630016	0.0
0.63598876672	0.0	0.0	0.0	0.0	0.0	0.0	1.90796630016	2.54395506688	0.63598876672	1.27197753344	0.0	3.1799438336	1.90796630016	1.90796630016	0.0
0.0	0.0	0.0	0.0	0.0	2.1400661635	0.0	0.0	0.0	0.0	0.0	0.0	0.0	0.0	0.0	0.0
2.1400661635	0.0	0.0	0.0	0.0	0.0	0.0	0.0	0.0	0.0	0.0	0.0	0.0	0.0	0.0	0.0
0.0	0.0	0.0	0.0	0.0	0.0	0.0	0.0	0.0	0.0	0.0	0.0	0.0	0.0	2.1400661635	0.0
0.0	0.0	0.0	0.0	0.0	0.0	0.0	0.0	0.0	2.1400661635	0.0	0.0	0.0	0.0	0.0	0.0
0.0	0.0	0.0	0.0	0.0	0.0	0.0	0.0	0.0	0.0	0.0	0.0	3.46920211078	0.0	1.73460105539	0.0
0.0	0.0	1.77460639	0.0	0.887303195001	0.887303195001	0.887303195001	0.887303195001	0.0	0.0	0.0	0.0	0.0	0.887303195001	0.0	0.0
2.1400661635	0.0	0.0	0.0	0.0	0.0	0.0	0.0	0.0	0.0	0.0	0.0	0.0	0.0	0.0	0.0
0.0	2.1400661635	0.0	0.0	0.0	0.0	0.0	0.0	0.0	0.0	0.0	0.0	0.0	0.0	0.0	0.0
0.0	0.0	0.0	0.0	0.0	0.0	0.0	0.0	0.0	0.0	2.1400661635	0.0	0.0	0.0	0.0	0.0
0.0	0.0	0.0	0.0	0.0	0.0	0.0	1.44691898294	1.44691898294	0.0	0.0	0.0	1.44691898294	0.0	0.0	0.0
0.0	0.0	0.0	0.0	0.0	0.0	0.0	0.0	0.0	0.0	0.0	0.0	2.1400661635	0.0	0.0	0.0
0.0	0.0	0.0	0.0	0.0	1.44691898294	0.0	0.0	1.44691898294	0.0	0.0	0.0	1.44691898294	0.0	0.0	0.0
0.0	0.0	0.0	0.0	0.0	0.0	1.44691898294	0.0	0.0	0.0	1.44691898294	1.44691898294	0.0	0.0	0.0	0.0
0.0	0.0	1.44691898294	0.0	0.0	1.44691898294	1.44691898294	0.0	0.0	0.0	0.0	0.0	0.0	0.0	0.0	0.0
0.0	0.0	0.0	0.0	1.73460105539	1.73460105539	0.0	0.0	0.0	0.0	0.0	0.0	0.0	0.0	0.0	0.0
0.0	0.0	0.0	0.0	0.0	0.0	6.42019849049	0.0	0.0	0.0	0.0	0.0	0.0	0.0	0.0	0.0
0.0	0.0	0.0	0.0	0.0	2.1400661635	0.0	0.0	0.0	0.0	0.0	0.0	0.0	0.0	0.0	0.0
0.0	0.0	0.0	0.0	0.0	0.0	0.0	0.0	0.0	0.0	0.0	0.0	0.0	0.0	0.0	2.1400661635
0.0	0.0	1.73460105539	0.0	0.0	1.73460105539	0.0	0.0	0.0	0.0	0.0	0.0	0.0	0.0	0.0	0.0
0.0	2.1400661635	0.0	0.0	0.0	0.0	0.0	0.0	0.0	0.0	0.0	0.0	0.0	0.0	0.0	0.0
0.0	0.0	0.0	0.0	0.0	0.0	0.0	1.73460105539	0.0	0.0	1.73460105539	0.0	0.0	0.0	0.0	0.0
0.0	0.0	0.0	0.0	0.0	0.0	0.0	0.0	2.1400661635	0.0	0.0	0.0	0.0	0.0	0.0	0.0
0.0	0.0	0.0	0.0	0.0	0.0	0.0	0.0	0.0	0.0	2.1400661635	0.0	0.0	0.0	0.0	0.0
0.0	0.0	0.0	0.0	0.0	0.0	0.0	1.73460105539	0.0	0.0	0.0	0.0	0.0	1.73460105539	0.0	0.0
0.0	0.0	0.0	0.0	0.0	0.0	0.0	0.0	0.0	0.0	0.0	0.0	0.0	0.0	2.1400661635	0.0
0.63598876672	0.0	0.0	0.0	0.0	0.0	0.0	1.27197753344	1.90796630016	1.90796630016	0.63598876672	1.27197753344	1.27197753344	0.63598876672	0.0	0.0
1.22377543162	0.0	0.0	0.0	0.0	0.0	0.0	0.0	0.0	0.0	1.22377543162	1.22377543162	2.44755086324	0.0	0.0	0.0
0.0	0.0	0.0	0.0	0.0	0.0	0.0	0.0	0.0	2.1400661635	0.0	0.0	0.0	0.0	0.0	0.0
0.0	0.0	0.0	0.0	0.0	0.0	0.0	0.0	0.0	2.1400661635	0.0	0.0	0.0	0.0	0.0	0.0
0.0	0.0	0.0	0.0	0.0	0.0	0.0	1.73460105539	0.0	1.73460105539	0.0	0.0	0.0	0.0	0.0	0.0
0.0	0.0	0.0	0.0	2.1400661635	0.0	0.0	0.0	0.0	0.0	0.0	0.0	0.0	0.0	0.0	0.0
0.0	0.0	0.0	0.0	0.0	0.0	0.0	0.0	0.0	0.0	0.0	0.0	0.0	0.0	2.1400661635	0.0
0.0	0.0	0.0	0.0	0.0	0.0	0.0	0.0	0.0	1.73460105539	0.0	3.46920211078	0.0	0.0	0.0	0.0
0.0	0.0	0.0	0.0	0.0	0.0	0.0	1.44691898294	0.0	0.0	0.0	0.0	1.44691898294	1.44691898294	0.0	0.0
0.0	0.0	0.0	0.0	0.0	0.0	0.0	0.0	2.89383796587	0.0	0.0	1.44691898294	2.89383796587	0.0	0.0	0.0
0.0	0.0	0.0	0.0	0.0	0.0	0.0	0.0	0.0	1.73460105539	0.0	1.73460105539	0.0	0.0	0.0	0.0
0.0	0.0	0.0	1.04145387483	2.08290774966	1.04145387483	2.08290774966	0.0	0.0	0.0	0.0	0.0	0.0	0.0	1.04145387483	0.0
0.0	0.0	0.0	0.0	0.0	0.0	0.0	0.0	0.0	2.1400661635	0.0	0.0	0.0	0.0	0.0	0.0
0.0	0.0	0.0	0.0	0.0	0.0	0.0	0.0	0.0	0.0	0.0	0.0	0.0	0.0	0.0	2.1400661635
0.0	0.0	0.0	0.0	0.0	0.0	2.1400661635	0.0	0.0	0.0	0.0	0.0	0.0	0.0	0.0	0.0
0.0	0.0	0.0	0.0	0.0	0.0	0.0	1.44691898294	0.0	2.89383796587	0.0	1.44691898294	0.0	0.0	0.0	0.0
0.0	0.0	0.0	0.0	0.0	0.0	0.0	0.0	1.22377543162	2.44755086324	0.0	0.0	1.22377543162	0.0	1.22377543162	0.0
0.0	1.73460105539	0.0	0.0	1.73460105539	0.0	0.0	0.0	0.0	0.0	0.0	0.0	0.0	0.0	0.0	0.0
0.0	0.0	0.0	0.0	0.0	0.0	0.0	0.0	1.73460105539	0.0	0.0	0.0	1.73460105539	0.0	0.0	0.0
0.0	0.0	1.77460639	1.77460639	1.77460639	0.887303195001	2.661909585	0.0	0.0	0.887303195001	0.0	0.0	0.0	0.0	0.0	0.0
0.0	0.0	0.0	0.0	0.0	0.0	0.0	0.0	0.0	0.0	0.0	2.1400661635	0.0	0.0	0.0	0.0
2.1400661635	0.0	0.0	0.0	0.0	0.0	0.0	0.0	0.0	0.0	0.0	0.0	0.0	0.0	0.0	0.0
0.0	0.0	0.0	0.0	0.0	0.0	0.0	0.0	1.44691898294	0.0	1.44691898294	0.0	2.89383796587	0.0	0.0	0.0
0.0	0.0	0.0	0.0	0.0	0.0	0.0	0.0	0.0	0.0	0.0	0.0	0.0	0.0	0.0	2.1400661635
0.0	0.0	0.0	0.0	0.0	0.0	0.0	2.1400661635	0.0	0.0	0.0	0.0	0.0	0.0	0.0	0.0
0.0	0.0	0.0	0.0	0.0	0.0	0.0	0.0	0.0	0.0	2.1400661635	0.0	0.0	0.0	0.0	0.0
0.0	0.0	0.0	2.1400661635	0.0	0.0	0.0	0.0	0.0	0.0	0.0	0.0	0.0	0.0	0.0	0.0
0.0	0.0	0.0	0.0	0.0	0.0	0.0	0.0	0.0	2.1400661635	0.0	0.0	0.0	0.0	0.0	0.0
0.0	0.0	0.0	0.0	0.0	0.0	0.0	0.0	0.0	2.1400661635	0.0	0.0	0.0	0.0	0.0	0.0
4.28013232699	0.0	0.0	0.0	0.0	0.0	0.0	0.0	0.0	0.0	0.0	0.0	0.0	0.0	0.0	0.0
0.0	0.0	2.08290774966	1.04145387483	2.08290774966	1.04145387483	6.24872324897	0.0	0.0	0.0	0.0	0.0	0.0	0.0	0.0	0.0
0.0	0.0	0.0	0.0	0.0	0.0	0.0	0.0	0.0	0.0	1.73460105539	0.0	0.0	0.0	1.73460105539	0.0
0.0	0.0	2.1400661635	0.0	0.0	0.0	0.0	0.0	0.0	0.0	0.0	0.0	0.0	0.0	0.0	0.0
0.0	0.0	0.0	0.0	0.0	0.0	0.0	0.0	0.0	0.0	0.0	0.0	2.1400661635	0.0	0.0	0.0
0.0	0.0	0.0	0.0	0.0	0.0	0.0	0.0	0.0	3.46920211078	3.46920211078	0.0	0.0	0.0	0.0	0.0
0.0	0.0	0.0	0.0	0.0	0.0	0.0	0.0	0.0	1.73460105539	0.0	1.73460105539	0.0	0.0	0.0	0.0
0.0	0.0	0.0	0.0	0.0	0.0	0.0	0.0	0.0	0.0	0.0	0.0	0.0	0.0	2.1400661635	0.0
0.0	0.0	0.0	0.0	0.0	0.0	0.0	0.0	0.0	0.0	2.1400661635	0.0	0.0	0.0	0.0	0.0
0.0	0.0	0.0	0.0	0.0	2.1400661635	0.0	0.0	0.0	0.0	0.0	0.0	0.0	0.0	0.0	0.0
0.0	0.0	0.0	0.0	0.0	0.0	0.0	0.0	0.0	1.73460105539	0.0	1.73460105539	0.0	0.0	0.0	0.0
0.0	0.0	2.1400661635	0.0	0.0	0.0	0.0	0.0	0.0	0.0	0.0	0.0	0.0	0.0	0.0	0.0
0.0	0.0	0.0	0.0	0.0	0.0	0.0	0.0	0.0	2.1400661635	0.0	0.0	0.0	0.0	0.0	0.0
0.0	0.0	0.0	0.0	0.0	0.0	0.0	0.0	0.0	0.0	0.0	0.0	0.0	0.0	0.0	2.1400661635
0.0	0.0	2.1400661635	0.0	0.0	0.0	0.0	0.0	0.0	0.0	0.0	0.0	0.0	0.0	0.0	0.0
0.0	0.0	0.0	0.0	0.0	0.0	0.0	1.73460105539	0.0	0.0	0.0	0.0	0.0	0.0	3.46920211078	0.0
0.0	0.63598876672	0.63598876672	0.0	0.63598876672	0.63598876672	0.0	0.63598876672	0.0	1.27197753344	0.0	0.63598876672	0.0	0.63598876672	0.0	0.0
0.0	0.0	0.0	0.0	0.0	0.0	0.0	0.0	2.1400661635	0.0	0.0	0.0	0.0	0.0	0.0	0.0
0.0	0.0	0.0	0.0	0.0	0.0	0.0	0.0	0.0	0.0	0.0	0.0	0.0	0.0	4.28013232699	0.0
0.0	0.0	0.0	2.1400661635	0.0	0.0	0.0	0.0	0.0	0.0	0.0	0.0	0.0	0.0	0.0	0.0
0.0	0.0	0.0	0.0	0.0	0.0	0.0	1.22377543162	2.44755086324	0.0	0.0	0.0	2.44755086324	1.22377543162	0.0	0.0
0.0	0.0	0.0	0.0	2.1400661635	0.0	0.0	0.0	0.0	0.0	0.0	0.0	0.0	0.0	0.0	0.0
0.0	0.0	0.0	0.0	0.0	0.0	0.0	0.0	0.0	0.0	0.0	0.0	2.1400661635	0.0	0.0	0.0
0.0	0.0	0.0	0.0	0.0	2.1400661635	0.0	0.0	0.0	0.0	0.0	0.0	0.0	0.0	0.0	0.0
0.0	0.0	0.0	0.0	0.0	2.1400661635	0.0	0.0	0.0	0.0	0.0	0.0	0.0	0.0	0.0	0.0
0.0	0.0	1.73460105539	1.73460105539	0.0	0.0	0.0	0.0	0.0	0.0	0.0	0.0	0.0	0.0	0.0	0.0
0.0	1.73460105539	1.73460105539	0.0	0.0	0.0	0.0	0.0	0.0	0.0	0.0	0.0	0.0	0.0	0.0	0.0
0.0	0.0	0.0	0.0	0.0	0.0	0.0	0.0	0.0	0.0	0.0	0.0	0.0	0.0	2.1400661635	0.0
0.0	0.0	0.0	0.0	0.0	0.0	0.0	0.0	2.1400661635	0.0	0.0	0.0	0.0	0.0	0.0	0.0
0.0	0.0	0.0	0.0	0.0	0.0	0.0	0.0	1.73460105539	0.0	0.0	0.0	1.73460105539	0.0	0.0	0.0
2.1400661635	0.0	0.0	0.0	0.0	0.0	0.0	0.0	0.0	0.0	0.0	0.0	0.0	0.0	0.0	0.0
2.1400661635	0.0	0.0	0.0	0.0	0.0	0.0	0.0	0.0	0.0	0.0	0.0	0.0	0.0	0.0	0.0
0.0	0.0	2.1400661635	0.0	0.0	0.0	0.0	0.0	0.0	0.0	0.0	0.0	0.0	0.0	0.0	0.0
0.0	0.0	0.0	0.0	0.0	0.0	0.0	2.1400661635	0.0	0.0	0.0	0.0	0.0	0.0	0.0	0.0
0.0	2.1400661635	0.0	0.0	0.0	0.0	0.0	0.0	0.0	0.0	0.0	0.0	0.0	0.0	0.0	0.0
0.0	0.0	0.0	2.1400661635	0.0	0.0	0.0	0.0	0.0	0.0	0.0	0.0	0.0	0.0	0.0	0.0
0.0	0.0	0.0	0.0	0.0	0.0	0.0	0.0	0.0	2.1400661635	0.0	0.0	0.0	0.0	0.0	0.0
0.0	0.0	0.0	0.0	0.0	0.0	0.0	0.0	0.0	0.0	0.0	2.1400661635	0.0	0.0	0.0	0.0
0.0	0.0	0.0	0.0	0.0	0.0	0.0	0.0	1.44691898294	2.89383796587	0.0	1.44691898294	0.0	0.0	0.0	0.0
0.753771802376	0.0	0.0	0.0	0.0	0.0	0.0	0.753771802376	0.0	0.753771802376	0.753771802376	0.0	0.753771802376	0.753771802376	0.753771802376	0.0
0.0	0.0	0.0	0.0	0.0	0.0	0.0	2.1400661635	0.0	0.0	0.0	0.0	0.0	0.0	0.0	0.0
0.0	0.0	0.0	0.0	0.0	0.0	0.0	0.0	0.0	2.1400661635	0.0	0.0	0.0	0.0	0.0	0.0
5.78767593175	0.0	0.0	0.0	0.0	0.0	0.0	0.0	0.0	1.44691898294	0.0	2.89383796587	0.0	0.0	0.0	0.0
0.0	0.0	0.0	2.1400661635	0.0	0.0	0.0	0.0	0.0	0.0	0.0	0.0	0.0	0.0	0.0	0.0
0.0	0.0	0.0	0.0	0.0	0.0	0.0	0.0	0.0	0.0	0.0	0.0	2.1400661635	0.0	0.0	0.0
0.0	0.0	0.0	0.0	0.0	0.0	0.0	0.0	0.0	0.0	0.0	0.0	0.0	0.0	2.1400661635	0.0
0.0	0.0	0.0	0.0	0.0	2.1400661635	0.0	0.0	0.0	0.0	0.0	0.0	0.0	0.0	0.0	0.0
0.0	0.0	0.0	0.0	0.0	2.1400661635	0.0	0.0	0.0	0.0	0.0	0.0	0.0	0.0	0.0	0.0
0.0	0.0	0.0	0.0	0.0	0.0	0.0	0.0	0.0	0.0	2.1400661635	0.0	0.0	0.0	0.0	0.0
0.0	0.0	0.0	0.0	0.0	0.0	0.0	0.0	0.0	0.0	0.0	3.46920211078	0.0	0.0	1.73460105539	0.0
0.0	0.0	0.0	0.0	0.0	0.0	0.0	1.73460105539	0.0	0.0	0.0	0.0	0.0	1.73460105539	0.0	0.0
0.0	0.0	0.0	0.0	0.0	0.0	0.0	0.0	0.0	0.0	0.0	0.0	0.0	0.0	2.1400661635	0.0
0.0	0.0	0.0	0.0	0.0	2.1400661635	0.0	0.0	0.0	0.0	0.0	0.0	0.0	0.0	0.0	0.0
0.0	0.0	0.0	0.0	0.0	0.0	0.0	2.1400661635	0.0	0.0	0.0	0.0	0.0	0.0	0.0	0.0
0.0	0.0	0.0	0.0	0.0	0.0	0.0	0.0	1.73460105539	0.0	0.0	0.0	1.73460105539	0.0	0.0	0.0
0.0	2.1400661635	0.0	0.0	0.0	0.0	0.0	0.0	0.0	0.0	0.0	0.0	0.0	0.0	0.0	0.0
0.0	0.0	0.0	0.0	0.0	0.0	0.0	0.0	0.0	0.0	0.0	0.0	2.1400661635	0.0	0.0	0.0
2.1400661635	0.0	0.0	0.0	0.0	0.0	0.0	0.0	0.0	0.0	0.0	0.0	0.0	0.0	0.0	0.0
0.0	0.0	0.0	0.0	0.0	0.0	0.0	0.0	1.73460105539	0.0	0.0	0.0	1.73460105539	0.0	0.0	0.0
0.0	0.0	0.0	0.0	0.0	0.0	0.0	2.1400661635	0.0	0.0	0.0	0.0	0.0	0.0	0.0	0.0
1.04145387483	0.0	0.0	0.0	0.0	0.0	0.0	0.0	4.16581549931	5.20726937414	0.0	5.20726937414	2.08290774966	0.0	0.0	0.0
0.0	0.0	0.0	0.0	0.0	0.0	0.0	0.0	0.0	0.0	2.1400661635	0.0	0.0	0.0	0.0	0.0
0.0	0.0	0.0	0.0	2.1400661635	0.0	0.0	0.0	0.0	0.0	0.0	0.0	0.0	0.0	0.0	0.0
0.0	0.0	0.0	0.0	0.0	0.0	0.0	1.44691898294	0.0	0.0	1.44691898294	0.0	0.0	1.44691898294	0.0	0.0
0.0	4.28013232699	0.0	0.0	0.0	0.0	0.0	0.0	0.0	0.0	0.0	0.0	0.0	0.0	0.0	0.0
1.22377543162	0.0	0.0	0.0	0.0	0.0	0.0	0.0	1.22377543162	0.0	1.22377543162	0.0	1.22377543162	0.0	0.0	0.0
0.0	0.0	0.0	0.0	0.0	0.0	0.0	0.0	0.0	0.0	0.0	0.0	0.0	0.0	2.1400661635	0.0
0.0	0.0	0.0	0.0	0.0	2.1400661635	0.0	0.0	0.0	0.0	0.0	0.0	0.0	0.0	0.0	0.0
0.0	0.0	0.0	0.0	0.0	0.0	0.0	0.0	0.0	3.46920211078	0.0	1.73460105539	0.0	0.0	0.0	0.0
2.1400661635	0.0	0.0	0.0	0.0	0.0	0.0	0.0	0.0	0.0	0.0	0.0	0.0	0.0	0.0	0.0
0.0	0.0	0.0	0.0	0.0	0.0	0.0	0.0	0.0	2.1400661635	0.0	0.0	0.0	0.0	0.0	0.0
0.0	0.0	0.0	0.0	0.0	2.1400661635	0.0	0.0	0.0	0.0	0.0	0.0	0.0	0.0	0.0	0.0
0.0	0.0	0.0	0.0	0.0	0.0	0.0	0.0	0.0	2.1400661635	0.0	0.0	0.0	0.0	0.0	0.0
0.0	0.0	1.73460105539	0.0	0.0	1.73460105539	0.0	0.0	0.0	0.0	0.0	0.0	0.0	0.0	0.0	0.0
0.0	0.0	0.0	0.0	0.0	0.0	0.0	1.73460105539	0.0	0.0	0.0	0.0	0.0	1.73460105539	0.0	0.0
0.0	0.0	0.0	1.44691898294	0.0	2.89383796587	0.0	0.0	0.0	0.0	0.0	1.44691898294	0.0	0.0	0.0	0.0
0.0	0.0	0.0	0.0	0.0	0.0	0.0	2.1400661635	0.0	0.0	0.0	0.0	0.0	0.0	0.0	0.0
1.22377543162	0.0	0.0	0.0	0.0	0.0	0.0	1.22377543162	0.0	1.22377543162	0.0	0.0	0.0	1.22377543162	0.0	0.0
0.0	0.0	0.0	0.0	0.0	0.0	0.0	1.73460105539	0.0	0.0	0.0	0.0	0.0	1.73460105539	0.0	0.0
0.0	0.0	0.0	0.0	0.0	0.0	0.0	0.0	0.0	2.1400661635	0.0	0.0	0.0	0.0	0.0	0.0
0.0	0.0	0.0	0.0	0.0	2.1400661635	0.0	0.0	0.0	0.0	0.0	0.0	0.0	0.0	0.0	0.0
0.0	0.0	0.0	0.0	0.0	0.0	0.0	0.0	0.0	0.0	1.73460105539	0.0	3.46920211078	0.0	0.0	0.0
0.0	2.1400661635	0.0	0.0	0.0	0.0	0.0	0.0	0.0	0.0	0.0	0.0	0.0	0.0	0.0	0.0
0.0	0.0	0.0	0.0	0.0	0.0	0.0	0.0	0.0	0.0	2.1400661635	0.0	0.0	0.0	0.0	0.0
0.0	2.1400661635	0.0	0.0	0.0	0.0	0.0	0.0	0.0	0.0	0.0	0.0	0.0	0.0	0.0	0.0
0.0	0.0	0.0	0.0	0.0	0.0	1.22377543162	1.22377543162	0.0	0.0	0.0	0.0	1.22377543162	0.0	1.22377543162	0.0
6.42019849049	0.0	0.0	0.0	0.0	0.0	0.0	0.0	0.0	0.0	0.0	0.0	0.0	0.0	0.0	0.0
0.0	0.0	0.0	0.0	0.0	0.0	0.0	0.0	0.0	0.0	0.0	0.0	0.0	0.0	2.1400661635	0.0
4.28013232699	0.0	0.0	0.0	0.0	0.0	0.0	0.0	0.0	0.0	0.0	0.0	0.0	0.0	0.0	0.0
0.0	0.0	1.22377543162	0.0	0.0	1.22377543162	0.0	0.0	0.0	1.22377543162	0.0	0.0	1.22377543162	0.0	0.0	0.0
0.0	2.1400661635	0.0	0.0	0.0	0.0	0.0	0.0	0.0	0.0	0.0	0.0	0.0	0.0	0.0	0.0
0.0	0.0	0.0	0.0	0.0	0.0	0.0	0.0	0.0	0.0	2.1400661635	0.0	0.0	0.0	0.0	0.0
0.0	0.0	0.0	0.0	0.0	0.0	0.0	0.0	0.0	2.1400661635	0.0	0.0	0.0	0.0	0.0	0.0
0.0	0.0	0.0	0.0	0.0	0.0	0.0	0.0	0.0	0.0	0.0	0.0	0.0	0.0	2.1400661635	0.0
0.0	0.0	0.0	0.0	0.0	0.0	0.0	0.0	0.0	0.0	2.1400661635	0.0	0.0	0.0	0.0	0.0
0.0	0.0	1.22377543162	0.0	0.0	1.22377543162	0.0	0.0	0.0	0.0	1.22377543162	0.0	0.0	0.0	1.22377543162	0.0
0.0	0.0	0.0	0.0	0.0	0.0	0.0	0.0	0.0	0.0	0.0	0.0	0.0	0.0	2.1400661635	0.0
4.28013232699	0.0	0.0	0.0	0.0	0.0	0.0	0.0	0.0	0.0	0.0	0.0	0.0	0.0	0.0	0.0
0.0	0.0	0.0	0.0	0.0	0.0	0.0	0.0	0.0	0.0	0.0	0.0	0.0	0.0	2.1400661635	0.0
0.0	1.73460105539	0.0	0.0	0.0	0.0	0.0	0.0	0.0	0.0	0.0	0.0	0.0	0.0	0.0	1.73460105539
0.0	0.0	0.0	0.0	0.0	0.0	0.0	1.73460105539	0.0	0.0	0.0	0.0	0.0	0.0	1.73460105539	0.0
0.0	0.0	0.0	0.0	0.0	0.0	0.0	5.20380316616	0.0	0.0	0.0	0.0	0.0	3.46920211078	0.0	0.0
0.0	2.1400661635	0.0	0.0	0.0	0.0	0.0	0.0	0.0	0.0	0.0	0.0	0.0	0.0	0.0	0.0
0.0	0.0	0.0	0.0	0.0	0.0	0.0	0.0	1.73460105539	0.0	0.0	0.0	1.73460105539	0.0	0.0	0.0
0.0	0.0	0.0	0.0	0.0	0.0	0.0	5.20380316616	0.0	0.0	0.0	0.0	0.0	3.46920211078	0.0	0.0
1.22377543162	0.0	0.0	0.0	0.0	0.0	0.0	1.22377543162	0.0	0.0	6.11887715811	0.0	2.44755086324	0.0	0.0	0.0
0.0	0.0	0.0	0.0	0.0	0.0	0.0	0.0	0.0	2.1400661635	0.0	0.0	0.0	0.0	0.0	0.0
0.0	0.0	0.0	0.0	0.0	0.0	0.0	0.0	1.73460105539	0.0	0.0	0.0	3.46920211078	0.0	0.0	0.0
0.0	0.0	0.0	0.0	0.0	0.0	0.0	0.0	0.0	0.0	0.0	2.1400661635	0.0	0.0	0.0	0.0
0.0	0.0	0.0	0.0	0.0	0.0	0.0	0.0	0.0	1.73460105539	0.0	0.0	0.0	0.0	1.73460105539	0.0
0.0	0.0	0.0	0.0	0.0	0.0	0.0	0.0	0.0	0.0	0.0	0.0	2.1400661635	0.0	0.0	0.0
0.0	2.1400661635	0.0	0.0	0.0	0.0	0.0	0.0	0.0	0.0	0.0	0.0	0.0	0.0	0.0	0.0
0.0	0.0	0.0	0.0	2.1400661635	0.0	0.0	0.0	0.0	0.0	0.0	0.0	0.0	0.0	0.0	0.0
0.0	0.0	0.0	0.0	0.0	0.0	0.0	1.22377543162	1.22377543162	0.0	0.0	0.0	1.22377543162	1.22377543162	0.0	0.0
0.0	0.0	0.0	0.0	0.0	0.0	0.0	0.0	1.73460105539	0.0	0.0	0.0	1.73460105539	0.0	0.0	0.0
2.1400661635	0.0	0.0	0.0	0.0	0.0	0.0	0.0	0.0	0.0	0.0	0.0	0.0	0.0	0.0	0.0
0.0	0.0	2.1400661635	0.0	0.0	0.0	0.0	0.0	0.0	0.0	0.0	0.0	0.0	0.0	0.0	0.0
0.0	0.0	0.0	0.0	0.0	2.1400661635	0.0	0.0	0.0	0.0	0.0	0.0	0.0	0.0	0.0	0.0
0.0	0.0	0.0	0.0	0.0	0.0	0.0	5.20380316616	0.0	0.0	0.0	0.0	0.0	5.20380316616	0.0	0.0
0.0	0.0	0.0	0.0	0.0	0.0	0.0	0.0	0.0	2.1400661635	0.0	0.0	0.0	0.0	0.0	0.0
0.0	0.0	0.0	1.73460105539	0.0	0.0	1.73460105539	0.0	0.0	0.0	0.0	0.0	0.0	0.0	0.0	0.0
0.0	0.0	0.0	2.1400661635	0.0	0.0	0.0	0.0	0.0	0.0	0.0	0.0	0.0	0.0	0.0	0.0
0.0	0.0	0.0	0.0	0.0	0.0	0.0	0.0	0.0	0.0	0.0	0.0	2.1400661635	0.0	0.0	0.0
0.0	0.0	0.0	0.0	0.0	0.0	2.1400661635	0.0	0.0	0.0	0.0	0.0	0.0	0.0	0.0	0.0
0.0	0.0	0.0	0.0	0.0	2.1400661635	0.0	0.0	0.0	0.0	0.0	0.0	0.0	0.0	0.0	0.0
0.0	1.22377543162	1.22377543162	1.22377543162	1.22377543162	0.0	0.0	0.0	0.0	0.0	0.0	0.0	0.0	0.0	0.0	0.0
0.0	0.0	0.0	0.0	0.0	0.0	0.0	0.0	0.0	0.0	2.1400661635	0.0	0.0	0.0	0.0	0.0
0.0	0.0	0.0	0.0	0.0	0.0	0.0	0.0	0.0	0.0	0.0	0.0	2.1400661635	0.0	0.0	0.0
0.0	0.0	0.0	0.0	0.0	0.0	0.0	0.0	0.0	0.0	0.0	0.0	0.0	0.0	4.28013232699	0.0
0.0	0.0	0.0	0.0	0.0	0.0	0.0	0.0	0.0	0.0	0.0	2.1400661635	0.0	0.0	0.0	0.0
0.0	0.0	0.0	0.0	0.0	0.0	0.0	0.0	0.0	0.0	0.0	0.0	0.0	0.0	0.0	2.1400661635
0.0	0.0	0.0	0.0	0.0	0.0	0.0	0.0	0.0	0.0	0.0	0.0	0.0	0.0	0.0	2.1400661635
0.0	0.0	0.0	0.0	0.0	0.0	2.1400661635	0.0	0.0	0.0	0.0	0.0	0.0	0.0	0.0	0.0
0.0	0.0	1.73460105539	0.0	0.0	0.0	0.0	0.0	0.0	0.0	1.73460105539	0.0	0.0	0.0	0.0	0.0
0.0	0.0	0.0	0.0	0.0	0.0	0.0	0.0	0.0	0.0	0.0	2.1400661635	0.0	0.0	0.0	0.0
0.0	0.0	1.73460105539	0.0	0.0	1.73460105539	0.0	0.0	0.0	0.0	0.0	0.0	0.0	0.0	0.0	0.0
0.0	0.0	2.1400661635	0.0	0.0	0.0	0.0	0.0	0.0	0.0	0.0	0.0	0.0	0.0	0.0	0.0
0.0	0.0	0.0	0.0	0.0	0.0	0.0	0.0	0.0	0.0	0.0	0.0	0.0	0.0	0.0	2.1400661635
0.0	1.73460105539	0.0	0.0	0.0	0.0	0.0	0.0	0.0	0.0	0.0	0.0	0.0	0.0	0.0	1.73460105539
0.0	0.0	0.0	0.0	0.0	0.0	0.0	0.0	0.0	0.0	4.28013232699	0.0	0.0	0.0	0.0	0.0
2.1400661635	0.0	0.0	0.0	0.0	0.0	0.0	0.0	0.0	0.0	0.0	0.0	0.0	0.0	0.0	0.0
0.0	0.0	0.0	0.0	0.0	0.0	0.0	0.0	0.0	0.0	0.0	0.0	0.0	0.0	0.0	4.28013232699
0.0	0.0	0.0	0.0	2.1400661635	0.0	0.0	0.0	0.0	0.0	0.0	0.0	0.0	0.0	0.0	0.0
0.0	0.0	0.0	0.0	0.0	0.0	0.0	10.1284328806	0.0	1.44691898294	0.0	0.0	0.0	8.68151389762	0.0	0.0
0.0	0.0	1.73460105539	0.0	0.0	0.0	1.73460105539	0.0	0.0	0.0	0.0	0.0	0.0	0.0	0.0	0.0
0.0	0.0	0.0	0.0	0.0	0.0	0.0	1.22377543162	2.44755086324	0.0	0.0	0.0	1.22377543162	1.22377543162	0.0	0.0
0.0	0.0	0.0	0.0	0.0	0.0	2.1400661635	0.0	0.0	0.0	0.0	0.0	0.0	0.0	0.0	0.0
0.0	0.0	0.0	0.0	1.73460105539	0.0	1.73460105539	0.0	0.0	0.0	0.0	0.0	0.0	0.0	0.0	0.0
0.0	2.1400661635	0.0	0.0	0.0	0.0	0.0	0.0	0.0	0.0	0.0	0.0	0.0	0.0	0.0	0.0
0.0	0.0	0.0	0.0	0.0	0.0	0.0	0.0	0.0	1.73460105539	1.73460105539	0.0	0.0	0.0	0.0	0.0
0.0	0.0	2.1400661635	0.0	0.0	0.0	0.0	0.0	0.0	0.0	0.0	0.0	0.0	0.0	0.0	0.0
0.0	0.0	0.0	0.0	0.0	0.0	0.0	0.0	1.73460105539	0.0	0.0	0.0	1.73460105539	0.0	0.0	0.0
0.0	2.1400661635	0.0	0.0	0.0	0.0	0.0	0.0	0.0	0.0	0.0	0.0	0.0	0.0	0.0	0.0
0.0	0.0	0.0	0.0	0.0	0.0	0.0	0.0	0.0	0.0	0.0	2.1400661635	0.0	0.0	0.0	0.0
0.0	0.0	0.0	0.0	0.0	0.0	2.1400661635	0.0	0.0	0.0	0.0	0.0	0.0	0.0	0.0	0.0
0.0	0.0	0.0	0.0	0.0	1.73460105539	0.0	0.0	0.0	0.0	1.73460105539	0.0	0.0	0.0	0.0	0.0
0.0	0.0	1.73460105539	0.0	0.0	0.0	1.73460105539	0.0	0.0	0.0	0.0	0.0	0.0	0.0	0.0	0.0
0.0	0.0	0.0	0.0	0.0	0.0	2.1400661635	0.0	0.0	0.0	0.0	0.0	0.0	0.0	0.0	0.0
0.0	0.0	0.0	0.0	2.1400661635	0.0	0.0	0.0	0.0	0.0	0.0	0.0	0.0	0.0	0.0	0.0
0.0	0.0	0.0	0.0	0.0	0.0	0.0	0.0	0.0	0.0	0.0	0.0	0.0	1.73460105539	1.73460105539	0.0
0.0	0.0	0.0	0.0	0.0	0.0	1.73460105539	0.0	0.0	0.0	0.0	0.0	0.0	0.0	0.0	1.73460105539
0.0	0.0	0.0	0.0	1.73460105539	0.0	0.0	0.0	0.0	0.0	1.73460105539	0.0	0.0	0.0	0.0	0.0
2.1400661635	0.0	0.0	0.0	0.0	0.0	0.0	0.0	0.0	0.0	0.0	0.0	0.0	0.0	0.0	0.0
0.0	1.44691898294	0.0	0.0	0.0	0.0	0.0	0.0	1.44691898294	0.0	0.0	0.0	1.44691898294	0.0	0.0	0.0
0.0	0.0	0.0	0.0	0.0	0.0	0.0	0.0	0.0	0.0	0.0	4.28013232699	0.0	0.0	0.0	0.0
0.0	0.0	0.0	0.0	0.0	0.0	0.0	0.0	0.0	0.0	2.1400661635	0.0	0.0	0.0	0.0	0.0
6.42019849049	0.0	0.0	0.0	0.0	0.0	0.0	0.0	0.0	0.0	0.0	0.0	0.0	0.0	0.0	0.0
0.0	0.0	0.0	0.0	0.0	0.0	0.0	3.46920211078	0.0	0.0	0.0	0.0	0.0	3.46920211078	0.0	0.0
0.0	0.0	0.0	0.0	0.0	0.0	0.0	2.1400661635	0.0	0.0	0.0	0.0	0.0	0.0	0.0	0.0
0.0	0.0	0.0	0.0	0.0	0.0	0.0	1.22377543162	1.22377543162	0.0	0.0	0.0	1.22377543162	1.22377543162	0.0	0.0
0.0	0.0	2.1400661635	0.0	0.0	0.0	0.0	0.0	0.0	0.0	0.0	0.0	0.0	0.0	0.0	0.0
0.0	0.0	0.0	0.0	0.0	0.0	0.0	0.0	0.0	0.0	0.0	0.0	0.0	0.0	2.1400661635	0.0
0.0	0.0	0.0	0.0	0.0	0.0	0.0	0.0	0.0	2.1400661635	0.0	0.0	0.0	0.0	0.0	0.0
0.0	0.0	1.44691898294	0.0	0.0	1.44691898294	0.0	0.0	0.0	0.0	0.0	0.0	0.0	0.0	1.44691898294	0.0
0.0	0.0	0.0	0.0	0.0	0.0	0.0	0.0	0.0	0.0	0.0	0.0	0.0	2.1400661635	0.0	0.0
2.1400661635	0.0	0.0	0.0	0.0	0.0	0.0	0.0	0.0	0.0	0.0	0.0	0.0	0.0	0.0	0.0
0.0	0.0	0.0	1.22377543162	0.0	0.0	1.22377543162	0.0	1.22377543162	0.0	0.0	0.0	1.22377543162	0.0	0.0	0.0
0.0	0.0	1.73460105539	0.0	0.0	1.73460105539	0.0	0.0	0.0	0.0	0.0	0.0	0.0	0.0	0.0	0.0
0.0	0.0	0.0	0.0	0.0	2.1400661635	0.0	0.0	0.0	0.0	0.0	0.0	0.0	0.0	0.0	0.0
0.0	0.0	0.0	0.0	0.0	0.0	0.0	0.0	0.0	0.0	2.1400661635	0.0	0.0	0.0	0.0	0.0
0.0	0.0	0.0	0.0	0.0	0.0	0.0	0.0	2.1400661635	0.0	0.0	0.0	0.0	0.0	0.0	0.0
0.0	0.0	0.0	0.0	1.44691898294	0.0	0.0	1.44691898294	0.0	0.0	0.0	0.0	0.0	1.44691898294	0.0	0.0
0.0	1.73460105539	0.0	0.0	1.73460105539	0.0	0.0	0.0	0.0	0.0	0.0	0.0	0.0	0.0	0.0	0.0
4.28013232699	0.0	0.0	0.0	0.0	0.0	0.0	0.0	0.0	0.0	0.0	0.0	0.0	0.0	0.0	0.0
0.0	0.0	0.0	0.0	0.0	0.0	0.0	0.0	0.0	0.0	0.0	0.0	0.0	0.0	2.1400661635	0.0
0.0	0.0	0.0	0.0	0.0	0.0	0.0	0.0	0.0	0.0	0.0	0.0	0.0	0.0	2.1400661635	0.0
0.0	0.0	0.0	0.0	0.0	0.0	0.0	0.0	3.67132629487	0.0	2.44755086324	3.67132629487	3.67132629487	0.0	0.0	0.0
0.0	0.0	2.1400661635	0.0	0.0	0.0	0.0	0.0	0.0	0.0	0.0	0.0	0.0	0.0	0.0	0.0
0.0	0.0	2.1400661635	0.0	0.0	0.0	0.0	0.0	0.0	0.0	0.0	0.0	0.0	0.0	0.0	0.0
2.1400661635	0.0	0.0	0.0	0.0	0.0	0.0	0.0	0.0	0.0	0.0	0.0	0.0	0.0	0.0	0.0
0.0	0.0	2.1400661635	0.0	0.0	0.0	0.0	0.0	0.0	0.0	0.0	0.0	0.0	0.0	0.0	0.0
0.0	0.0	0.0	0.0	0.0	0.0	0.0	2.1400661635	0.0	0.0	0.0	0.0	0.0	0.0	0.0	0.0
0.0	2.1400661635	0.0	0.0	0.0	0.0	0.0	0.0	0.0	0.0	0.0	0.0	0.0	0.0	0.0	0.0
0.0	0.0	0.0	0.0	0.0	0.0	0.0	0.0	2.1400661635	0.0	0.0	0.0	0.0	0.0	0.0	0.0
0.0	0.0	0.0	0.0	0.0	0.0	0.0	0.0	1.73460105539	0.0	0.0	0.0	1.73460105539	0.0	0.0	0.0
1.73460105539	0.0	0.0	1.73460105539	0.0	0.0	0.0	0.0	0.0	0.0	0.0	0.0	0.0	0.0	0.0	0.0
0.0	0.0	0.0	0.0	0.0	0.0	0.0	0.0	0.0	0.0	2.1400661635	0.0	0.0	0.0	0.0	0.0
0.0	0.0	0.0	0.0	0.0	0.0	0.0	0.0	0.0	0.0	0.0	0.0	0.0	0.0	2.1400661635	0.0
0.0	0.0	0.0	0.0	0.0	0.0	0.0	0.0	0.0	0.0	0.0	0.0	0.0	0.0	0.0	6.42019849049
0.0	0.0	0.0	0.0	0.0	0.0	0.0	0.0	2.89383796587	1.44691898294	0.0	1.44691898294	0.0	0.0	0.0	0.0
0.0	0.0	2.1400661635	0.0	0.0	0.0	0.0	0.0	0.0	0.0	0.0	0.0	0.0	0.0	0.0	0.0
0.0	0.0	0.0	0.0	0.0	0.0	0.0	0.0	0.0	0.0	0.0	0.0	0.0	0.0	0.0	2.1400661635
1.44691898294	0.0	0.0	0.0	0.0	0.0	0.0	1.44691898294	0.0	0.0	0.0	0.0	0.0	2.89383796587	0.0	0.0
0.0	0.0	0.0	0.0	0.0	0.0	0.0	0.0	0.0	0.0	2.1400661635	0.0	0.0	0.0	0.0	0.0
0.0	0.0	0.0	0.0	0.0	0.0	0.0	0.0	0.0	0.0	0.0	0.0	0.0	0.0	2.1400661635	0.0
0.0	0.0	0.0	0.0	0.0	0.0	0.0	0.0	0.0	2.1400661635	0.0	0.0	0.0	0.0	0.0	0.0
0.0	0.0	0.0	0.0	0.0	0.0	0.0	1.44691898294	1.44691898294	0.0	0.0	0.0	1.44691898294	0.0	0.0	0.0
0.0	0.0	0.0	0.0	0.0	0.0	0.0	0.0	0.0	0.0	0.0	0.0	0.0	0.0	2.1400661635	0.0
0.0	0.0	0.0	0.0	0.0	0.0	0.0	0.0	0.0	0.0	0.0	0.0	0.0	0.0	0.0	2.1400661635
0.0	0.0	0.0	0.0	0.0	2.1400661635	0.0	0.0	0.0	0.0	0.0	0.0	0.0	0.0	0.0	0.0
0.0	0.0	0.0	0.0	0.0	0.0	0.0	3.67132629487	0.0	2.44755086324	2.44755086324	0.0	0.0	1.22377543162	0.0	0.0
0.0	0.0	0.0	0.0	0.0	0.0	0.0	4.34075694881	0.0	0.0	2.89383796587	0.0	0.0	2.89383796587	0.0	0.0
0.0	0.0	1.22377543162	0.0	0.0	1.22377543162	0.0	0.0	0.0	1.22377543162	0.0	1.22377543162	0.0	0.0	0.0	0.0
0.887303195001	0.0	0.0	0.0	0.0	0.887303195001	0.0	0.0	0.887303195001	0.0	0.0	0.887303195001	0.887303195001	0.887303195001	0.0	0.0
0.0	0.0	0.0	0.0	0.0	0.0	0.0	0.0	0.0	2.1400661635	0.0	0.0	0.0	0.0	0.0	0.0
0.0	0.0	1.73460105539	0.0	0.0	1.73460105539	0.0	0.0	0.0	0.0	0.0	0.0	0.0	0.0	0.0	0.0
0.0	0.0	0.0	0.0	0.0	0.0	0.0	0.0	1.73460105539	0.0	0.0	0.0	1.73460105539	0.0	0.0	0.0
0.0	0.0	0.0	0.0	0.0	0.0	0.0	0.0	2.1400661635	0.0	0.0	0.0	0.0	0.0	0.0	0.0
0.0	0.0	0.0	0.0	2.1400661635	0.0	0.0	0.0	0.0	0.0	0.0	0.0	0.0	0.0	0.0	0.0
0.0	0.0	0.0	0.0	0.0	0.0	0.0	0.0	0.0	0.0	0.0	0.0	0.0	0.0	2.1400661635	0.0
0.0	0.0	0.0	0.0	0.0	0.0	0.0	0.0	0.0	2.1400661635	0.0	0.0	0.0	0.0	0.0	0.0
0.0	0.0	0.0	0.0	2.1400661635	0.0	0.0	0.0	0.0	0.0	0.0	0.0	0.0	0.0	0.0	0.0
0.0	0.0	0.0	0.0	0.0	0.0	0.0	0.0	0.0	0.0	0.0	0.0	0.0	0.0	2.1400661635	0.0
0.0	0.0	0.0	0.0	0.0	2.1400661635	0.0	0.0	0.0	0.0	0.0	0.0	0.0	0.0	0.0	0.0
0.0	0.0	0.0	0.0	0.0	0.0	0.0	0.0	0.0	0.0	0.0	0.0	0.0	0.0	2.1400661635	0.0
0.0	0.0	0.0	2.1400661635	0.0	0.0	0.0	0.0	0.0	0.0	0.0	0.0	0.0	0.0	0.0	0.0
0.0	0.0	0.0	0.0	0.0	0.0	0.0	0.0	0.0	0.0	0.0	0.0	0.0	0.0	0.0	4.28013232699
0.0	0.0	0.0	0.0	0.0	0.0	0.0	0.0	0.0	0.0	0.0	0.0	0.0	2.1400661635	0.0	0.0
0.0	0.0	0.0	0.0	0.0	0.0	0.0	0.0	0.0	3.46920211078	10.4076063323	0.0	0.0	0.0	0.0	0.0
0.0	0.0	0.0	0.0	0.0	0.0	1.44691898294	0.0	0.0	2.89383796587	2.89383796587	0.0	0.0	0.0	0.0	0.0
0.0	0.0	0.0	0.0	0.0	0.0	0.0	0.0	0.0	0.0	0.0	0.0	0.0	0.0	2.1400661635	0.0
0.0	0.0	0.0	0.0	0.0	0.0	0.0	0.0	0.0	0.0	0.0	0.0	0.0	0.0	2.1400661635	0.0
0.0	0.0	0.0	2.1400661635	0.0	0.0	0.0	0.0	0.0	0.0	0.0	0.0	0.0	0.0	0.0	0.0
0.0	0.0	0.0	0.0	0.0	2.1400661635	0.0	0.0	0.0	0.0	0.0	0.0	0.0	0.0	0.0	0.0
0.0	0.0	0.0	2.1400661635	0.0	0.0	0.0	0.0	0.0	0.0	0.0	0.0	0.0	0.0	0.0	0.0
0.0	0.0	0.0	0.0	0.0	0.0	0.0	0.0	0.0	0.0	0.0	0.0	0.0	0.0	4.28013232699	0.0
0.0	0.0	0.0	0.0	0.0	0.0	0.0	0.0	0.0	0.0	2.1400661635	0.0	0.0	0.0	0.0	0.0
0.0	0.0	0.0	0.0	0.0	0.0	0.0	0.0	0.0	2.1400661635	0.0	0.0	0.0	0.0	0.0	0.0
0.0	0.0	0.0	0.0	0.0	0.0	0.0	0.0	0.0	2.1400661635	0.0	0.0	0.0	0.0	0.0	0.0
0.0	0.0	0.0	0.0	0.0	0.0	0.0	0.0	1.73460105539	0.0	0.0	0.0	1.73460105539	0.0	0.0	0.0
0.0	0.0	0.0	0.0	0.0	0.0	0.0	2.89383796587	0.0	0.0	0.0	1.44691898294	0.0	2.89383796587	0.0	0.0
0.0	0.0	0.0	0.0	0.0	0.0	0.0	0.0	1.44691898294	0.0	0.0	0.0	1.44691898294	1.44691898294	0.0	0.0
0.0	0.0	0.0	0.0	0.0	0.0	0.0	0.0	0.0	0.0	0.0	2.1400661635	0.0	0.0	0.0	0.0
0.0	0.0	0.0	0.0	0.0	0.0	0.0	0.0	0.0	0.0	0.0	0.0	0.0	0.0	12.840396981	0.0
0.0	0.0	0.0	0.0	0.0	0.0	0.0	0.0	2.1400661635	0.0	0.0	0.0	0.0	0.0	0.0	0.0
0.0	0.0	0.0	0.0	0.0	0.0	0.0	0.0	2.1400661635	0.0	0.0	0.0	0.0	0.0	0.0	0.0
0.0	0.0	0.0	2.1400661635	0.0	0.0	0.0	0.0	0.0	0.0	0.0	0.0	0.0	0.0	0.0	0.0
0.0	0.0	1.73460105539	0.0	0.0	3.46920211078	0.0	0.0	0.0	0.0	0.0	0.0	0.0	0.0	0.0	0.0
0.0	0.0	0.0	0.0	0.0	0.0	0.0	0.0	0.0	0.0	0.0	0.0	2.1400661635	0.0	0.0	0.0
0.0	2.1400661635	0.0	0.0	0.0	0.0	0.0	0.0	0.0	0.0	0.0	0.0	0.0	0.0	0.0	0.0
0.0	0.0	0.0	0.0	0.0	0.0	0.0	0.0	0.0	0.0	0.0	0.0	0.0	0.0	2.1400661635	0.0
4.28013232699	0.0	0.0	0.0	0.0	0.0	0.0	0.0	0.0	0.0	0.0	0.0	0.0	0.0	0.0	0.0
0.0	0.0	0.0	0.0	0.0	0.0	0.0	0.0	0.0	0.0	2.1400661635	0.0	0.0	0.0	0.0	0.0
0.0	0.0	0.0	1.73460105539	0.0	1.73460105539	0.0	0.0	0.0	0.0	0.0	0.0	0.0	0.0	0.0	0.0
0.0	0.0	0.0	0.0	0.0	0.0	0.0	0.0	0.0	2.1400661635	0.0	0.0	0.0	0.0	0.0	0.0
2.1400661635	0.0	0.0	0.0	0.0	0.0	0.0	0.0	0.0	0.0	0.0	0.0	0.0	0.0	0.0	0.0
0.0	0.0	0.0	0.0	0.0	0.0	0.0	0.0	0.0	0.0	0.0	2.1400661635	0.0	0.0	0.0	0.0
0.0	0.0	0.0	0.0	0.0	2.1400661635	0.0	0.0	0.0	0.0	0.0	0.0	0.0	0.0	0.0	0.0
0.0	0.0	0.0	0.0	0.0	0.0	0.0	1.73460105539	0.0	0.0	0.0	0.0	0.0	1.73460105539	0.0	0.0
0.0	0.0	0.0	0.0	0.0	0.0	0.0	0.0	0.0	0.0	0.0	0.0	0.0	0.0	4.28013232699	0.0
0.0	0.0	0.0	0.0	0.0	0.0	0.0	0.0	0.0	1.73460105539	0.0	1.73460105539	0.0	0.0	0.0	0.0
0.0	0.0	2.1400661635	0.0	0.0	0.0	0.0	0.0	0.0	0.0	0.0	0.0	0.0	0.0	0.0	0.0
0.0	0.0	0.0	0.0	0.0	1.73460105539	1.73460105539	0.0	0.0	0.0	0.0	0.0	0.0	0.0	0.0	0.0
0.0	0.0	0.0	0.0	0.0	0.0	0.0	0.0	0.0	2.1400661635	0.0	0.0	0.0	0.0	0.0	0.0
0.0	0.0	0.0	0.0	2.1400661635	0.0	0.0	0.0	0.0	0.0	0.0	0.0	0.0	0.0	0.0	0.0
0.0	0.0	0.0	0.0	0.0	0.0	0.0	0.0	0.0	2.1400661635	0.0	0.0	0.0	0.0	0.0	0.0
0.0	0.0	2.1400661635	0.0	0.0	0.0	0.0	0.0	0.0	0.0	0.0	0.0	0.0	0.0	0.0	0.0
0.0	0.0	0.0	0.0	0.0	0.0	0.0	0.0	0.0	0.0	2.1400661635	0.0	0.0	0.0	0.0	0.0
0.0	1.44691898294	0.0	0.0	0.0	0.0	0.0	1.44691898294	0.0	0.0	0.0	1.44691898294	0.0	0.0	0.0	0.0
0.0	0.0	1.22377543162	0.0	0.0	1.22377543162	0.0	0.0	1.22377543162	0.0	0.0	0.0	1.22377543162	0.0	0.0	0.0
0.0	0.0	12.1422073877	0.0	0.0	13.8768084431	0.0	0.0	0.0	0.0	0.0	0.0	0.0	0.0	0.0	0.0
0.0	0.0	0.0	0.0	0.0	0.0	0.0	0.0	0.0	0.0	0.0	0.0	0.0	0.0	2.1400661635	0.0
0.0	0.0	0.0	0.0	0.0	0.0	0.0	0.0	0.0	1.73460105539	0.0	0.0	0.0	0.0	0.0	1.73460105539
4.28013232699	0.0	0.0	0.0	0.0	0.0	0.0	0.0	0.0	0.0	0.0	0.0	0.0	0.0	0.0	0.0
4.28013232699	0.0	0.0	0.0	0.0	0.0	0.0	0.0	0.0	0.0	0.0	0.0	0.0	0.0	0.0	0.0
1.04145387483	0.0	1.04145387483	0.0	0.0	0.0	0.0	0.0	3.12436162448	0.0	0.0	2.08290774966	2.08290774966	0.0	0.0	0.0
0.0	0.0	0.0	0.0	0.0	0.0	0.0	0.0	0.0	2.1400661635	0.0	0.0	0.0	0.0	0.0	0.0
0.0	0.0	0.0	0.0	0.0	0.0	0.0	0.0	0.0	0.0	0.0	0.0	2.1400661635	0.0	0.0	0.0
0.530628251062	0.0	0.0	0.0	0.0	0.0	0.0	1.06125650212	1.06125650212	1.59188475319	2.12251300425	1.06125650212	1.59188475319	0.530628251062	2.65314125531	0.0
0.0	0.0	0.0	0.0	0.0	0.0	0.0	0.0	0.0	0.0	0.0	0.0	0.0	0.0	2.1400661635	0.0
8.67300527694	0.0	0.0	0.0	0.0	0.0	0.0	0.0	0.0	0.0	0.0	0.0	0.0	0.0	6.93840422155	0.0
0.0	0.0	0.0	0.0	0.0	0.0	0.0	0.0	0.0	0.0	0.0	0.0	0.0	0.0	0.0	2.1400661635
0.0	0.0	0.0	0.0	0.0	0.0	0.0	0.0	0.0	0.0	0.0	0.0	1.73460105539	0.0	1.73460105539	0.0
0.0	0.0	0.0	0.0	0.0	0.0	0.0	0.0	0.0	0.0	0.0	0.0	0.0	0.0	2.1400661635	0.0
0.0	0.0	0.0	0.0	2.1400661635	0.0	0.0	0.0	0.0	0.0	0.0	0.0	0.0	0.0	0.0	0.0
0.0	0.0	0.0	0.0	0.0	0.0	0.0	0.0	0.0	0.0	2.1400661635	0.0	0.0	0.0	0.0	0.0
0.0	0.0	0.0	0.0	0.0	0.0	0.0	0.0	0.0	1.73460105539	0.0	1.73460105539	0.0	0.0	0.0	0.0
0.0	0.0	0.0	2.1400661635	0.0	0.0	0.0	0.0	0.0	0.0	0.0	0.0	0.0	0.0	0.0	0.0
0.0	0.0	0.0	2.1400661635	0.0	0.0	0.0	0.0	0.0	0.0	0.0	0.0	0.0	0.0	0.0	0.0
0.0	0.0	0.0	0.0	0.0	0.0	0.0	0.0	0.0	0.0	0.0	0.0	0.0	0.0	2.1400661635	0.0
0.0	0.0	0.0	0.0	0.0	0.0	0.0	1.22377543162	0.0	1.22377543162	0.0	1.22377543162	0.0	1.22377543162	0.0	0.0
0.0	0.0	0.0	0.0	0.0	0.0	0.0	3.46920211078	0.0	0.0	0.0	0.0	0.0	3.46920211078	0.0	0.0
2.1400661635	0.0	0.0	0.0	0.0	0.0	0.0	0.0	0.0	0.0	0.0	0.0	0.0	0.0	0.0	0.0
0.0	2.1400661635	0.0	0.0	0.0	0.0	0.0	0.0	0.0	0.0	0.0	0.0	0.0	0.0	0.0	0.0
0.0	0.0	0.0	0.0	0.0	0.0	0.0	0.0	0.0	0.0	0.0	2.1400661635	0.0	0.0	0.0	0.0
0.0	0.0	0.0	0.0	0.0	0.0	0.0	0.0	0.0	0.0	0.0	0.0	0.0	0.0	0.0	2.1400661635
0.0	0.0	0.0	1.73460105539	0.0	0.0	0.0	0.0	0.0	0.0	1.73460105539	0.0	0.0	0.0	0.0	0.0
0.0	0.0	0.0	0.0	0.0	0.0	0.0	0.0	0.0	2.1400661635	0.0	0.0	0.0	0.0	0.0	0.0
0.0	0.0	0.0	0.0	0.0	0.0	0.0	0.0	1.73460105539	0.0	0.0	0.0	1.73460105539	0.0	0.0	0.0
0.0	4.89510172649	0.0	2.44755086324	2.44755086324	0.0	1.22377543162	0.0	0.0	0.0	0.0	0.0	0.0	0.0	0.0	0.0
2.1400661635	0.0	0.0	0.0	0.0	0.0	0.0	0.0	0.0	0.0	0.0	0.0	0.0	0.0	0.0	0.0
0.0	0.0	1.73460105539	0.0	0.0	1.73460105539	0.0	0.0	0.0	0.0	0.0	0.0	0.0	0.0	0.0	0.0
0.0	0.0	1.22377543162	1.22377543162	2.44755086324	0.0	2.44755086324	0.0	0.0	0.0	0.0	0.0	0.0	0.0	0.0	0.0
0.0	0.0	0.0	2.1400661635	0.0	0.0	0.0	0.0	0.0	0.0	0.0	0.0	0.0	0.0	0.0	0.0
0.0	0.0	0.0	0.0	0.0	0.0	0.0	0.0	0.0	0.0	0.0	0.0	0.0	0.0	2.1400661635	0.0
0.0	0.0	0.0	1.73460105539	1.73460105539	0.0	0.0	0.0	0.0	0.0	0.0	0.0	0.0	0.0	0.0	0.0
0.0	0.0	0.0	0.0	2.1400661635	0.0	0.0	0.0	0.0	0.0	0.0	0.0	0.0	0.0	0.0	0.0
0.0	2.89383796587	1.44691898294	0.0	0.0	1.44691898294	0.0	0.0	0.0	0.0	0.0	0.0	0.0	0.0	0.0	0.0
0.0	0.0	0.0	1.04145387483	0.0	0.0	0.0	0.0	1.04145387483	0.0	3.12436162448	0.0	1.04145387483	0.0	0.0	1.04145387483
0.0	2.661909585	1.77460639	0.887303195001	0.887303195001	0.887303195001	0.887303195001	0.0	0.0	0.0	0.0	0.0	0.0	0.0	0.0	0.0
0.0	0.0	0.0	0.0	0.0	0.0	0.0	0.0	0.0	2.1400661635	0.0	0.0	0.0	0.0	0.0	0.0
0.0	0.0	0.0	0.0	0.0	0.0	0.0	0.0	0.0	0.0	0.0	0.0	0.0	0.0	2.1400661635	0.0
2.1400661635	0.0	0.0	0.0	0.0	0.0	0.0	0.0	0.0	0.0	0.0	0.0	0.0	0.0	0.0	0.0
0.0	0.0	0.0	0.0	0.0	0.0	0.0	2.1400661635	0.0	0.0	0.0	0.0	0.0	0.0	0.0	0.0
0.0	2.1400661635	0.0	0.0	0.0	0.0	0.0	0.0	0.0	0.0	0.0	0.0	0.0	0.0	0.0	0.0
2.1400661635	0.0	0.0	0.0	0.0	0.0	0.0	0.0	0.0	0.0	0.0	0.0	0.0	0.0	0.0	0.0
0.0	0.0	0.0	0.0	0.0	0.0	0.0	0.0	0.0	0.0	0.0	0.0	0.0	0.0	0.0	2.1400661635
0.0	0.0	0.0	0.0	0.0	0.0	0.0	0.0	4.28013232699	0.0	0.0	0.0	0.0	0.0	0.0	0.0
0.0	0.0	2.1400661635	0.0	0.0	0.0	0.0	0.0	0.0	0.0	0.0	0.0	0.0	0.0	0.0	0.0
0.0	0.0	0.0	0.0	0.0	0.0	0.0	0.0	0.0	2.1400661635	0.0	0.0	0.0	0.0	0.0	0.0
0.0	0.0	0.0	0.0	2.1400661635	0.0	0.0	0.0	0.0	0.0	0.0	0.0	0.0	0.0	0.0	0.0
0.0	0.0	0.0	0.0	0.0	0.0	0.0	0.0	0.0	1.73460105539	0.0	1.73460105539	0.0	0.0	0.0	0.0
0.0	1.22377543162	0.0	0.0	0.0	0.0	0.0	0.0	1.22377543162	0.0	0.0	0.0	1.22377543162	1.22377543162	0.0	0.0
