0.0	0.0	0.0	0.0	0.0	0.0	0.0	0.0	0.0	0.0	2.01490302054	0.0	0.0	0.0
2.01490302054	0.0	0.0	0.0	0.0	0.0	0.0	0.0	0.0	0.0	0.0	0.0	0.0	0.0
2.01490302054	0.0	0.0	0.0	0.0	0.0	0.0	0.0	0.0	0.0	0.0	0.0	0.0	0.0
0.0	0.0	0.0	0.0	0.0	0.0	0.0	0.0	1.60943791243	0.0	0.0	0.0	0.0	1.60943791243
0.0	0.0	0.0	2.01490302054	0.0	0.0	0.0	0.0	0.0	0.0	0.0	0.0	0.0	0.0
0.0	0.0	0.0	1.60943791243	0.0	0.0	0.0	3.21887582487	0.0	0.0	0.0	0.0	0.0	0.0
0.0	0.0	0.0	0.0	0.0	0.0	0.0	0.0	0.0	2.01490302054	0.0	0.0	0.0	0.0
0.0	0.0	0.0	0.0	0.0	0.0	1.32175583998	0.0	1.32175583998	0.0	0.0	0.0	0.0	1.32175583998
0.0	0.0	4.02980604108	0.0	0.0	0.0	0.0	0.0	0.0	0.0	0.0	0.0	0.0	0.0
0.0	0.0	0.0	0.0	0.0	0.0	0.0	0.0	1.60943791243	0.0	0.0	0.0	0.0	1.60943791243
0.0	0.0	0.0	6.60877919991	0.0	0.0	6.60877919991	2.64351167996	0.0	0.0	0.0	0.0	0.0	0.0
0.0	0.0	0.0	0.0	0.0	0.0	0.0	0.0	0.0	2.01490302054	0.0	0.0	0.0	0.0
0.0	0.0	0.0	0.0	0.0	0.0	0.0	0.0	1.60943791243	0.0	0.0	0.0	0.0	1.60943791243
0.0	0.0	0.0	0.0	0.0	0.0	0.0	1.60943791243	0.0	0.0	0.0	0.0	1.60943791243	0.0
0.0	2.01490302054	0.0	0.0	0.0	0.0	0.0	0.0	0.0	0.0	0.0	0.0	0.0	0.0
0.0	0.0	0.0	1.60943791243	0.0	0.0	0.0	0.0	1.60943791243	0.0	0.0	0.0	0.0	0.0
0.0	0.0	0.0	0.0	0.0	0.0	0.0	0.0	0.0	0.0	1.60943791243	0.0	3.21887582487	0.0
3.21887582487	0.0	0.0	0.0	0.0	0.0	1.60943791243	0.0	0.0	0.0	0.0	0.0	0.0	0.0
0.0	0.0	0.0	0.0	2.01490302054	0.0	0.0	0.0	0.0	0.0	0.0	0.0	0.0	0.0
1.60943791243	0.0	0.0	0.0	0.0	0.0	1.60943791243	0.0	0.0	0.0	0.0	0.0	0.0	0.0
0.0	0.0	0.0	0.0	2.01490302054	0.0	0.0	0.0	0.0	0.0	0.0	0.0	0.0	0.0
0.0	0.0	0.0	0.0	0.0	0.0	0.0	0.0	0.0	0.0	0.0	0.0	4.02980604108	0.0
0.0	0.0	0.0	0.0	0.0	0.0	0.0	0.0	0.0	0.0	2.01490302054	0.0	0.0	0.0
0.0	0.0	0.0	2.01490302054	0.0	0.0	0.0	0.0	0.0	0.0	0.0	0.0	0.0	0.0
0.0	0.0	0.0	0.0	0.0	0.0	0.0	0.0	0.0	0.0	2.01490302054	0.0	0.0	0.0
0.0	0.0	0.0	2.01490302054	0.0	0.0	0.0	0.0	0.0	0.0	0.0	0.0	0.0	0.0
2.01490302054	0.0	0.0	0.0	0.0	0.0	0.0	0.0	0.0	0.0	0.0	0.0	0.0	0.0
0.0	0.0	0.0	0.0	0.0	0.0	0.0	0.0	0.0	0.0	2.01490302054	0.0	0.0	0.0
0.0	0.0	0.0	0.0	0.0	0.0	0.0	2.01490302054	0.0	0.0	0.0	0.0	0.0	0.0
0.0	0.0	0.0	0.0	0.0	0.0	0.0	2.01490302054	0.0	0.0	0.0	0.0	0.0	0.0
2.01490302054	0.0	0.0	0.0	0.0	0.0	0.0	0.0	0.0	0.0	0.0	0.0	0.0	0.0
0.0	0.0	0.0	0.0	0.0	0.0	0.0	0.0	0.0	0.0	2.01490302054	0.0	0.0	0.0
0.0	0.0	0.0	0.0	0.0	0.0	0.0	0.0	0.0	0.0	0.0	0.0	4.02980604108	0.0
0.0	0.0	0.0	0.0	0.0	0.0	0.0	2.01490302054	0.0	0.0	0.0	0.0	0.0	0.0
1.60943791243	0.0	0.0	0.0	0.0	0.0	0.0	0.0	0.0	0.0	0.0	0.0	1.60943791243	0.0
2.19722457734	0.0	0.0	2.19722457734	0.0	0.0	1.09861228867	2.19722457734	0.0	0.0	0.0	0.0	0.0	0.0
0.0	0.0	0.0	0.0	0.0	0.0	0.0	0.0	0.0	0.0	0.0	0.0	2.01490302054	0.0
0.0	0.0	0.0	0.0	0.0	0.0	1.60943791243	1.60943791243	0.0	0.0	0.0	0.0	0.0	0.0
0.0	0.0	0.0	0.0	0.0	0.0	0.0	0.0	0.0	0.0	0.0	0.0	2.01490302054	0.0
0.0	0.0	0.0	0.0	0.0	0.0	0.0	0.0	0.0	0.0	0.0	0.0	10.0745151027	0.0
0.0	0.0	0.0	0.0	0.0	0.0	0.0	0.0	0.0	0.0	0.0	0.0	2.01490302054	0.0
0.0	2.01490302054	0.0	0.0	0.0	0.0	0.0	0.0	0.0	0.0	0.0	0.0	0.0	0.0
0.0	0.0	0.0	0.0	0.0	0.0	0.0	0.0	0.0	0.0	0.0	0.0	2.01490302054	0.0
0.0	0.0	0.0	0.0	0.0	0.0	0.0	0.0	0.0	0.0	2.01490302054	0.0	0.0	0.0
0.0	0.0	0.0	0.0	0.0	0.0	2.01490302054	0.0	0.0	0.0	0.0	0.0	0.0	0.0
1.60943791243	0.0	0.0	0.0	0.0	0.0	1.60943791243	0.0	0.0	0.0	0.0	0.0	0.0	0.0
0.0	0.0	0.0	0.0	0.0	1.32175583998	0.0	0.0	0.0	0.0	1.32175583998	0.0	1.32175583998	0.0
0.0	0.0	0.0	0.0	0.0	0.0	0.0	0.0	0.0	0.0	2.01490302054	0.0	0.0	0.0
0.0	0.0	0.0	0.0	0.0	0.0	0.0	0.0	0.0	0.0	0.0	0.0	2.01490302054	0.0
0.0	0.0	0.0	0.0	0.0	0.0	0.0	4.02980604108	0.0	0.0	0.0	0.0	0.0	0.0
0.0	0.0	0.0	0.0	2.01490302054	0.0	0.0	0.0	0.0	0.0	0.0	0.0	0.0	0.0
0.0	0.0	0.0	0.0	0.0	0.0	0.0	0.0	0.0	0.0	0.0	0.0	2.01490302054	0.0
0.0	2.01490302054	0.0	0.0	0.0	0.0	0.0	0.0	0.0	0.0	0.0	0.0	0.0	0.0
0.0	0.0	0.0	0.0	0.0	0.0	0.0	0.0	0.0	0.0	2.01490302054	0.0	0.0	0.0
0.0	0.0	1.60943791243	0.0	0.0	0.0	0.0	1.60943791243	0.0	0.0	0.0	0.0	0.0	0.0
0.0	0.0	0.0	1.60943791243	0.0	0.0	1.60943791243	0.0	0.0	0.0	0.0	0.0	0.0	0.0
0.0	0.0	0.0	0.0	0.0	0.0	0.0	0.0	0.0	0.0	0.0	0.0	2.01490302054	0.0
0.0	0.0	0.0	0.0	0.0	0.0	0.0	0.0	0.0	0.0	0.0	0.0	2.01490302054	0.0
0.0	0.0	0.0	2.01490302054	0.0	0.0	0.0	0.0	0.0	0.0	0.0	0.0	0.0	0.0
0.0	0.0	0.0	0.0	1.09861228867	0.0	1.09861228867	0.0	0.0	0.0	1.09861228867	0.0	1.09861228867	0.0
0.0	0.0	0.0	0.0	0.0	0.0	0.0	1.60943791243	0.0	0.0	0.0	0.0	4.8283137373	0.0
0.0	0.0	2.01490302054	0.0	0.0	0.0	0.0	0.0	0.0	0.0	0.0	0.0	0.0	0.0
0.0	0.0	0.0	0.0	0.0	0.0	4.02980604108	0.0	0.0	0.0	0.0	0.0	0.0	0.0
0.0	2.01490302054	0.0	0.0	0.0	0.0	0.0	0.0	0.0	0.0	0.0	0.0	0.0	0.0
0.0	0.0	0.0	0.0	0.0	2.01490302054	0.0	0.0	0.0	0.0	0.0	0.0	0.0	0.0
0.0	0.0	0.0	2.01490302054	0.0	0.0	0.0	0.0	0.0	0.0	0.0	0.0	0.0	0.0
0.0	0.0	0.0	0.0	0.0	0.0	0.0	0.0	0.0	0.0	0.0	0.0	2.01490302054	0.0
0.0	0.0	0.0	0.0	0.0	0.0	0.0	0.0	0.0	0.0	2.01490302054	0.0	0.0	0.0
0.0	0.0	0.0	0.0	0.0	0.0	0.0	0.0	0.0	0.0	0.0	2.01490302054	0.0	0.0
0.0	0.0	0.0	2.01490302054	0.0	0.0	0.0	0.0	0.0	0.0	0.0	0.0	0.0	0.0
0.0	0.0	0.0	2.01490302054	0.0	0.0	0.0	0.0	0.0	0.0	0.0	0.0	0.0	0.0
0.0	0.0	0.0	0.0	0.0	0.0	0.0	0.0	0.0	0.0	2.01490302054	0.0	0.0	0.0
0.0	0.0	0.0	2.01490302054	0.0	0.0	0.0	0.0	0.0	0.0	0.0	0.0	0.0	0.0
0.0	0.0	0.0	0.0	0.0	0.0	0.0	0.0	0.0	0.0	2.01490302054	0.0	0.0	0.0
0.0	0.0	0.0	0.0	2.01490302054	0.0	0.0	0.0	0.0	0.0	0.0	0.0	0.0	0.0
0.0	0.0	1.60943791243	0.0	0.0	0.0	0.0	0.0	0.0	0.0	1.60943791243	0.0	0.0	0.0
0.0	0.0	0.0	0.0	0.0	0.0	2.01490302054	0.0	0.0	0.0	0.0	0.0	0.0	0.0
0.0	2.01490302054	0.0	0.0	0.0	0.0	0.0	0.0	0.0	0.0	0.0	0.0	0.0	0.0
0.0	0.0	0.0	2.01490302054	0.0	0.0	0.0	0.0	0.0	0.0	0.0	0.0	0.0	0.0
0.0	0.0	0.0	2.01490302054	0.0	0.0	0.0	0.0	0.0	0.0	0.0	0.0	0.0	0.0
0.0	0.0	0.0	0.0	0.0	0.0	0.0	0.0	0.0	2.01490302054	0.0	0.0	0.0	0.0
0.0	0.0	0.0	0.0	0.0	0.0	0.0	0.0	0.0	0.0	6.04470906163	0.0	0.0	0.0
2.01490302054	0.0	0.0	0.0	0.0	0.0	0.0	0.0	0.0	0.0	0.0	0.0	0.0	0.0
0.0	0.0	0.0	0.0	0.0	2.01490302054	0.0	0.0	0.0	0.0	0.0	0.0	0.0	0.0
0.0	0.0	0.0	0.0	0.0	0.0	0.0	0.0	1.60943791243	0.0	0.0	0.0	0.0	1.60943791243
0.0	0.0	0.0	0.0	0.0	0.0	0.0	0.0	1.60943791243	0.0	0.0	0.0	0.0	1.60943791243
0.0	0.0	1.32175583998	0.0	0.0	0.0	0.0	0.0	0.0	1.32175583998	0.0	0.0	2.64351167996	0.0
0.0	0.0	0.0	0.0	0.0	0.0	0.0	2.01490302054	0.0	0.0	0.0	0.0	0.0	0.0
0.0	0.0	0.0	2.01490302054	0.0	0.0	0.0	0.0	0.0	0.0	0.0	0.0	0.0	0.0
0.0	0.0	0.0	2.01490302054	0.0	0.0	0.0	0.0	0.0	0.0	0.0	0.0	0.0	0.0
0.0	0.0	0.0	2.01490302054	0.0	0.0	0.0	0.0	0.0	0.0	0.0	0.0	0.0	0.0
0.0	0.0	0.0	0.0	0.0	0.0	0.0	2.01490302054	0.0	0.0	0.0	0.0	0.0	0.0
0.0	0.0	0.0	0.0	0.0	0.0	0.0	0.0	0.0	0.0	0.0	2.01490302054	0.0	0.0
0.0	0.0	0.0	0.0	0.0	0.0	0.0	0.0	0.0	0.0	2.01490302054	0.0	0.0	0.0
0.0	0.0	1.32175583998	1.32175583998	0.0	0.0	1.32175583998	0.0	0.0	0.0	0.0	0.0	0.0	0.0
0.0	0.0	0.0	0.0	0.0	0.0	0.0	0.0	0.0	0.0	0.0	0.0	2.01490302054	0.0
0.0	0.0	0.0	0.0	0.0	0.0	0.0	0.0	0.0	0.0	0.0	0.0	6.04470906163	0.0
0.0	0.0	0.0	0.0	0.0	0.0	0.0	0.0	0.0	0.0	2.01490302054	0.0	0.0	0.0
0.0	0.0	0.0	0.0	0.0	0.0	0.0	0.0	0.0	0.0	0.0	0.0	2.01490302054	0.0
0.0	0.0	0.0	0.0	0.0	2.01490302054	0.0	0.0	0.0	0.0	0.0	0.0	0.0	0.0
0.0	0.0	0.0	0.0	2.01490302054	0.0	0.0	0.0	0.0	0.0	0.0	0.0	0.0	0.0
0.0	0.0	0.0	0.0	0.0	0.0	0.0	0.0	0.0	0.0	0.0	0.0	2.01490302054	0.0
0.0	0.0	0.0	0.0	0.0	0.0	0.0	0.0	0.0	0.0	0.0	0.0	2.01490302054	0.0
0.0	0.0	0.0	0.0	0.0	0.0	0.0	0.0	0.0	0.0	0.0	0.0	2.01490302054	0.0
1.60943791243	0.0	0.0	0.0	0.0	0.0	0.0	0.0	0.0	0.0	0.0	0.0	1.60943791243	0.0
0.0	0.0	0.0	0.0	0.0	0.0	0.0	0.0	1.60943791243	0.0	0.0	0.0	0.0	1.60943791243
0.0	0.0	0.0	3.96526751995	0.0	1.32175583998	0.0	0.0	0.0	0.0	0.0	0.0	2.64351167996	0.0
0.0	0.0	0.0	0.0	0.0	0.0	0.0	0.0	0.0	1.32175583998	1.32175583998	1.32175583998	0.0	0.0
0.0	0.0	1.60943791243	0.0	1.60943791243	0.0	0.0	0.0	0.0	0.0	0.0	0.0	0.0	0.0
0.0	0.0	0.0	2.01490302054	0.0	0.0	0.0	0.0	0.0	0.0	0.0	0.0	0.0	0.0
0.0	0.0	0.0	0.0	0.0	0.0	0.0	0.0	0.0	0.0	0.0	0.0	4.02980604108	0.0
0.0	0.0	0.0	0.0	0.0	0.0	0.0	0.0	0.0	0.0	0.0	0.0	0.0	2.01490302054
0.0	0.0	0.0	0.0	0.0	0.0	0.0	0.0	0.0	0.0	0.0	0.0	2.01490302054	0.0
0.0	0.0	0.0	0.0	0.0	1.60943791243	1.60943791243	0.0	0.0	0.0	0.0	0.0	0.0	0.0
2.01490302054	0.0	0.0	0.0	0.0	0.0	0.0	0.0	0.0	0.0	0.0	0.0	0.0	0.0
0.0	0.0	0.0	0.0	0.0	0.0	0.0	0.0	0.0	0.0	2.01490302054	0.0	0.0	0.0
0.0	0.0	0.0	2.01490302054	0.0	0.0	0.0	0.0	0.0	0.0	0.0	0.0	0.0	0.0
0.0	0.0	0.0	0.0	0.0	0.0	0.0	2.01490302054	0.0	0.0	0.0	0.0	0.0	0.0
0.0	0.0	0.0	0.0	2.01490302054	0.0	0.0	0.0	0.0	0.0	0.0	0.0	0.0	0.0
0.0	0.0	0.0	0.0	0.0	0.0	0.0	0.0	0.0	0.0	0.0	0.0	2.01490302054	0.0
0.0	0.0	0.0	0.0	0.0	0.0	0.0	0.0	0.0	0.0	0.0	0.0	2.01490302054	0.0
0.0	0.0	0.0	0.0	0.0	0.0	0.0	0.0	0.0	0.0	2.01490302054	0.0	0.0	0.0
0.0	0.0	0.0	0.0	0.0	0.0	0.0	8.05961208217	0.0	0.0	0.0	0.0	0.0	0.0
0.0	0.0	0.0	0.0	0.0	0.0	0.0	0.0	0.0	0.0	2.01490302054	0.0	0.0	0.0
0.0	0.0	0.0	2.01490302054	0.0	0.0	0.0	0.0	0.0	0.0	0.0	0.0	0.0	0.0
0.0	0.0	0.0	0.0	0.0	0.0	0.0	0.0	0.0	0.0	6.04470906163	0.0	0.0	0.0
0.0	0.0	0.0	0.0	0.0	0.0	0.0	0.0	0.0	0.0	0.0	0.0	2.01490302054	0.0
0.0	0.0	0.0	2.01490302054	0.0	0.0	0.0	0.0	0.0	0.0	0.0	0.0	0.0	0.0
2.01490302054	0.0	0.0	0.0	0.0	0.0	0.0	0.0	0.0	0.0	0.0	0.0	0.0	0.0
0.0	0.0	0.0	0.0	0.0	0.0	2.01490302054	0.0	0.0	0.0	0.0	0.0	0.0	0.0
0.0	0.0	0.0	2.01490302054	0.0	0.0	0.0	0.0	0.0	0.0	0.0	0.0	0.0	0.0
0.0	0.0	0.0	0.0	0.0	2.01490302054	0.0	0.0	0.0	0.0	0.0	0.0	0.0	0.0
0.0	0.0	2.01490302054	0.0	0.0	0.0	0.0	0.0	0.0	0.0	0.0	0.0	0.0	0.0
0.762140052047	0.0	0.0	0.0	0.762140052047	0.0	0.0	0.762140052047	0.762140052047	0.0	0.0	0.0	0.762140052047	0.762140052047
0.0	0.0	0.0	0.0	0.0	0.0	0.0	0.0	0.0	0.0	0.0	0.0	4.02980604108	0.0
0.0	0.0	0.0	0.0	0.0	0.0	0.0	0.0	0.0	0.0	0.0	0.0	2.01490302054	0.0
0.0	0.0	0.0	0.0	0.0	0.0	0.0	2.01490302054	0.0	0.0	0.0	0.0	0.0	0.0
0.0	0.0	0.0	0.0	0.0	0.0	0.0	0.0	0.0	0.0	0.0	2.01490302054	0.0	0.0
0.0	0.0	0.0	0.0	0.0	2.01490302054	0.0	0.0	0.0	0.0	0.0	0.0	0.0	0.0
0.0	0.0	2.01490302054	0.0	0.0	0.0	0.0	0.0	0.0	0.0	0.0	0.0	0.0	0.0
0.0	0.0	0.0	0.0	0.0	0.0	2.01490302054	0.0	0.0	0.0	0.0	0.0	0.0	0.0
0.0	0.0	0.0	0.0	0.0	0.0	0.0	0.0	0.0	0.0	2.01490302054	0.0	0.0	0.0
0.0	0.0	0.0	0.0	0.0	0.0	0.0	0.0	0.0	0.0	0.0	0.0	2.01490302054	0.0
0.0	0.0	0.0	0.0	0.0	0.0	0.0	0.0	0.0	0.0	0.0	0.0	2.01490302054	0.0
2.01490302054	0.0	0.0	0.0	0.0	0.0	0.0	0.0	0.0	0.0	0.0	0.0	0.0	0.0
0.0	0.0	0.0	0.0	0.0	0.0	0.0	0.0	0.0	0.0	2.01490302054	0.0	0.0	0.0
0.0	0.0	0.0	0.0	0.0	0.0	0.0	0.0	0.0	4.02980604108	0.0	0.0	0.0	0.0
0.0	0.0	0.0	0.0	0.0	0.0	3.21887582487	0.0	0.0	0.0	0.0	0.0	1.60943791243	0.0
0.0	0.0	0.0	0.0	0.0	2.01490302054	0.0	0.0	0.0	0.0	0.0	0.0	0.0	0.0
0.0	0.0	2.01490302054	0.0	0.0	0.0	0.0	0.0	0.0	0.0	0.0	0.0	0.0	0.0
0.0	0.0	2.01490302054	0.0	0.0	0.0	0.0	0.0	0.0	0.0	0.0	0.0	0.0	0.0
0.0	0.0	0.0	0.0	0.0	0.0	0.0	0.0	0.0	0.0	2.01490302054	0.0	0.0	0.0
0.0	0.0	0.0	0.0	1.60943791243	0.0	1.60943791243	0.0	0.0	0.0	0.0	0.0	0.0	0.0
0.0	0.0	0.0	0.0	0.0	0.0	0.0	4.02980604108	0.0	0.0	0.0	0.0	0.0	0.0
0.0	0.0	0.0	0.0	0.0	0.0	0.0	0.0	0.0	0.0	0.0	0.0	4.02980604108	0.0
0.0	0.0	0.0	1.60943791243	0.0	0.0	4.8283137373	0.0	0.0	0.0	0.0	0.0	0.0	0.0
0.0	0.0	0.0	0.0	0.0	0.0	0.0	0.0	0.0	0.0	0.0	0.0	2.01490302054	0.0
0.0	0.0	0.0	0.0	0.0	0.0	0.0	0.0	0.0	0.0	2.01490302054	0.0	0.0	0.0
0.0	0.0	0.0	0.0	0.0	0.0	0.0	0.0	0.0	0.0	0.0	0.0	4.02980604108	0.0
0.0	0.0	0.0	0.0	0.0	0.0	0.0	0.0	0.0	2.01490302054	0.0	0.0	0.0	0.0
0.0	0.0	2.01490302054	0.0	0.0	0.0	0.0	0.0	0.0	0.0	0.0	0.0	0.0	0.0
4.02980604108	0.0	0.0	0.0	0.0	0.0	0.0	0.0	0.0	0.0	0.0	0.0	0.0	0.0
0.0	0.0	0.0	0.0	2.01490302054	0.0	0.0	0.0	0.0	0.0	0.0	0.0	0.0	0.0
0.0	0.0	0.0	0.0	0.0	1.60943791243	0.0	1.60943791243	0.0	0.0	0.0	0.0	0.0	0.0
0.0	0.0	0.0	0.0	0.0	0.0	0.0	0.0	0.0	0.0	0.0	0.0	2.01490302054	0.0
0.0	0.0	0.0	0.0	0.0	0.0	0.0	0.0	0.0	0.0	2.01490302054	0.0	0.0	0.0
0.0	0.0	1.32175583998	0.0	0.0	0.0	0.0	0.0	1.32175583998	0.0	0.0	0.0	0.0	2.64351167996
0.0	0.0	0.0	0.0	0.0	0.0	2.01490302054	0.0	0.0	0.0	0.0	0.0	0.0	0.0
0.0	0.0	0.0	0.0	0.0	0.0	0.0	0.0	0.0	0.0	0.0	0.0	2.01490302054	0.0
0.0	0.0	0.0	0.0	0.0	0.0	0.0	0.0	2.01490302054	0.0	0.0	0.0	0.0	0.0
0.0	0.0	0.0	0.0	0.0	0.0	0.0	0.0	0.0	0.0	0.0	0.0	2.01490302054	0.0
0.0	0.0	0.0	0.0	0.0	0.0	0.0	0.0	0.0	0.0	0.0	0.0	2.01490302054	0.0
0.0	0.0	0.0	2.01490302054	0.0	0.0	0.0	0.0	0.0	0.0	0.0	0.0	0.0	0.0
0.0	0.0	0.0	0.0	0.0	0.0	0.0	2.01490302054	0.0	0.0	0.0	0.0	0.0	0.0
0.0	0.0	0.0	0.0	2.01490302054	0.0	0.0	0.0	0.0	0.0	0.0	0.0	0.0	0.0
3.295836866	0.0	0.0	0.0	0.0	0.0	1.09861228867	1.09861228867	0.0	0.0	2.19722457734	0.0	0.0	0.0
0.0	0.0	0.0	0.0	0.0	0.0	3.21887582487	0.0	0.0	0.0	0.0	0.0	1.60943791243	0.0
0.0	2.01490302054	0.0	0.0	0.0	0.0	0.0	0.0	0.0	0.0	0.0	0.0	0.0	0.0
0.0	0.0	0.0	0.0	0.0	0.0	0.0	4.02980604108	0.0	0.0	0.0	0.0	0.0	0.0
0.0	0.0	0.0	0.0	0.0	0.0	0.0	0.0	0.0	0.0	4.02980604108	0.0	0.0	0.0
0.0	0.0	0.0	0.0	0.0	0.0	1.32175583998	0.0	1.32175583998	0.0	0.0	0.0	0.0	1.32175583998
2.01490302054	0.0	0.0	0.0	0.0	0.0	0.0	0.0	0.0	0.0	0.0	0.0	0.0	0.0
0.0	0.0	0.0	0.0	0.0	0.0	0.0	0.0	0.0	0.0	2.01490302054	0.0	0.0	0.0
0.0	2.01490302054	0.0	0.0	0.0	0.0	0.0	0.0	0.0	0.0	0.0	0.0	0.0	0.0
0.0	0.0	0.0	0.0	6.04470906163	0.0	0.0	0.0	0.0	0.0	0.0	0.0	0.0	0.0
2.55412811883	0.0	0.0	0.510825623766	0.0	1.5324768713	2.04330249506	2.04330249506	2.04330249506	0.0	0.0	1.5324768713	0.0	2.55412811883
0.0	0.0	0.0	0.0	0.0	0.0	0.0	0.0	0.0	0.0	2.01490302054	0.0	0.0	0.0
4.02980604108	0.0	0.0	0.0	0.0	0.0	0.0	0.0	0.0	0.0	0.0	0.0	0.0	0.0
0.0	0.0	0.0	0.0	0.0	0.0	0.0	0.0	0.0	0.0	0.0	0.0	2.01490302054	0.0
2.01490302054	0.0	0.0	0.0	0.0	0.0	0.0	0.0	0.0	0.0	0.0	0.0	0.0	0.0
0.0	0.0	0.0	0.0	0.0	0.0	0.0	0.0	0.0	0.0	0.0	0.0	2.01490302054	0.0
0.0	8.05961208217	0.0	0.0	0.0	0.0	0.0	0.0	0.0	0.0	0.0	0.0	0.0	0.0
0.0	0.0	0.0	0.0	0.0	0.0	0.0	2.01490302054	0.0	0.0	0.0	0.0	0.0	0.0
0.0	0.0	0.0	2.01490302054	0.0	0.0	0.0	0.0	0.0	0.0	0.0	0.0	0.0	0.0
0.0	0.0	0.0	0.0	0.0	0.0	0.0	0.0	0.0	0.0	0.0	0.0	2.01490302054	0.0
0.0	0.0	0.0	0.0	0.0	0.0	0.0	0.0	0.0	0.0	0.0	0.0	2.01490302054	0.0
0.0	0.0	0.0	0.0	0.0	0.0	0.0	4.02980604108	0.0	0.0	0.0	0.0	0.0	0.0
0.0	0.0	0.0	4.02980604108	0.0	0.0	0.0	0.0	0.0	0.0	0.0	0.0	0.0	0.0
0.0	0.0	0.0	0.0	0.0	0.0	0.0	0.0	0.0	0.0	0.0	0.0	2.01490302054	0.0
0.0	0.0	0.0	0.0	0.0	0.0	0.0	0.0	0.0	0.0	2.01490302054	0.0	0.0	0.0
0.0	0.0	0.0	3.96526751995	0.0	0.0	1.32175583998	0.0	0.0	0.0	0.0	0.0	1.32175583998	0.0
0.0	0.0	0.0	0.0	0.0	0.0	0.0	0.0	0.0	2.01490302054	0.0	0.0	0.0	0.0
0.0	0.0	0.0	0.0	0.0	0.0	0.0	0.0	0.0	0.0	0.0	0.0	2.01490302054	0.0
0.0	0.0	0.0	0.0	0.0	0.0	0.0	0.0	0.0	0.0	0.0	0.0	2.01490302054	0.0
0.0	0.0	0.0	3.21887582487	0.0	0.0	0.0	0.0	0.0	0.0	0.0	0.0	1.60943791243	0.0
0.0	0.0	0.0	0.0	2.01490302054	0.0	0.0	0.0	0.0	0.0	0.0	0.0	0.0	0.0
0.0	0.0	0.0	0.0	0.0	2.01490302054	0.0	0.0	0.0	0.0	0.0	0.0	0.0	0.0
0.0	0.0	0.0	0.0	0.0	0.0	0.0	1.32175583998	1.32175583998	0.0	0.0	0.0	0.0	1.32175583998
0.0	0.0	0.0	0.0	0.0	0.0	0.0	0.0	0.0	0.0	2.01490302054	0.0	0.0	0.0
0.628608659422	0.0	1.25721731884	0.0	0.628608659422	0.628608659422	0.0	0.628608659422	0.0	0.0	1.25721731884	0.628608659422	0.0	0.0
0.0	0.0	0.0	0.0	0.0	0.0	0.0	1.60943791243	0.0	0.0	0.0	0.0	1.60943791243	0.0
0.0	0.0	0.0	0.0	0.0	0.0	2.01490302054	0.0	0.0	0.0	0.0	0.0	0.0	0.0
0.0	0.0	0.0	0.0	2.01490302054	0.0	0.0	0.0	0.0	0.0	0.0	0.0	0.0	0.0
0.0	0.0	0.0	0.0	0.0	0.0	0.0	0.0	0.0	0.0	0.0	0.0	2.01490302054	0.0
0.0	0.0	0.0	0.0	0.0	0.0	0.0	0.0	0.0	0.0	0.0	0.0	6.04470906163	0.0
2.01490302054	0.0	0.0	0.0	0.0	0.0	0.0	0.0	0.0	0.0	0.0	0.0	0.0	0.0
0.0	0.0	0.0	1.09861228867	0.0	1.09861228867	0.0	0.0	0.0	1.09861228867	0.0	0.0	1.09861228867	0.0
0.0	0.0	0.0	0.0	0.0	0.0	2.01490302054	0.0	0.0	0.0	0.0	0.0	0.0	0.0
0.0	0.0	1.60943791243	1.60943791243	0.0	0.0	0.0	0.0	0.0	0.0	0.0	0.0	0.0	0.0
0.0	0.0	0.0	0.0	0.0	0.0	0.0	0.0	0.0	0.0	2.01490302054	0.0	0.0	0.0
0.0	0.0	0.0	0.0	0.0	0.0	0.0	0.0	0.0	0.0	0.0	0.0	2.01490302054	0.0
0.0	0.0	0.0	0.0	0.0	0.0	0.0	0.0	0.0	0.0	0.0	0.0	2.01490302054	0.0
0.0	0.0	0.0	0.0	0.0	0.0	0.0	0.0	0.0	0.0	0.0	0.0	6.04470906163	0.0
0.0	0.0	0.0	0.0	0.0	0.0	0.0	0.0	0.0	2.01490302054	0.0	0.0	0.0	0.0
0.0	0.0	0.0	0.0	2.01490302054	0.0	0.0	0.0	0.0	0.0	0.0	0.0	0.0	0.0
0.0	0.0	0.0	2.01490302054	0.0	0.0	0.0	0.0	0.0	0.0	0.0	0.0	0.0	0.0
2.01490302054	0.0	0.0	0.0	0.0	0.0	0.0	0.0	0.0	0.0	0.0	0.0	0.0	0.0
2.01490302054	0.0	0.0	0.0	0.0	0.0	0.0	0.0	0.0	0.0	0.0	0.0	0.0	0.0
0.0	0.0	0.0	0.0	0.0	0.0	0.0	2.01490302054	0.0	0.0	0.0	0.0	0.0	0.0
0.0	0.0	0.0	0.0	0.0	0.0	0.0	0.0	0.0	0.0	0.0	0.0	2.01490302054	0.0
0.0	0.0	0.0	2.01490302054	0.0	0.0	0.0	0.0	0.0	0.0	0.0	0.0	0.0	0.0
0.0	0.0	0.0	0.0	0.0	0.0	0.0	0.0	0.0	0.0	2.01490302054	0.0	0.0	0.0
0.0	0.0	0.0	0.0	0.0	0.0	0.0	0.0	1.32175583998	0.0	0.0	1.32175583998	0.0	1.32175583998
0.0	0.0	0.0	0.0	0.0	0.0	0.0	0.0	0.0	0.0	4.02980604108	0.0	0.0	0.0
0.0	0.0	0.0	0.0	0.0	0.0	0.0	0.0	0.0	0.0	0.0	0.0	2.01490302054	0.0
2.01490302054	0.0	0.0	0.0	0.0	0.0	0.0	0.0	0.0	0.0	0.0	0.0	0.0	0.0
0.0	0.0	0.0	0.0	0.0	0.0	0.0	2.01490302054	0.0	0.0	0.0	0.0	0.0	0.0
0.0	0.0	0.0	0.0	0.0	0.0	0.0	0.0	0.0	1.60943791243	0.0	0.0	1.60943791243	0.0
0.0	0.0	0.0	0.0	4.02980604108	0.0	0.0	0.0	0.0	0.0	0.0	0.0	0.0	0.0
0.0	0.0	0.0	0.0	0.0	0.0	0.0	0.0	0.0	0.0	0.0	2.01490302054	0.0	0.0
0.0	0.0	0.0	0.0	0.0	0.0	0.0	0.0	0.0	0.0	2.01490302054	0.0	0.0	0.0
0.0	0.0	0.0	0.0	0.0	0.0	0.0	0.0	3.21887582487	0.0	0.0	0.0	0.0	4.8283137373
0.0	0.0	0.0	0.0	0.0	0.0	0.0	0.0	0.0	0.0	0.0	0.0	2.01490302054	0.0
0.0	0.0	0.0	3.21887582487	0.0	0.0	1.60943791243	0.0	0.0	0.0	0.0	0.0	0.0	0.0
0.0	0.0	0.0	0.0	0.0	0.0	0.0	0.0	0.0	0.0	0.0	4.02980604108	0.0	0.0
0.0	0.0	0.0	0.0	0.0	0.0	1.60943791243	0.0	0.0	0.0	0.0	1.60943791243	0.0	0.0
0.0	0.0	0.0	0.0	0.0	0.0	0.0	0.0	0.0	0.0	0.0	0.0	2.01490302054	0.0
0.0	0.0	0.0	4.02980604108	0.0	0.0	0.0	0.0	0.0	0.0	0.0	0.0	0.0	0.0
0.0	0.0	0.0	0.0	0.0	0.0	2.01490302054	0.0	0.0	0.0	0.0	0.0	0.0	0.0
0.0	0.0	0.0	0.0	0.0	0.0	0.0	0.0	1.60943791243	0.0	0.0	0.0	0.0	1.60943791243
0.0	0.0	0.0	0.0	0.0	0.0	0.0	0.0	0.0	0.0	2.01490302054	0.0	0.0	0.0
0.0	0.0	0.0	0.0	0.0	0.0	0.0	0.0	0.0	0.0	2.01490302054	0.0	0.0	0.0
0.0	0.0	0.0	0.0	0.0	0.0	0.0	0.0	1.60943791243	0.0	0.0	0.0	0.0	1.60943791243
0.0	0.0	0.0	0.0	0.0	0.0	0.0	0.0	0.0	0.0	0.0	0.0	2.01490302054	0.0
0.0	0.0	0.0	0.0	0.0	0.0	0.0	0.0	0.0	0.0	0.0	0.0	2.01490302054	0.0
0.0	0.0	0.0	0.0	0.0	0.0	0.0	0.0	0.0	0.0	0.0	0.0	14.1043211438	0.0
0.0	0.0	0.0	0.0	0.0	0.0	0.0	0.0	0.0	0.0	0.0	0.0	10.0745151027	0.0
0.0	2.01490302054	0.0	0.0	0.0	0.0	0.0	0.0	0.0	0.0	0.0	0.0	0.0	0.0
0.0	0.0	0.0	0.0	0.0	0.0	0.0	0.0	0.0	2.01490302054	0.0	0.0	0.0	0.0
0.0	0.0	0.0	0.0	0.0	0.0	0.0	2.01490302054	0.0	0.0	0.0	0.0	0.0	0.0
0.0	0.0	1.60943791243	0.0	0.0	0.0	0.0	0.0	0.0	0.0	1.60943791243	0.0	0.0	0.0
0.0	0.0	0.0	0.0	0.0	0.0	0.0	0.0	0.0	0.0	0.0	0.0	2.01490302054	0.0
0.0	0.0	0.0	0.0	0.0	2.01490302054	0.0	0.0	0.0	0.0	0.0	0.0	0.0	0.0
0.0	0.0	0.0	0.0	0.0	0.0	0.0	0.0	0.0	0.0	0.0	0.0	4.02980604108	0.0
0.0	1.60943791243	0.0	0.0	0.0	0.0	0.0	0.0	0.0	0.0	0.0	0.0	1.60943791243	0.0
0.0	0.0	0.0	0.0	0.0	0.0	0.0	0.0	0.0	0.0	0.0	0.0	2.01490302054	0.0
0.0	0.0	0.0	0.0	6.43775164974	0.0	0.0	0.0	0.0	3.21887582487	0.0	0.0	0.0	0.0
1.60943791243	0.0	0.0	0.0	0.0	0.0	0.0	0.0	0.0	0.0	1.60943791243	0.0	0.0	0.0
0.0	0.0	0.0	0.0	0.0	0.0	0.0	0.0	0.0	0.0	2.01490302054	0.0	0.0	0.0
0.0	0.0	0.0	0.0	0.0	0.0	0.0	0.0	1.60943791243	0.0	0.0	0.0	0.0	1.60943791243
0.0	0.0	0.0	2.01490302054	0.0	0.0	0.0	0.0	0.0	0.0	0.0	0.0	0.0	0.0
0.0	0.0	0.0	2.01490302054	0.0	0.0	0.0	0.0	0.0	0.0	0.0	0.0	0.0	0.0
0.0	0.0	0.0	2.01490302054	0.0	0.0	0.0	0.0	0.0	0.0	0.0	0.0	0.0	0.0
2.01490302054	0.0	0.0	0.0	0.0	0.0	0.0	0.0	0.0	0.0	0.0	0.0	0.0	0.0
0.0	0.0	0.0	0.0	0.0	0.0	0.0	0.0	0.0	0.0	0.0	2.01490302054	0.0	0.0
0.0	0.0	0.0	0.0	0.0	0.0	0.0	0.0	0.0	0.0	0.0	0.0	0.0	2.01490302054
2.01490302054	0.0	0.0	0.0	0.0	0.0	0.0	0.0	0.0	0.0	0.0	0.0	0.0	0.0
0.0	0.0	0.0	0.0	0.0	0.0	2.01490302054	0.0	0.0	0.0	0.0	0.0	0.0	0.0
0.0	0.0	0.0	0.0	0.0	0.0	0.0	0.0	0.0	0.0	0.0	0.0	2.01490302054	0.0
0.0	0.0	6.04470906163	0.0	0.0	0.0	0.0	0.0	0.0	0.0	0.0	0.0	0.0	0.0
0.0	0.0	0.0	0.0	0.0	0.0	0.0	0.0	0.0	0.0	0.0	0.0	2.01490302054	0.0
0.0	0.0	0.0	4.02980604108	0.0	0.0	0.0	0.0	0.0	0.0	0.0	0.0	0.0	0.0
0.0	0.0	0.0	0.0	0.0	0.0	0.0	0.0	0.0	0.0	2.01490302054	0.0	0.0	0.0
0.0	0.0	0.0	0.0	0.0	0.0	0.0	0.0	0.0	0.0	0.0	0.0	2.01490302054	0.0
0.0	0.0	0.0	0.0	0.0	6.04470906163	0.0	0.0	0.0	0.0	0.0	0.0	0.0	0.0
0.0	0.0	0.0	0.0	0.0	0.0	0.0	0.0	0.0	0.0	0.0	0.0	2.01490302054	0.0
0.0	0.0	1.60943791243	0.0	0.0	0.0	0.0	0.0	0.0	0.0	0.0	0.0	3.21887582487	0.0
0.0	0.0	0.0	0.0	0.0	0.0	0.0	0.0	0.0	0.0	0.0	0.0	2.01490302054	0.0
0.0	0.0	0.0	0.0	2.01490302054	0.0	0.0	0.0	0.0	0.0	0.0	0.0	0.0	0.0
0.0	0.0	0.0	0.0	0.0	0.0	0.0	0.0	0.0	0.0	0.0	0.0	2.01490302054	0.0
0.0	0.0	0.0	0.0	0.0	2.01490302054	0.0	0.0	0.0	0.0	0.0	0.0	0.0	0.0
0.0	0.0	0.0	0.0	0.0	0.0	0.0	0.0	0.0	0.0	0.0	0.0	2.01490302054	0.0
0.0	0.0	0.0	0.0	0.0	0.0	0.0	0.0	0.0	0.0	0.0	0.0	2.01490302054	0.0
0.0	2.01490302054	0.0	0.0	0.0	0.0	0.0	0.0	0.0	0.0	0.0	0.0	0.0	0.0
0.0	0.0	0.0	0.0	0.0	0.0	0.0	0.0	0.0	0.0	0.0	0.0	2.01490302054	0.0
0.0	0.0	0.0	0.0	0.0	0.0	0.0	0.0	0.0	0.0	2.01490302054	0.0	0.0	0.0
0.0	0.0	0.0	0.0	0.0	0.0	0.0	0.0	0.0	0.0	0.0	0.0	2.01490302054	0.0
0.0	0.0	0.0	0.0	0.0	0.0	1.32175583998	0.0	0.0	0.0	2.64351167996	0.0	2.64351167996	0.0
0.0	0.0	0.0	0.0	0.0	0.0	0.0	0.0	1.60943791243	0.0	0.0	0.0	0.0	1.60943791243
0.0	0.0	0.0	0.0	0.0	0.0	0.0	0.0	6.43775164974	0.0	0.0	0.0	0.0	8.04718956217
0.0	0.0	0.0	0.0	0.0	0.0	0.0	0.0	0.0	0.0	0.0	0.0	2.01490302054	0.0
0.0	0.0	0.0	0.0	0.0	0.0	0.0	0.0	0.0	0.0	0.0	0.0	2.01490302054	0.0
0.0	0.0	0.0	0.0	0.0	0.0	0.0	0.0	0.0	0.0	0.0	0.0	4.02980604108	0.0
1.83258146375	0.0	0.0	1.83258146375	0.0	0.0	0.916290731874	0.0	0.0	0.0	0.916290731874	0.0	0.916290731874	0.0
0.0	0.0	0.0	0.0	1.32175583998	1.32175583998	0.0	0.0	0.0	0.0	1.32175583998	0.0	0.0	0.0
0.0	0.0	0.0	0.0	0.0	0.0	0.0	0.0	0.0	2.01490302054	0.0	0.0	0.0	0.0
0.0	0.0	0.0	0.0	0.0	0.0	0.0	0.0	0.0	0.0	0.0	0.0	2.01490302054	0.0
0.0	0.0	0.0	0.0	0.0	0.0	0.0	0.0	0.0	0.0	2.01490302054	0.0	0.0	0.0
0.0	0.0	0.0	0.0	0.0	0.0	0.0	0.0	0.0	0.0	0.0	0.0	2.01490302054	0.0
0.0	0.0	0.0	0.0	0.0	0.0	0.0	0.0	0.0	0.0	0.0	0.0	2.01490302054	0.0
0.0	0.0	0.0	0.0	0.0	0.0	0.0	2.01490302054	0.0	0.0	0.0	0.0	0.0	0.0
0.0	0.0	0.0	0.0	0.0	0.0	0.0	0.0	0.0	2.01490302054	0.0	0.0	0.0	0.0
0.0	0.0	0.0	1.60943791243	0.0	0.0	1.60943791243	0.0	0.0	0.0	0.0	0.0	0.0	0.0
0.0	0.0	0.0	0.0	0.0	0.0	0.0	0.0	0.0	0.0	0.0	0.0	2.01490302054	0.0
0.0	0.0	0.0	0.0	0.0	0.0	0.0	2.01490302054	0.0	0.0	0.0	0.0	0.0	0.0
0.0	0.0	0.0	0.0	0.0	1.60943791243	0.0	1.60943791243	0.0	0.0	0.0	0.0	0.0	0.0
0.916290731874	0.0	0.0	0.0	0.916290731874	0.0	0.0	0.0	0.916290731874	0.0	6.41403512312	0.0	0.0	0.916290731874
0.0	0.0	0.0	0.0	0.0	0.0	0.0	0.0	1.60943791243	0.0	0.0	0.0	0.0	1.60943791243
0.0	0.0	0.0	0.0	0.0	0.0	2.01490302054	0.0	0.0	0.0	0.0	0.0	0.0	0.0
0.0	0.0	0.0	0.0	0.0	0.0	0.0	0.0	0.0	0.0	0.0	0.0	0.0	2.01490302054
1.02165124753	0.0	0.0	2.04330249506	0.0	0.510825623766	0.510825623766	0.0	0.0	0.0	1.5324768713	0.510825623766	0.510825623766	0.510825623766
1.60943791243	0.0	0.0	0.0	0.0	0.0	1.60943791243	0.0	0.0	0.0	0.0	0.0	0.0	0.0
0.0	0.0	0.0	0.0	0.0	0.0	0.0	0.0	0.0	0.0	6.04470906163	0.0	0.0	0.0
0.0	0.0	0.0	2.01490302054	0.0	0.0	0.0	0.0	0.0	0.0	0.0	0.0	0.0	0.0
0.0	0.0	0.0	0.0	0.0	0.0	0.0	0.0	0.0	0.0	0.0	0.0	2.01490302054	0.0
0.0	0.0	0.0	0.0	0.0	0.0	2.01490302054	0.0	0.0	0.0	0.0	0.0	0.0	0.0
0.0	0.0	0.0	0.0	0.0	4.02980604108	0.0	0.0	0.0	0.0	0.0	0.0	0.0	0.0
0.0	0.0	0.0	0.0	0.0	0.0	0.0	2.01490302054	0.0	0.0	0.0	0.0	0.0	0.0
0.0	0.0	0.0	1.60943791243	0.0	0.0	1.60943791243	0.0	0.0	0.0	0.0	0.0	0.0	0.0
0.0	0.0	0.0	0.0	0.0	0.0	0.0	2.01490302054	0.0	0.0	0.0	0.0	0.0	0.0
0.0	0.0	0.0	0.0	0.0	0.0	0.0	0.0	0.0	0.0	0.0	2.01490302054	0.0	0.0
0.0	0.0	0.0	0.0	0.0	0.0	1.60943791243	0.0	0.0	0.0	0.0	0.0	3.21887582487	0.0
0.0	0.0	0.0	3.21887582487	0.0	0.0	0.0	0.0	0.0	0.0	0.0	0.0	1.60943791243	0.0
0.0	0.0	0.0	0.0	0.0	0.0	0.0	0.0	0.0	0.0	0.0	0.0	2.01490302054	0.0
0.0	0.0	0.0	0.0	0.0	0.0	0.0	0.0	0.0	2.01490302054	0.0	0.0	0.0	0.0
0.0	0.0	0.0	0.0	0.0	0.0	2.01490302054	0.0	0.0	0.0	0.0	0.0	0.0	0.0
0.0	0.0	0.0	0.0	0.0	0.0	0.0	0.0	0.0	0.0	2.01490302054	0.0	0.0	0.0
0.0	0.0	0.0	0.0	0.0	0.0	3.21887582487	0.0	0.0	0.0	0.0	0.0	1.60943791243	0.0
0.0	0.0	0.0	0.0	0.0	0.0	0.0	0.0	0.0	2.01490302054	0.0	0.0	0.0	0.0
0.0	0.0	0.0	0.0	0.0	0.0	0.0	0.0	0.0	0.0	0.0	0.0	2.01490302054	0.0
0.0	0.0	0.0	0.0	0.0	0.0	0.0	0.0	0.0	0.0	0.0	0.0	2.01490302054	0.0
0.0	0.0	0.0	0.0	0.0	0.0	0.0	0.0	0.0	0.0	0.0	0.0	2.01490302054	0.0
0.0	0.0	0.0	0.0	0.0	0.0	0.0	0.0	0.0	0.0	2.01490302054	0.0	0.0	0.0
0.0	0.0	0.0	0.0	0.0	0.0	0.0	0.0	0.0	0.0	2.01490302054	0.0	0.0	0.0
0.0	0.0	0.0	0.0	4.02980604108	0.0	0.0	0.0	0.0	0.0	0.0	0.0	0.0	0.0
0.0	0.0	0.0	0.0	0.0	0.0	0.0	0.0	0.0	0.0	0.0	0.0	2.01490302054	0.0
0.0	2.01490302054	0.0	0.0	0.0	0.0	0.0	0.0	0.0	0.0	0.0	0.0	0.0	0.0
0.0	0.0	0.0	0.0	2.01490302054	0.0	0.0	0.0	0.0	0.0	0.0	0.0	0.0	0.0
0.0	0.0	0.0	0.0	0.0	0.0	0.0	0.0	0.0	0.0	2.01490302054	0.0	0.0	0.0
0.0	0.0	0.0	0.0	0.0	0.0	0.0	0.0	0.0	0.0	0.0	0.0	2.01490302054	0.0
2.01490302054	0.0	0.0	0.0	0.0	0.0	0.0	0.0	0.0	0.0	0.0	0.0	0.0	0.0
2.01490302054	0.0	0.0	0.0	0.0	0.0	0.0	0.0	0.0	0.0	0.0	0.0	0.0	0.0
0.0	0.0	0.0	0.0	0.0	0.0	0.0	0.0	0.0	0.0	2.01490302054	0.0	0.0	0.0
0.0	0.0	0.0	0.0	0.0	0.0	0.0	0.0	0.0	0.0	2.01490302054	0.0	0.0	0.0
0.0	0.0	0.0	0.0	0.0	0.0	0.0	0.0	1.60943791243	0.0	0.0	0.0	0.0	1.60943791243
0.0	0.0	0.0	0.0	0.0	0.0	0.0	0.0	1.60943791243	0.0	0.0	0.0	0.0	1.60943791243
0.0	0.0	0.0	0.0	0.0	0.0	0.0	0.0	0.0	0.0	2.01490302054	0.0	0.0	0.0
0.0	0.0	2.01490302054	0.0	0.0	0.0	0.0	0.0	0.0	0.0	0.0	0.0	0.0	0.0
0.0	0.0	0.0	0.0	0.0	0.0	0.0	0.0	0.0	0.0	2.01490302054	0.0	0.0	0.0
0.0	0.0	0.0	0.0	0.0	0.0	0.0	0.0	0.0	0.0	0.0	0.0	2.01490302054	0.0
0.0	0.0	0.0	0.0	0.0	0.0	0.0	0.0	0.0	0.0	2.01490302054	0.0	0.0	0.0
0.0	0.0	0.0	0.0	0.0	0.0	0.0	0.0	0.0	0.0	0.0	0.0	2.01490302054	0.0
0.0	0.0	0.0	0.0	0.0	0.0	0.0	0.0	0.0	0.0	2.01490302054	0.0	0.0	0.0
0.0	0.0	0.0	2.01490302054	0.0	0.0	0.0	0.0	0.0	0.0	0.0	0.0	0.0	0.0
0.0	0.0	3.21887582487	0.0	0.0	1.60943791243	0.0	0.0	0.0	0.0	0.0	0.0	0.0	0.0
0.0	0.0	0.0	0.0	0.0	0.0	0.0	0.0	0.0	0.0	0.0	0.0	2.01490302054	0.0
0.0	0.0	0.0	1.60943791243	0.0	0.0	1.60943791243	0.0	0.0	0.0	0.0	0.0	0.0	0.0
0.0	0.0	0.0	0.0	0.0	0.0	0.0	0.0	1.60943791243	0.0	0.0	0.0	0.0	1.60943791243
2.01490302054	0.0	0.0	0.0	0.0	0.0	0.0	0.0	0.0	0.0	0.0	0.0	0.0	0.0
0.0	0.0	0.0	1.60943791243	1.60943791243	0.0	0.0	0.0	0.0	0.0	0.0	0.0	0.0	0.0
0.0	0.0	0.0	0.0	0.0	0.0	0.0	2.01490302054	0.0	0.0	0.0	0.0	0.0	0.0
0.0	0.0	0.0	0.0	2.01490302054	0.0	0.0	0.0	0.0	0.0	0.0	0.0	0.0	0.0
1.32175583998	0.0	0.0	0.0	0.0	1.32175583998	0.0	1.32175583998	0.0	0.0	0.0	0.0	0.0	0.0
0.0	0.0	0.0	0.0	0.0	0.0	0.0	0.0	0.0	0.0	0.0	1.60943791243	3.21887582487	0.0
0.0	0.0	0.0	0.0	0.0	0.0	0.0	0.0	0.0	0.0	4.02980604108	0.0	0.0	0.0
0.0	0.0	0.0	0.0	0.0	2.01490302054	0.0	0.0	0.0	0.0	0.0	0.0	0.0	0.0
0.0	0.0	0.0	1.32175583998	1.32175583998	0.0	0.0	0.0	0.0	0.0	1.32175583998	0.0	0.0	0.0
0.0	0.0	0.0	0.0	0.0	0.0	0.0	0.0	0.0	0.0	0.0	0.0	2.01490302054	0.0
0.0	0.0	0.0	0.0	0.0	0.0	0.0	0.0	0.0	2.01490302054	0.0	0.0	0.0	0.0
0.0	0.0	0.0	3.21887582487	0.0	0.0	1.60943791243	0.0	0.0	0.0	0.0	0.0	0.0	0.0
0.0	0.0	0.0	0.0	0.0	0.0	0.0	0.0	0.0	0.0	2.01490302054	0.0	0.0	0.0
0.0	0.0	0.0	0.0	0.0	0.0	2.01490302054	0.0	0.0	0.0	0.0	0.0	0.0	0.0
0.0	0.0	0.0	0.0	0.0	0.0	0.0	0.0	0.0	0.0	2.01490302054	0.0	0.0	0.0
1.60943791243	0.0	0.0	0.0	0.0	0.0	0.0	0.0	0.0	0.0	0.0	1.60943791243	0.0	0.0
0.0	0.0	0.0	0.0	0.0	0.0	6.04470906163	0.0	0.0	0.0	0.0	0.0	0.0	0.0
0.0	0.0	0.0	0.0	0.0	0.0	0.0	0.0	1.60943791243	0.0	0.0	0.0	0.0	1.60943791243
0.0	0.0	0.0	2.01490302054	0.0	0.0	0.0	0.0	0.0	0.0	0.0	0.0	0.0	0.0
0.0	0.0	0.0	0.0	0.0	0.0	0.0	0.0	0.0	0.0	0.0	0.0	2.01490302054	0.0
0.0	0.0	0.0	2.01490302054	0.0	0.0	0.0	0.0	0.0	0.0	0.0	0.0	0.0	0.0
0.0	0.0	0.0	0.0	0.0	0.0	0.0	0.0	0.0	0.0	0.0	0.0	2.01490302054	0.0
0.0	0.0	0.0	1.60943791243	0.0	0.0	0.0	0.0	0.0	0.0	0.0	0.0	1.60943791243	0.0
0.0	0.0	0.0	0.0	0.0	0.0	0.0	0.0	0.0	0.0	0.0	0.0	2.01490302054	0.0
0.0	0.0	0.0	0.0	0.0	0.0	0.0	0.0	0.0	0.0	4.02980604108	0.0	0.0	0.0
0.0	0.0	0.0	2.01490302054	0.0	0.0	0.0	0.0	0.0	0.0	0.0	0.0	0.0	0.0
0.0	0.0	0.0	0.0	0.0	0.0	0.0	0.0	0.0	0.0	2.01490302054	0.0	0.0	0.0
0.0	0.0	0.0	0.0	0.0	0.0	2.01490302054	0.0	0.0	0.0	0.0	0.0	0.0	0.0
0.0	0.0	0.0	0.0	2.01490302054	0.0	0.0	0.0	0.0	0.0	0.0	0.0	0.0	0.0
4.02980604108	0.0	0.0	0.0	0.0	0.0	0.0	0.0	0.0	0.0	0.0	0.0	0.0	0.0
0.0	0.0	0.0	0.0	0.0	2.01490302054	0.0	0.0	0.0	0.0	0.0	0.0	0.0	0.0
0.0	0.0	0.0	0.0	0.0	0.0	2.01490302054	0.0	0.0	0.0	0.0	0.0	0.0	0.0
2.01490302054	0.0	0.0	0.0	0.0	0.0	0.0	0.0	0.0	0.0	0.0	0.0	0.0	0.0
0.0	0.0	0.0	0.0	0.0	0.0	0.0	0.0	1.60943791243	0.0	0.0	0.0	0.0	1.60943791243
0.0	0.0	0.0	0.0	0.0	0.0	0.0	2.01490302054	0.0	0.0	0.0	0.0	0.0	0.0
0.0	0.0	0.0	0.0	0.0	0.0	2.01490302054	0.0	0.0	0.0	0.0	0.0	0.0	0.0
0.0	0.0	0.0	0.0	4.02980604108	0.0	0.0	0.0	0.0	0.0	0.0	0.0	0.0	0.0
0.0	0.0	0.0	0.0	0.0	0.0	0.0	0.0	0.0	0.0	0.0	0.0	2.01490302054	0.0
0.0	0.0	0.0	0.0	0.0	0.0	0.0	0.0	1.60943791243	0.0	0.0	0.0	0.0	1.60943791243
0.0	0.0	0.0	0.0	0.0	0.0	0.0	2.01490302054	0.0	0.0	0.0	0.0	0.0	0.0
0.0	0.0	0.0	1.32175583998	0.0	0.0	1.32175583998	1.32175583998	0.0	0.0	0.0	0.0	0.0	0.0
0.0	0.0	0.0	0.0	0.0	0.0	0.0	0.0	0.0	0.0	0.0	0.0	2.01490302054	0.0
0.0	0.0	0.0	0.0	0.0	0.0	0.0	0.0	0.0	0.0	0.0	0.0	2.01490302054	0.0
0.0	0.0	0.0	0.0	0.0	0.0	2.01490302054	0.0	0.0	0.0	0.0	0.0	0.0	0.0
0.0	0.0	0.0	0.0	0.0	2.01490302054	0.0	0.0	0.0	0.0	0.0	0.0	0.0	0.0
0.0	0.0	0.0	0.0	0.0	0.0	2.01490302054	0.0	0.0	0.0	0.0	0.0	0.0	0.0
0.0	0.0	0.0	2.01490302054	0.0	0.0	0.0	0.0	0.0	0.0	0.0	0.0	0.0	0.0
0.0	0.0	0.0	0.0	0.0	4.02980604108	0.0	0.0	0.0	0.0	0.0	0.0	0.0	0.0
0.0	0.0	0.0	0.0	0.0	0.0	0.0	2.01490302054	0.0	0.0	0.0	0.0	0.0	0.0
0.0	0.0	0.0	0.0	0.0	0.0	0.0	0.0	0.0	0.0	0.0	0.0	2.01490302054	0.0
0.0	0.0	0.0	0.0	0.0	0.0	0.0	0.0	0.0	0.0	0.0	0.0	2.01490302054	0.0
1.60943791243	0.0	0.0	0.0	0.0	0.0	0.0	1.60943791243	0.0	0.0	0.0	0.0	0.0	0.0
0.0	0.0	0.0	0.0	0.0	0.0	3.21887582487	0.0	0.0	0.0	0.0	1.60943791243	0.0	0.0
0.0	0.0	0.0	2.01490302054	0.0	0.0	0.0	0.0	0.0	0.0	0.0	0.0	0.0	0.0
0.0	0.0	0.0	1.60943791243	0.0	0.0	0.0	0.0	0.0	0.0	0.0	0.0	1.60943791243	0.0
0.0	0.0	0.0	1.60943791243	0.0	0.0	1.60943791243	0.0	0.0	0.0	0.0	0.0	0.0	0.0
0.0	0.0	0.0	0.0	0.0	0.0	0.0	0.0	0.0	0.0	0.0	0.0	2.01490302054	0.0
0.0	0.0	0.0	0.0	0.0	1.60943791243	0.0	0.0	0.0	0.0	0.0	3.21887582487	0.0	0.0
0.0	0.0	0.0	0.0	0.0	0.0	0.0	0.0	0.0	0.0	2.01490302054	0.0	0.0	0.0
0.0	0.0	0.0	0.0	0.0	0.0	0.0	0.0	0.0	0.0	2.01490302054	0.0	0.0	0.0
0.0	0.0	0.0	1.60943791243	0.0	0.0	0.0	0.0	0.0	0.0	0.0	0.0	3.21887582487	0.0
0.0	0.0	0.0	0.0	0.0	0.0	1.60943791243	0.0	0.0	0.0	1.60943791243	0.0	0.0	0.0
1.60943791243	0.0	0.0	0.0	0.0	0.0	0.0	0.0	0.0	0.0	0.0	1.60943791243	0.0	0.0
0.0	0.0	0.0	0.0	0.0	0.0	0.0	0.0	0.0	0.0	12.0894181233	0.0	0.0	0.0
0.0	0.0	0.0	0.0	0.0	2.01490302054	0.0	0.0	0.0	0.0	0.0	0.0	0.0	0.0
0.0	0.0	0.0	0.0	0.0	0.0	0.0	0.0	0.0	0.0	0.0	0.0	2.01490302054	0.0
0.0	0.0	0.0	0.0	0.0	0.0	0.0	0.0	0.0	0.0	0.0	0.0	0.0	2.01490302054
0.0	0.0	0.0	1.60943791243	0.0	0.0	0.0	1.60943791243	0.0	0.0	0.0	0.0	0.0	0.0
0.0	0.0	2.01490302054	0.0	0.0	0.0	0.0	0.0	0.0	0.0	0.0	0.0	0.0	0.0
0.0	0.0	0.0	2.01490302054	0.0	0.0	0.0	0.0	0.0	0.0	0.0	0.0	0.0	0.0
0.0	0.0	0.0	0.0	0.0	0.0	0.0	8.05961208217	0.0	0.0	0.0	0.0	0.0	0.0
0.0	0.0	0.0	0.0	0.0	0.0	0.0	0.0	0.0	0.0	0.0	2.01490302054	0.0	0.0
0.0	0.0	0.0	0.0	0.0	0.0	0.0	0.0	0.0	0.0	0.0	0.0	2.01490302054	0.0
0.0	0.0	0.0	1.09861228867	0.0	0.0	1.09861228867	1.09861228867	0.0	0.0	0.0	1.09861228867	0.0	0.0
0.0	0.0	0.0	0.0	0.0	0.0	0.0	0.0	0.0	0.0	6.04470906163	0.0	0.0	0.0
0.0	0.0	0.0	0.0	0.0	0.0	0.0	0.0	0.0	0.0	2.01490302054	0.0	0.0	0.0
0.0	0.0	0.0	0.0	0.0	0.0	0.0	0.0	0.0	0.0	0.0	0.0	2.01490302054	0.0
0.0	0.0	0.0	0.0	0.0	0.0	0.0	0.0	0.0	0.0	0.0	0.0	2.01490302054	0.0
0.0	0.0	0.0	0.0	0.0	0.0	2.01490302054	0.0	0.0	0.0	0.0	0.0	0.0	0.0
0.0	0.0	0.0	0.0	0.0	0.0	0.0	0.0	0.0	0.0	8.05961208217	0.0	0.0	0.0
0.0	0.0	0.0	0.0	0.0	0.0	0.0	0.0	0.0	0.0	2.01490302054	0.0	0.0	0.0
0.0	0.0	0.0	2.01490302054	0.0	0.0	0.0	0.0	0.0	0.0	0.0	0.0	0.0	0.0
0.0	0.0	0.0	0.0	0.0	0.0	0.0	0.0	0.0	0.0	0.0	0.0	2.01490302054	0.0
0.0	0.0	0.0	0.0	0.0	2.01490302054	0.0	0.0	0.0	0.0	0.0	0.0	0.0	0.0
0.0	1.32175583998	0.0	0.0	0.0	0.0	0.0	0.0	0.0	0.0	0.0	0.0	1.32175583998	1.32175583998
0.0	0.0	0.0	0.0	2.01490302054	0.0	0.0	0.0	0.0	0.0	0.0	0.0	0.0	0.0
0.0	0.0	2.01490302054	0.0	0.0	0.0	0.0	0.0	0.0	0.0	0.0	0.0	0.0	0.0
0.0	0.0	0.0	0.0	0.0	0.0	0.0	0.0	0.0	0.0	2.01490302054	0.0	0.0	0.0
0.0	0.0	0.0	0.0	0.0	0.0	0.0	0.0	0.0	0.0	0.0	2.01490302054	0.0	0.0
0.0	0.0	0.0	1.60943791243	0.0	0.0	0.0	3.21887582487	0.0	0.0	0.0	0.0	0.0	0.0
0.0	0.0	0.0	0.0	0.0	0.0	0.0	0.0	0.0	0.0	0.0	2.01490302054	0.0	0.0
0.0	0.0	0.0	0.0	0.0	0.0	0.0	0.0	0.0	2.01490302054	0.0	0.0	0.0	0.0
1.09861228867	0.0	0.0	0.0	0.0	1.09861228867	0.0	0.0	0.0	0.0	1.09861228867	0.0	1.09861228867	0.0
0.0	0.0	0.0	0.0	0.0	0.0	0.0	0.0	0.0	2.01490302054	0.0	0.0	0.0	0.0
0.0	0.0	0.0	0.0	0.0	1.60943791243	0.0	1.60943791243	0.0	0.0	0.0	0.0	0.0	0.0
0.0	0.0	0.0	0.762140052047	0.0	0.0	1.52428010409	1.52428010409	0.762140052047	0.0	0.0	0.0	0.762140052047	0.762140052047
0.0	0.0	0.0	0.0	0.0	0.0	0.0	0.0	0.0	4.02980604108	0.0	0.0	0.0	0.0
0.0	1.60943791243	0.0	0.0	0.0	0.0	0.0	0.0	0.0	0.0	0.0	0.0	1.60943791243	0.0
0.0	0.0	0.0	0.0	0.0	0.0	0.0	0.0	0.0	0.0	0.0	0.0	2.01490302054	0.0
0.0	0.0	0.0	0.0	0.0	0.0	0.0	0.0	0.0	0.0	0.0	0.0	2.01490302054	0.0
0.0	0.0	0.0	0.0	0.0	0.0	2.01490302054	0.0	0.0	0.0	0.0	0.0	0.0	0.0
0.0	0.0	0.0	0.0	0.0	0.0	0.0	0.0	0.0	0.0	0.0	0.0	2.01490302054	0.0
0.0	0.0	0.0	0.0	0.0	0.0	0.0	2.01490302054	0.0	0.0	0.0	0.0	0.0	0.0
0.0	0.0	0.0	0.0	0.0	0.0	0.0	0.0	0.0	3.21887582487	0.0	0.0	4.8283137373	0.0
0.0	0.0	0.0	0.0	0.0	0.0	4.8283137373	1.60943791243	0.0	0.0	0.0	0.0	0.0	0.0
0.0	0.0	0.0	0.0	0.0	0.0	2.01490302054	0.0	0.0	0.0	0.0	0.0	0.0	0.0
0.0	0.0	0.0	0.0	0.0	0.0	0.0	0.0	0.0	0.0	0.0	0.0	2.01490302054	0.0
0.0	0.0	0.0	0.0	0.0	0.0	0.0	0.0	0.0	0.0	0.0	0.0	2.01490302054	0.0
0.0	0.0	0.0	0.0	0.0	0.0	0.0	0.0	0.0	0.0	2.01490302054	0.0	0.0	0.0
0.0	0.0	0.0	2.01490302054	0.0	0.0	0.0	0.0	0.0	0.0	0.0	0.0	0.0	0.0
0.0	0.0	0.0	2.01490302054	0.0	0.0	0.0	0.0	0.0	0.0	0.0	0.0	0.0	0.0
0.0	0.0	0.0	0.0	0.0	0.0	0.0	0.0	1.60943791243	0.0	0.0	0.0	0.0	1.60943791243
0.0	4.02980604108	0.0	0.0	0.0	0.0	0.0	0.0	0.0	0.0	0.0	0.0	0.0	0.0
0.0	0.0	2.01490302054	0.0	0.0	0.0	0.0	0.0	0.0	0.0	0.0	0.0	0.0	0.0
0.0	0.0	0.0	0.0	0.0	1.32175583998	0.0	0.0	1.32175583998	0.0	0.0	0.0	0.0	1.32175583998
0.0	0.0	0.0	0.0	0.0	0.0	0.0	0.0	0.0	0.0	2.01490302054	0.0	0.0	0.0
0.0	0.0	0.0	0.0	0.0	0.0	0.0	0.0	0.0	0.0	0.0	0.0	6.04470906163	0.0
0.0	0.0	0.0	0.0	2.01490302054	0.0	0.0	0.0	0.0	0.0	0.0	0.0	0.0	0.0
0.0	0.0	0.0	0.0	2.01490302054	0.0	0.0	0.0	0.0	0.0	0.0	0.0	0.0	0.0
0.0	0.0	0.0	0.0	0.0	0.0	0.0	0.0	0.0	0.0	2.01490302054	0.0	0.0	0.0
0.0	0.0	0.0	0.0	0.0	0.0	0.0	2.01490302054	0.0	0.0	0.0	0.0	0.0	0.0
0.0	2.64351167996	0.0	1.32175583998	0.0	0.0	0.0	1.32175583998	0.0	0.0	0.0	0.0	0.0	0.0
0.0	0.0	0.0	1.32175583998	0.0	0.0	1.32175583998	3.96526751995	0.0	0.0	0.0	0.0	0.0	0.0
0.0	0.0	0.0	2.01490302054	0.0	0.0	0.0	0.0	0.0	0.0	0.0	0.0	0.0	0.0
0.0	0.0	0.0	0.0	0.0	0.0	0.0	0.0	0.0	0.0	0.0	0.0	2.01490302054	0.0
0.0	0.0	0.0	2.01490302054	0.0	0.0	0.0	0.0	0.0	0.0	0.0	0.0	0.0	0.0
0.0	0.0	0.0	2.01490302054	0.0	0.0	0.0	0.0	0.0	0.0	0.0	0.0	0.0	0.0
0.0	0.0	0.0	0.0	0.0	0.0	0.0	2.01490302054	0.0	0.0	0.0	0.0	0.0	0.0
0.0	2.01490302054	0.0	0.0	0.0	0.0	0.0	0.0	0.0	0.0	0.0	0.0	0.0	0.0
0.0	0.0	0.0	0.0	0.0	0.0	0.0	2.01490302054	0.0	0.0	0.0	0.0	0.0	0.0
0.0	0.0	0.0	0.0	0.0	0.0	0.0	0.0	0.0	0.0	2.01490302054	0.0	0.0	0.0
0.0	0.0	0.0	0.0	0.0	0.0	0.0	2.01490302054	0.0	0.0	0.0	0.0	0.0	0.0
0.0	0.0	0.0	0.0	0.0	0.0	0.0	0.0	0.0	0.0	0.0	0.0	2.01490302054	0.0
0.0	0.0	2.01490302054	0.0	0.0	0.0	0.0	0.0	0.0	0.0	0.0	0.0	0.0	0.0
0.0	0.0	0.0	0.0	0.0	0.0	0.0	0.0	0.0	2.01490302054	0.0	0.0	0.0	0.0
1.60943791243	0.0	0.0	0.0	0.0	0.0	0.0	17.7038170368	0.0	0.0	0.0	0.0	0.0	0.0
0.0	0.0	4.02980604108	0.0	0.0	0.0	0.0	0.0	0.0	0.0	0.0	0.0	0.0	0.0
0.0	0.0	0.0	2.01490302054	0.0	0.0	0.0	0.0	0.0	0.0	0.0	0.0	0.0	0.0
0.0	0.0	0.0	0.0	0.0	0.0	0.0	2.01490302054	0.0	0.0	0.0	0.0	0.0	0.0
2.01490302054	0.0	0.0	0.0	0.0	0.0	0.0	0.0	0.0	0.0	0.0	0.0	0.0	0.0
0.0	0.0	0.0	0.0	0.0	0.0	0.0	0.0	0.0	0.0	2.01490302054	0.0	0.0	0.0
0.0	0.0	0.0	0.0	0.0	0.0	0.0	0.0	0.0	0.0	0.0	0.0	4.02980604108	0.0
0.0	0.0	0.0	0.0	0.0	0.0	0.0	2.01490302054	0.0	0.0	0.0	0.0	0.0	0.0
0.0	0.0	0.0	0.0	0.0	0.0	0.0	0.0	0.0	0.0	0.0	0.0	4.02980604108	0.0
0.0	0.0	0.0	2.01490302054	0.0	0.0	0.0	0.0	0.0	0.0	0.0	0.0	0.0	0.0
0.0	0.0	0.0	0.0	0.0	0.0	0.0	3.21887582487	0.0	0.0	1.60943791243	0.0	0.0	0.0
0.0	0.0	0.0	0.0	0.0	0.0	0.0	0.0	0.0	0.0	0.0	0.0	2.01490302054	0.0
1.60943791243	0.0	0.0	0.0	0.0	0.0	0.0	0.0	0.0	0.0	1.60943791243	0.0	0.0	0.0
0.0	0.0	0.0	0.0	0.0	0.0	0.0	0.0	0.0	0.0	0.0	0.0	2.01490302054	0.0
0.0	0.0	0.0	2.01490302054	0.0	0.0	0.0	0.0	0.0	0.0	0.0	0.0	0.0	0.0
0.0	0.0	0.0	0.0	0.0	0.0	0.0	4.02980604108	0.0	0.0	0.0	0.0	0.0	0.0
0.0	0.0	0.0	0.0	0.0	1.60943791243	1.60943791243	0.0	0.0	0.0	0.0	0.0	0.0	0.0
0.0	0.0	2.01490302054	0.0	0.0	0.0	0.0	0.0	0.0	0.0	0.0	0.0	0.0	0.0
0.0	0.0	0.0	0.0	0.0	0.0	0.0	0.0	1.60943791243	0.0	0.0	0.0	0.0	1.60943791243
0.0	0.0	0.0	0.0	0.0	0.0	0.0	0.0	0.0	0.0	0.0	0.0	2.01490302054	0.0
0.0	0.0	2.01490302054	0.0	0.0	0.0	0.0	0.0	0.0	0.0	0.0	0.0	0.0	0.0
0.0	0.0	0.0	0.0	0.0	0.0	2.01490302054	0.0	0.0	0.0	0.0	0.0	0.0	0.0
0.0	0.0	0.0	0.0	0.0	0.0	0.0	0.0	0.0	0.0	0.0	0.0	2.01490302054	0.0
0.0	0.0	0.0	1.32175583998	0.0	0.0	0.0	1.32175583998	0.0	0.0	0.0	0.0	1.32175583998	0.0
0.0	0.0	0.0	0.0	0.0	0.0	0.0	0.0	0.0	0.0	0.0	0.0	2.01490302054	0.0
0.0	0.0	0.0	0.0	1.60943791243	0.0	0.0	0.0	0.0	0.0	6.43775164974	0.0	0.0	0.0
0.0	0.0	0.0	1.60943791243	0.0	0.0	0.0	1.60943791243	0.0	0.0	0.0	0.0	0.0	0.0
0.0	0.0	0.0	0.0	0.0	0.0	0.0	0.0	0.0	0.0	0.0	1.60943791243	17.7038170368	0.0
0.0	0.0	0.0	0.0	0.0	0.0	2.01490302054	0.0	0.0	0.0	0.0	0.0	0.0	0.0
0.0	0.0	0.0	3.21887582487	1.60943791243	0.0	0.0	0.0	0.0	0.0	0.0	0.0	0.0	0.0
0.0	0.0	0.0	1.32175583998	0.0	0.0	3.96526751995	0.0	0.0	0.0	0.0	1.32175583998	0.0	0.0
0.0	0.0	0.0	0.0	0.0	0.0	0.0	0.0	0.0	0.0	0.0	0.0	2.01490302054	0.0
0.0	0.0	0.0	0.0	0.0	0.0	0.0	0.0	0.0	0.0	0.0	0.0	4.02980604108	0.0
2.01490302054	0.0	0.0	0.0	0.0	0.0	0.0	0.0	0.0	0.0	0.0	0.0	0.0	0.0
0.0	0.0	0.0	0.0	0.0	0.0	0.0	0.0	1.32175583998	0.0	1.32175583998	0.0	0.0	1.32175583998
0.0	1.60943791243	0.0	0.0	0.0	0.0	0.0	0.0	0.0	3.21887582487	0.0	0.0	0.0	0.0
0.0	0.0	0.0	0.0	0.0	0.0	0.0	2.01490302054	0.0	0.0	0.0	0.0	0.0	0.0
0.0	0.0	0.0	0.0	0.0	0.0	0.0	0.0	0.0	0.0	0.0	0.0	2.01490302054	0.0
0.0	0.0	0.0	0.0	0.0	0.0	2.01490302054	0.0	0.0	0.0	0.0	0.0	0.0	0.0
0.0	0.0	1.60943791243	0.0	0.0	0.0	0.0	0.0	0.0	3.21887582487	0.0	0.0	0.0	0.0
0.0	0.0	0.0	0.0	0.0	0.0	1.60943791243	1.60943791243	0.0	0.0	0.0	0.0	0.0	0.0
0.0	0.0	0.0	1.32175583998	0.0	0.0	1.32175583998	0.0	0.0	0.0	0.0	0.0	1.32175583998	0.0
0.0	2.01490302054	0.0	0.0	0.0	0.0	0.0	0.0	0.0	0.0	0.0	0.0	0.0	0.0
0.0	0.0	0.0	2.01490302054	0.0	0.0	0.0	0.0	0.0	0.0	0.0	0.0	0.0	0.0
0.0	0.0	0.0	0.0	2.01490302054	0.0	0.0	0.0	0.0	0.0	0.0	0.0	0.0	0.0
0.0	0.0	0.0	1.32175583998	0.0	2.64351167996	1.32175583998	0.0	0.0	0.0	0.0	0.0	0.0	0.0
0.0	0.0	0.0	0.0	0.0	0.0	0.0	2.01490302054	0.0	0.0	0.0	0.0	0.0	0.0
0.0	0.0	0.0	0.0	0.0	0.0	0.0	0.0	0.0	0.0	0.0	0.0	2.01490302054	0.0
2.01490302054	0.0	0.0	0.0	0.0	0.0	0.0	0.0	0.0	0.0	0.0	0.0	0.0	0.0
0.0	0.0	0.0	0.0	0.0	0.0	0.0	0.0	0.0	0.0	0.0	0.0	2.01490302054	0.0
0.0	0.0	0.0	0.0	0.0	0.0	0.0	0.0	0.0	0.0	2.01490302054	0.0	0.0	0.0
0.0	0.0	0.0	0.0	0.0	2.01490302054	0.0	0.0	0.0	0.0	0.0	0.0	0.0	0.0
0.0	0.0	0.0	0.0	0.0	0.0	0.0	0.0	0.0	0.0	2.01490302054	0.0	0.0	0.0
0.0	0.0	0.0	2.01490302054	0.0	0.0	0.0	0.0	0.0	0.0	0.0	0.0	0.0	0.0
0.0	0.0	0.0	0.0	0.0	0.0	0.0	0.0	0.0	0.0	0.0	0.0	2.01490302054	0.0
0.0	0.0	0.0	0.0	0.0	2.01490302054	0.0	0.0	0.0	0.0	0.0	0.0	0.0	0.0
0.0	0.0	0.0	0.0	0.0	0.0	0.0	0.0	0.0	0.0	2.01490302054	0.0	0.0	0.0
0.0	0.0	2.01490302054	0.0	0.0	0.0	0.0	0.0	0.0	0.0	0.0	0.0	0.0	0.0
0.0	0.0	0.0	0.0	0.0	1.09861228867	1.09861228867	0.0	0.0	1.09861228867	1.09861228867	0.0	0.0	0.0
0.0	0.0	0.0	2.01490302054	0.0	0.0	0.0	0.0	0.0	0.0	0.0	0.0	0.0	0.0
0.0	0.0	0.0	0.0	0.0	0.0	6.04470906163	0.0	0.0	0.0	0.0	0.0	0.0	0.0
0.0	0.0	0.0	0.0	0.0	2.01490302054	0.0	0.0	0.0	0.0	0.0	0.0	0.0	0.0
0.0	0.0	0.0	0.0	0.0	0.0	0.0	2.01490302054	0.0	0.0	0.0	0.0	0.0	0.0
0.0	0.0	0.0	0.0	0.0	0.0	0.0	0.0	0.0	0.0	0.0	0.0	2.01490302054	0.0
0.0	0.0	0.0	2.19722457734	0.0	0.0	2.19722457734	0.0	2.19722457734	0.0	0.0	0.0	0.0	2.19722457734
0.0	0.0	0.0	0.0	0.0	0.0	0.0	0.0	0.0	0.0	0.0	0.0	2.01490302054	0.0
0.0	1.60943791243	0.0	0.0	0.0	0.0	1.60943791243	0.0	0.0	0.0	0.0	0.0	0.0	0.0
0.0	0.0	0.0	0.0	0.0	0.0	0.0	0.0	0.0	2.01490302054	0.0	0.0	0.0	0.0
0.0	0.0	0.0	2.64351167996	0.0	0.0	1.32175583998	1.32175583998	0.0	0.0	0.0	0.0	0.0	0.0
0.0	0.0	0.0	0.0	0.0	2.01490302054	0.0	0.0	0.0	0.0	0.0	0.0	0.0	0.0
0.0	0.0	0.0	0.0	0.0	0.0	0.0	0.0	0.0	0.0	2.01490302054	0.0	0.0	0.0
0.0	2.01490302054	0.0	0.0	0.0	0.0	0.0	0.0	0.0	0.0	0.0	0.0	0.0	0.0
0.0	0.0	0.0	0.0	0.0	0.0	0.0	0.0	0.0	0.0	0.0	0.0	2.01490302054	0.0
0.0	0.0	0.0	0.0	0.0	0.0	0.0	0.0	0.0	0.0	3.21887582487	0.0	1.60943791243	0.0
0.0	0.0	0.0	0.0	0.0	0.0	0.0	0.0	0.0	0.0	0.0	0.0	2.01490302054	0.0
0.0	0.0	0.0	0.0	0.0	0.0	0.0	0.0	0.0	0.0	0.0	0.0	2.01490302054	0.0
0.0	0.0	0.0	0.0	0.0	0.0	0.0	0.0	0.0	0.0	0.0	0.0	2.01490302054	0.0
0.0	0.0	0.0	0.0	0.0	0.0	0.0	0.0	0.0	4.02980604108	0.0	0.0	0.0	0.0
0.0	0.0	0.0	0.0	0.0	0.0	0.0	0.0	0.0	0.0	0.0	0.0	2.01490302054	0.0
0.0	2.01490302054	0.0	0.0	0.0	0.0	0.0	0.0	0.0	0.0	0.0	0.0	0.0	0.0
0.0	0.0	0.0	0.0	0.0	0.0	0.0	2.01490302054	0.0	0.0	0.0	0.0	0.0	0.0
0.0	0.0	2.01490302054	0.0	0.0	0.0	0.0	0.0	0.0	0.0	0.0	0.0	0.0	0.0
0.0	0.0	0.0	0.0	0.0	0.0	0.0	0.0	0.0	0.0	0.0	0.0	6.04470906163	0.0
0.0	0.0	0.0	0.0	0.0	0.0	0.0	0.0	1.60943791243	0.0	0.0	0.0	0.0	1.60943791243
1.09861228867	0.0	1.09861228867	0.0	3.295836866	0.0	0.0	0.0	0.0	0.0	0.0	0.0	2.19722457734	0.0
0.0	0.0	4.02980604108	0.0	0.0	0.0	0.0	0.0	0.0	0.0	0.0	0.0	0.0	0.0
0.0	0.0	0.0	1.60943791243	0.0	0.0	1.60943791243	0.0	0.0	0.0	0.0	0.0	0.0	0.0
0.0	0.0	0.0	0.0	0.0	0.0	1.60943791243	1.60943791243	0.0	0.0	0.0	0.0	0.0	0.0
0.0	0.0	0.0	0.0	0.0	0.0	0.0	0.0	0.0	0.0	2.01490302054	0.0	0.0	0.0
0.0	0.0	0.0	0.0	0.0	0.0	0.0	0.0	0.0	0.0	0.0	0.0	0.0	2.01490302054
0.0	0.0	0.0	0.0	2.01490302054	0.0	0.0	0.0	0.0	0.0	0.0	0.0	0.0	0.0
0.0	0.0	0.0	0.0	0.0	0.0	0.0	0.0	0.0	0.0	2.01490302054	0.0	0.0	0.0
0.0	0.0	2.01490302054	0.0	0.0	0.0	0.0	0.0	0.0	0.0	0.0	0.0	0.0	0.0
0.0	0.0	0.0	2.01490302054	0.0	0.0	0.0	0.0	0.0	0.0	0.0	0.0	0.0	0.0
0.0	0.0	0.0	0.0	0.0	0.0	2.01490302054	0.0	0.0	0.0	0.0	0.0	0.0	0.0
0.0	0.0	0.0	2.01490302054	0.0	0.0	0.0	0.0	0.0	0.0	0.0	0.0	0.0	0.0
0.0	0.0	2.64351167996	0.0	1.32175583998	0.0	0.0	0.0	0.0	0.0	0.0	0.0	0.0	1.32175583998
0.0	0.0	0.0	0.0	0.0	2.01490302054	0.0	0.0	0.0	0.0	0.0	0.0	0.0	0.0
0.0	0.0	0.0	0.0	0.0	0.0	0.0	0.0	0.0	1.32175583998	2.64351167996	0.0	3.96526751995	0.0
0.0	0.0	0.0	2.01490302054	0.0	0.0	0.0	0.0	0.0	0.0	0.0	0.0	0.0	0.0
0.0	0.0	0.0	3.96526751995	0.0	0.0	0.0	1.32175583998	0.0	0.0	0.0	0.0	1.32175583998	0.0
0.0	0.0	0.0	0.0	0.0	0.0	0.0	0.0	0.0	0.0	0.0	0.0	2.01490302054	0.0
0.0	0.0	0.0	0.0	2.01490302054	0.0	0.0	0.0	0.0	0.0	0.0	0.0	0.0	0.0
0.0	0.0	0.0	0.0	0.0	0.0	0.0	0.0	0.0	0.0	0.0	0.0	2.01490302054	0.0
0.0	0.0	0.0	0.0	0.0	0.0	0.0	0.0	0.0	0.0	1.60943791243	0.0	1.60943791243	0.0
2.01490302054	0.0	0.0	0.0	0.0	0.0	0.0	0.0	0.0	0.0	0.0	0.0	0.0	0.0
0.0	0.0	0.0	0.0	0.0	0.0	0.0	0.0	0.916290731874	0.0	1.83258146375	0.916290731874	4.58145365937	0.916290731874
0.0	0.0	0.0	0.0	2.01490302054	0.0	0.0	0.0	0.0	0.0	0.0	0.0	0.0	0.0
0.0	0.0	0.0	2.01490302054	0.0	0.0	0.0	0.0	0.0	0.0	0.0	0.0	0.0	0.0
0.0	0.0	0.0	0.0	0.0	0.0	0.0	0.0	1.60943791243	0.0	0.0	0.0	0.0	1.60943791243
0.0	0.0	0.0	0.0	0.0	0.0	0.0	0.0	0.0	0.0	0.0	0.0	4.02980604108	0.0
0.0	0.0	0.0	0.0	0.0	0.0	0.0	0.0	0.0	0.0	1.60943791243	0.0	1.60943791243	0.0
0.0	0.0	0.0	0.0	0.0	1.60943791243	0.0	1.60943791243	0.0	0.0	0.0	0.0	0.0	0.0
0.0	0.0	0.0	0.0	6.04470906163	0.0	0.0	0.0	0.0	0.0	0.0	0.0	0.0	0.0
0.0	0.0	0.0	0.0	0.0	0.0	0.0	2.01490302054	0.0	0.0	0.0	0.0	0.0	0.0
0.0	2.01490302054	0.0	0.0	0.0	0.0	0.0	0.0	0.0	0.0	0.0	0.0	0.0	0.0
0.0	0.0	0.0	0.0	0.0	0.0	12.0894181233	0.0	0.0	0.0	0.0	0.0	0.0	0.0
0.0	0.0	0.0	0.0	0.0	0.0	0.0	0.0	0.0	0.0	1.60943791243	1.60943791243	0.0	0.0
0.0	0.0	0.0	1.32175583998	0.0	0.0	0.0	0.0	1.32175583998	0.0	0.0	0.0	0.0	1.32175583998
0.0	0.0	0.0	1.60943791243	0.0	0.0	0.0	0.0	0.0	0.0	0.0	0.0	3.21887582487	0.0
0.0	0.0	0.0	0.0	0.0	0.0	0.0	0.0	0.0	0.0	2.01490302054	0.0	0.0	0.0
0.0	0.0	0.0	0.0	2.01490302054	0.0	0.0	0.0	0.0	0.0	0.0	0.0	0.0	0.0
0.0	0.0	0.0	0.0	0.0	0.0	0.0	0.0	0.0	0.0	2.01490302054	0.0	0.0	0.0
0.0	0.0	0.0	0.0	0.0	0.0	0.0	0.0	0.0	0.0	0.0	0.0	2.01490302054	0.0
0.0	0.0	0.0	0.0	0.0	0.0	0.0	0.0	0.0	0.0	0.0	2.01490302054	0.0	0.0
0.0	2.01490302054	0.0	0.0	0.0	0.0	0.0	0.0	0.0	0.0	0.0	0.0	0.0	0.0
0.0	0.0	0.0	0.0	0.0	0.0	0.0	0.0	0.0	0.0	2.01490302054	0.0	0.0	0.0
0.0	0.0	0.0	0.0	0.0	0.0	0.0	0.0	0.0	0.0	0.0	0.0	2.01490302054	0.0
0.0	0.0	0.0	0.0	0.0	0.0	0.0	2.01490302054	0.0	0.0	0.0	0.0	0.0	0.0
0.0	0.0	0.0	0.0	0.0	0.0	0.0	0.0	0.0	0.0	0.0	0.0	2.01490302054	0.0
0.0	0.0	0.0	1.60943791243	0.0	0.0	1.60943791243	0.0	0.0	0.0	0.0	0.0	0.0	0.0
0.0	0.0	0.0	0.0	0.0	0.0	0.0	0.0	0.0	0.0	0.0	0.0	8.05961208217	0.0
0.0	0.0	0.0	0.0	0.0	0.0	0.0	0.0	0.0	0.0	0.0	0.0	2.01490302054	0.0
0.0	0.0	0.0	2.01490302054	0.0	0.0	0.0	0.0	0.0	0.0	0.0	0.0	0.0	0.0
1.32175583998	0.0	0.0	0.0	0.0	0.0	0.0	0.0	1.32175583998	0.0	0.0	0.0	0.0	1.32175583998
0.0	0.0	2.01490302054	0.0	0.0	0.0	0.0	0.0	0.0	0.0	0.0	0.0	0.0	0.0
0.0	0.0	0.0	0.0	0.0	0.0	0.0	0.0	0.0	0.0	0.0	0.0	2.01490302054	0.0
0.0	0.0	0.0	3.21887582487	0.0	0.0	3.21887582487	0.0	0.0	0.0	0.0	0.0	0.0	0.0
0.0	0.0	0.0	0.0	0.0	0.0	0.0	0.0	0.0	0.0	0.0	0.0	2.01490302054	0.0
0.0	0.0	0.0	0.0	0.0	0.0	0.0	0.0	0.0	0.0	0.0	2.01490302054	0.0	0.0
0.0	0.0	1.60943791243	0.0	0.0	0.0	0.0	0.0	0.0	0.0	1.60943791243	0.0	0.0	0.0
4.02980604108	0.0	0.0	0.0	0.0	0.0	0.0	0.0	0.0	0.0	0.0	0.0	0.0	0.0
2.01490302054	0.0	0.0	0.0	0.0	0.0	0.0	0.0	0.0	0.0	0.0	0.0	0.0	0.0
0.0	0.0	0.0	2.01490302054	0.0	0.0	0.0	0.0	0.0	0.0	0.0	0.0	0.0	0.0
0.0	0.0	0.0	2.01490302054	0.0	0.0	0.0	0.0	0.0	0.0	0.0	0.0	0.0	0.0
0.0	0.0	0.0	0.0	0.0	0.0	0.0	0.0	0.0	0.0	10.0745151027	0.0	0.0	0.0
0.0	0.0	0.0	0.0	0.0	0.0	0.0	0.0	0.0	0.0	0.0	0.0	2.01490302054	0.0
0.0	1.60943791243	0.0	0.0	0.0	0.0	0.0	0.0	0.0	3.21887582487	0.0	0.0	0.0	0.0
0.0	0.0	0.0	0.0	0.0	0.0	0.0	0.0	0.0	0.0	2.01490302054	0.0	0.0	0.0
0.0	0.0	0.0	0.0	0.0	0.0	0.0	0.0	0.0	0.0	0.0	0.0	2.01490302054	0.0
0.0	0.0	0.0	0.0	0.0	0.0	0.0	0.0	0.0	0.0	0.0	0.0	8.05961208217	0.0
0.0	0.0	0.0	0.0	0.0	0.0	0.0	0.0	0.0	0.0	0.0	0.0	2.01490302054	0.0
0.0	0.0	0.0	0.0	0.0	0.0	0.0	0.0	0.0	0.0	10.0745151027	0.0	0.0	0.0
0.0	0.0	0.0	0.0	2.01490302054	0.0	0.0	0.0	0.0	0.0	0.0	0.0	0.0	0.0
0.0	0.0	0.0	0.0	0.0	0.0	0.0	0.0	0.0	0.0	2.01490302054	0.0	0.0	0.0
0.0	0.0	0.0	0.0	2.01490302054	0.0	0.0	0.0	0.0	0.0	0.0	0.0	0.0	0.0
0.0	0.0	0.0	0.0	0.0	0.0	0.0	0.0	0.0	0.0	0.0	0.0	2.01490302054	0.0
0.0	0.0	0.0	0.0	0.0	0.0	0.0	0.0	0.0	0.0	0.0	0.0	2.01490302054	0.0
0.0	0.0	1.60943791243	0.0	0.0	0.0	0.0	0.0	0.0	0.0	0.0	0.0	1.60943791243	0.0
0.0	0.762140052047	0.0	0.762140052047	0.0	0.0	1.52428010409	0.0	0.762140052047	0.0	0.0	0.0	0.762140052047	0.762140052047
0.0	0.0	0.0	0.0	0.0	0.0	0.0	0.0	0.0	2.01490302054	0.0	0.0	0.0	0.0
0.0	0.0	0.0	1.32175583998	0.0	0.0	0.0	0.0	1.32175583998	0.0	0.0	0.0	0.0	2.64351167996
0.0	0.0	0.0	0.0	0.0	0.0	0.0	0.0	0.0	0.0	0.0	0.0	2.01490302054	0.0
0.0	0.0	2.01490302054	0.0	0.0	0.0	0.0	0.0	0.0	0.0	0.0	0.0	0.0	0.0
0.0	0.0	0.0	0.0	0.0	0.0	0.0	0.0	0.0	0.0	0.0	0.0	2.01490302054	0.0
0.0	0.0	0.0	2.01490302054	0.0	0.0	0.0	0.0	0.0	0.0	0.0	0.0	0.0	0.0
0.0	0.0	0.0	0.0	0.0	0.0	0.0	0.0	1.60943791243	0.0	0.0	0.0	0.0	1.60943791243
0.0	0.0	0.0	0.0	0.0	0.0	0.0	0.0	1.32175583998	0.0	0.0	1.32175583998	0.0	1.32175583998
0.0	0.0	0.0	0.0	0.0	0.0	0.0	2.01490302054	0.0	0.0	0.0	0.0	0.0	0.0
0.0	0.0	0.0	0.0	0.0	0.0	0.0	0.0	0.0	0.0	0.0	2.01490302054	0.0	0.0
0.0	0.0	0.0	0.0	0.0	0.0	0.0	0.0	0.0	0.0	2.01490302054	0.0	0.0	0.0
0.0	0.0	0.0	4.02980604108	0.0	0.0	0.0	0.0	0.0	0.0	0.0	0.0	0.0	0.0
0.0	0.0	0.0	0.0	0.0	0.0	0.0	0.0	0.0	0.0	0.0	0.0	2.01490302054	0.0
0.0	0.0	0.0	0.0	0.0	0.0	0.0	1.60943791243	0.0	0.0	1.60943791243	0.0	0.0	0.0
0.0	0.0	0.0	0.0	0.0	0.0	0.0	0.0	0.0	0.0	0.0	0.0	2.01490302054	0.0
0.0	0.0	2.01490302054	0.0	0.0	0.0	0.0	0.0	0.0	0.0	0.0	0.0	0.0	0.0
0.0	0.0	0.0	0.0	0.0	0.0	0.0	0.0	0.0	0.0	0.0	0.0	0.0	2.01490302054
0.0	0.0	0.0	0.0	0.0	0.0	0.0	0.0	1.60943791243	0.0	0.0	0.0	0.0	1.60943791243
0.0	0.0	0.0	6.04470906163	0.0	0.0	0.0	0.0	0.0	0.0	0.0	0.0	0.0	0.0
0.0	0.0	0.0	0.0	0.0	0.0	0.0	0.0	1.60943791243	0.0	0.0	0.0	0.0	1.60943791243
0.0	0.0	0.0	0.0	0.0	0.0	0.0	0.0	0.0	0.0	2.01490302054	0.0	0.0	0.0
0.0	0.0	0.0	4.02980604108	0.0	0.0	0.0	0.0	0.0	0.0	0.0	0.0	0.0	0.0
0.0	0.0	0.0	0.0	0.0	0.0	0.0	0.0	0.0	0.0	0.0	0.0	4.02980604108	0.0
0.0	0.0	0.0	0.0	0.0	2.01490302054	0.0	0.0	0.0	0.0	0.0	0.0	0.0	0.0
0.0	0.0	0.0	2.01490302054	0.0	0.0	0.0	0.0	0.0	0.0	0.0	0.0	0.0	0.0
0.0	0.0	0.0	0.0	6.04470906163	0.0	0.0	0.0	0.0	0.0	0.0	0.0	0.0	0.0
0.0	0.0	0.0	0.0	0.0	0.0	0.0	0.0	0.0	0.0	2.01490302054	0.0	0.0	0.0
0.0	0.0	0.0	2.01490302054	0.0	0.0	0.0	0.0	0.0	0.0	0.0	0.0	0.0	0.0
0.0	0.0	0.0	0.0	0.0	0.0	0.0	0.0	0.0	0.0	2.01490302054	0.0	0.0	0.0
1.83258146375	0.0	0.0	0.0	0.916290731874	0.0	0.0	0.916290731874	0.916290731874	0.0	0.0	0.0	0.0	0.916290731874
0.0	0.0	0.0	0.0	0.0	0.0	0.0	0.0	0.0	0.0	0.0	0.0	2.01490302054	0.0
0.0	2.01490302054	0.0	0.0	0.0	0.0	0.0	0.0	0.0	0.0	0.0	0.0	0.0	0.0
0.0	0.0	0.0	0.0	1.32175583998	0.0	0.0	0.0	0.0	0.0	0.0	1.32175583998	2.64351167996	0.0
0.0	0.0	0.0	0.0	0.0	0.0	0.0	0.0	0.0	0.0	0.0	0.0	2.01490302054	0.0
0.0	0.0	0.0	0.0	0.0	0.0	0.0	0.0	0.0	0.0	2.01490302054	0.0	0.0	0.0
0.0	0.0	0.0	14.1043211438	0.0	0.0	0.0	0.0	0.0	0.0	0.0	0.0	0.0	0.0
0.0	0.0	0.0	0.0	0.0	0.0	0.0	0.0	0.0	0.0	0.0	0.0	2.01490302054	0.0
0.0	0.0	0.0	0.0	0.0	0.0	0.0	0.0	0.0	0.0	0.0	0.0	2.01490302054	0.0
0.0	0.0	0.0	0.0	0.0	4.02980604108	0.0	0.0	0.0	0.0	0.0	0.0	0.0	0.0
2.64351167996	0.0	0.0	0.0	0.0	0.0	0.0	0.0	1.32175583998	0.0	0.0	0.0	0.0	1.32175583998
0.916290731874	0.0	0.0	1.83258146375	0.0	0.0	0.916290731874	0.916290731874	0.0	0.0	0.0	1.83258146375	0.0	0.0
0.0	0.0	0.0	3.21887582487	0.0	0.0	0.0	3.21887582487	0.0	0.0	0.0	0.0	0.0	0.0
0.0	0.0	0.0	0.0	0.0	1.32175583998	3.96526751995	0.0	0.0	0.0	0.0	0.0	2.64351167996	0.0
0.0	0.0	2.01490302054	0.0	0.0	0.0	0.0	0.0	0.0	0.0	0.0	0.0	0.0	0.0
0.0	0.0	0.0	0.0	0.0	0.0	0.0	0.0	0.0	0.0	2.01490302054	0.0	0.0	0.0
0.0	0.0	0.0	0.0	0.0	0.0	0.0	0.0	0.0	0.0	0.0	0.0	2.01490302054	0.0
0.0	0.0	0.0	0.0	0.0	0.0	0.0	8.05961208217	0.0	0.0	0.0	0.0	0.0	0.0
0.0	0.0	0.0	0.0	0.0	0.0	0.0	0.0	0.0	0.0	0.0	0.0	2.01490302054	0.0
0.0	0.0	0.0	0.0	0.0	0.0	0.0	0.0	0.0	0.0	2.01490302054	0.0	0.0	0.0
0.0	0.0	0.0	0.0	0.0	0.0	0.0	0.0	0.0	2.01490302054	0.0	0.0	0.0	0.0
0.0	0.0	0.0	0.0	0.0	0.0	0.0	0.0	0.0	0.0	2.01490302054	0.0	0.0	0.0
0.0	0.0	0.0	0.0	0.0	0.0	0.0	0.0	1.60943791243	0.0	0.0	0.0	0.0	1.60943791243
0.0	1.60943791243	0.0	0.0	0.0	0.0	12.8755032995	0.0	0.0	0.0	0.0	0.0	0.0	0.0
0.0	0.0	0.0	12.8755032995	0.0	0.0	6.43775164974	0.0	0.0	0.0	0.0	0.0	0.0	0.0
0.0	0.0	0.0	0.0	0.0	0.0	0.0	0.0	0.0	0.0	0.0	0.0	2.01490302054	0.0
0.0	0.0	0.0	0.0	0.0	0.0	0.0	2.01490302054	0.0	0.0	0.0	0.0	0.0	0.0
0.0	0.0	2.01490302054	0.0	0.0	0.0	0.0	0.0	0.0	0.0	0.0	0.0	0.0	0.0
0.0	0.0	0.0	8.04718956217	0.0	0.0	1.60943791243	0.0	0.0	0.0	0.0	0.0	0.0	0.0
0.0	0.0	0.0	0.0	2.01490302054	0.0	0.0	0.0	0.0	0.0	0.0	0.0	0.0	0.0
0.0	0.0	0.0	0.0	0.0	0.0	0.0	0.0	0.0	0.0	2.01490302054	0.0	0.0	0.0
0.0	0.0	0.0	0.0	0.0	0.0	0.0	0.0	0.0	0.0	0.0	0.0	4.02980604108	0.0
0.0	0.0	0.0	0.0	0.0	0.0	0.0	0.0	0.0	0.0	0.0	0.0	2.01490302054	0.0
2.01490302054	0.0	0.0	0.0	0.0	0.0	0.0	0.0	0.0	0.0	0.0	0.0	0.0	0.0
0.0	0.0	0.0	0.0	0.0	0.0	2.01490302054	0.0	0.0	0.0	0.0	0.0	0.0	0.0
0.0	0.0	0.0	0.0	0.0	0.0	4.02980604108	0.0	0.0	0.0	0.0	0.0	0.0	0.0
0.0	0.0	0.0	0.0	0.0	0.0	0.0	0.0	0.0	0.0	0.0	0.0	4.02980604108	0.0
0.0	0.0	0.0	0.0	0.0	0.0	0.0	0.0	0.0	0.0	0.0	0.0	2.01490302054	0.0
0.0	0.0	2.01490302054	0.0	0.0	0.0	0.0	0.0	0.0	0.0	0.0	0.0	0.0	0.0
0.0	0.0	0.0	0.0	0.0	0.0	0.0	0.0	0.0	0.0	0.0	2.01490302054	0.0	0.0
0.0	0.0	0.0	0.0	0.0	0.0	0.0	0.0	0.0	0.0	0.0	0.0	2.01490302054	0.0
0.0	0.0	0.0	0.0	0.0	0.0	0.0	0.0	0.0	0.0	2.01490302054	0.0	0.0	0.0
0.0	0.0	0.0	0.0	0.0	0.0	0.0	0.0	0.0	0.0	0.0	0.0	2.01490302054	0.0
0.0	0.0	0.0	0.0	0.0	0.0	0.0	0.0	0.0	2.01490302054	0.0	0.0	0.0	0.0
0.0	0.0	0.0	3.21887582487	0.0	0.0	1.60943791243	0.0	0.0	0.0	0.0	0.0	0.0	0.0
0.0	0.0	0.0	0.0	0.0	0.0	0.0	0.0	0.0	0.0	0.0	0.0	2.01490302054	0.0
0.0	0.0	0.0	3.21887582487	0.0	0.0	3.21887582487	0.0	0.0	0.0	0.0	0.0	0.0	0.0
0.0	0.0	0.0	2.01490302054	0.0	0.0	0.0	0.0	0.0	0.0	0.0	0.0	0.0	0.0
0.0	0.0	0.0	0.0	0.0	0.0	0.0	0.0	1.60943791243	0.0	0.0	0.0	0.0	1.60943791243
0.0	0.0	0.0	0.0	0.0	0.0	0.0	0.0	0.0	0.0	0.0	0.0	2.01490302054	0.0
0.0	0.0	0.0	0.0	0.0	0.0	2.01490302054	0.0	0.0	0.0	0.0	0.0	0.0	0.0
0.0	2.01490302054	0.0	0.0	0.0	0.0	0.0	0.0	0.0	0.0	0.0	0.0	0.0	0.0
0.0	0.0	0.0	0.0	0.0	0.0	2.01490302054	0.0	0.0	0.0	0.0	0.0	0.0	0.0
0.0	0.0	0.0	0.0	0.0	0.0	0.0	0.0	0.0	0.0	1.60943791243	0.0	1.60943791243	0.0
0.0	0.0	0.0	0.0	4.8283137373	0.0	0.0	0.0	0.0	0.0	1.60943791243	0.0	0.0	0.0
0.0	0.0	0.0	0.0	0.0	0.0	0.0	0.0	0.0	0.0	0.0	0.0	2.01490302054	0.0
0.0	0.0	0.0	0.0	0.0	0.0	0.0	2.01490302054	0.0	0.0	0.0	0.0	0.0	0.0
0.0	0.0	1.60943791243	1.60943791243	0.0	0.0	0.0	0.0	0.0	0.0	0.0	0.0	0.0	0.0
0.0	0.0	0.0	0.0	0.0	0.0	0.0	0.0	0.0	0.0	0.0	0.0	4.02980604108	0.0
0.0	0.0	0.0	0.0	0.0	0.0	0.0	0.0	0.0	0.0	2.01490302054	0.0	0.0	0.0
0.0	0.0	0.0	2.01490302054	0.0	0.0	0.0	0.0	0.0	0.0	0.0	0.0	0.0	0.0
0.0	0.0	0.0	0.0	0.0	0.0	0.0	0.0	0.0	0.0	0.0	0.0	2.01490302054	0.0
0.0	0.0	0.0	0.0	0.0	0.0	0.0	0.0	0.0	0.0	0.0	0.0	2.01490302054	0.0
0.0	0.0	0.0	0.0	0.0	0.0	0.0	0.0	0.0	0.0	0.0	0.0	2.01490302054	0.0
0.0	0.0	0.0	0.0	0.0	0.0	0.0	0.0	0.0	0.0	0.0	0.0	2.01490302054	0.0
0.0	2.01490302054	0.0	0.0	0.0	0.0	0.0	0.0	0.0	0.0	0.0	0.0	0.0	0.0
0.0	0.0	0.0	2.01490302054	0.0	0.0	0.0	0.0	0.0	0.0	0.0	0.0	0.0	0.0
0.0	0.0	0.0	0.0	0.0	0.0	0.0	0.0	0.0	2.01490302054	0.0	0.0	0.0	0.0
0.0	0.0	0.0	0.0	0.0	0.0	0.0	0.0	1.60943791243	0.0	0.0	0.0	0.0	1.60943791243
0.0	0.0	0.0	0.0	0.0	0.0	0.0	0.0	0.0	0.0	0.0	0.0	2.01490302054	0.0
0.0	0.0	0.0	0.0	0.0	0.0	0.0	0.0	0.0	0.0	0.0	0.0	2.01490302054	0.0
0.0	0.0	0.0	0.0	0.0	2.01490302054	0.0	0.0	0.0	0.0	0.0	0.0	0.0	0.0
0.0	0.0	0.0	1.60943791243	0.0	0.0	1.60943791243	0.0	0.0	0.0	0.0	0.0	0.0	0.0
0.0	0.0	0.0	0.0	0.0	0.0	0.0	0.0	0.0	0.0	0.0	0.0	2.01490302054	0.0
0.0	0.0	0.0	0.0	0.0	0.0	0.0	0.0	0.0	0.0	0.0	0.0	2.01490302054	0.0
0.0	2.64351167996	0.0	0.0	0.0	0.0	0.0	0.0	1.32175583998	0.0	0.0	0.0	0.0	1.32175583998
0.0	0.0	0.0	0.0	0.0	0.0	0.0	0.0	0.0	0.0	0.0	0.0	0.0	2.01490302054
0.0	0.0	0.0	0.0	0.0	0.0	0.0	0.0	0.0	0.0	2.01490302054	0.0	0.0	0.0
0.0	2.01490302054	0.0	0.0	0.0	0.0	0.0	0.0	0.0	0.0	0.0	0.0	0.0	0.0
0.0	0.0	0.0	0.0	0.0	0.0	2.01490302054	0.0	0.0	0.0	0.0	0.0	0.0	0.0
0.0	0.0	0.0	0.0	0.0	0.0	0.0	0.0	0.0	0.0	0.0	0.0	2.01490302054	0.0
0.0	0.0	0.0	0.0	0.0	0.0	0.0	0.0	0.0	0.0	0.0	0.0	2.01490302054	0.0
0.0	0.0	0.0	0.0	0.0	0.0	1.60943791243	0.0	0.0	0.0	0.0	0.0	1.60943791243	0.0
0.0	0.0	0.0	0.0	0.0	2.01490302054	0.0	0.0	0.0	0.0	0.0	0.0	0.0	0.0
0.0	0.0	0.0	0.0	0.0	0.0	8.05961208217	0.0	0.0	0.0	0.0	0.0	0.0	0.0
0.0	0.0	0.0	0.0	0.0	0.0	0.0	2.01490302054	0.0	0.0	0.0	0.0	0.0	0.0
0.0	0.0	0.0	0.0	0.0	0.0	0.0	0.0	0.0	3.21887582487	3.21887582487	0.0	0.0	0.0
0.0	0.0	0.0	0.0	0.0	0.0	0.0	0.0	0.0	0.0	0.0	2.01490302054	0.0	0.0
0.0	2.01490302054	0.0	0.0	0.0	0.0	0.0	0.0	0.0	0.0	0.0	0.0	0.0	0.0
0.0	0.0	0.0	0.0	0.0	0.0	0.0	1.60943791243	0.0	0.0	6.43775164974	0.0	0.0	0.0
0.0	0.0	2.01490302054	0.0	0.0	0.0	0.0	0.0	0.0	0.0	0.0	0.0	0.0	0.0
0.0	0.0	0.0	0.0	0.0	0.0	0.0	0.0	0.0	0.0	0.0	0.0	2.01490302054	0.0
0.0	0.0	0.0	0.0	0.0	2.01490302054	0.0	0.0	0.0	0.0	0.0	0.0	0.0	0.0
0.0	0.0	0.0	0.0	0.0	0.0	0.0	0.0	1.60943791243	0.0	0.0	0.0	0.0	1.60943791243
0.0	0.0	0.0	0.0	0.0	0.0	0.0	0.0	0.0	2.01490302054	0.0	0.0	0.0	0.0
0.0	0.0	0.0	0.0	0.0	0.0	0.0	2.01490302054	0.0	0.0	0.0	0.0	0.0	0.0
0.0	0.0	0.0	0.0	0.0	0.0	0.0	0.0	0.0	0.0	0.0	0.0	2.01490302054	0.0
0.0	0.0	0.0	0.0	0.0	0.0	0.0	0.0	0.0	0.0	0.0	0.0	4.02980604108	0.0
0.0	0.0	0.0	0.0	2.01490302054	0.0	0.0	0.0	0.0	0.0	0.0	0.0	0.0	0.0
0.0	0.0	0.0	0.0	0.0	0.0	0.0	0.0	0.0	2.01490302054	0.0	0.0	0.0	0.0
0.0	0.0	0.0	2.01490302054	0.0	0.0	0.0	0.0	0.0	0.0	0.0	0.0	0.0	0.0
1.60943791243	0.0	0.0	0.0	0.0	0.0	0.0	0.0	0.0	0.0	0.0	1.60943791243	0.0	0.0
0.916290731874	0.916290731874	0.916290731874	0.0	0.0	0.0	0.0	0.916290731874	0.0	0.0	0.0	0.916290731874	0.0	0.0
0.0	0.0	0.0	0.0	0.0	0.0	0.0	0.0	0.0	0.0	2.01490302054	0.0	0.0	0.0
0.0	0.0	0.0	0.0	0.0	0.0	0.0	0.0	0.0	0.0	0.0	2.01490302054	0.0	0.0
0.0	0.0	0.0	0.0	0.0	0.0	0.0	2.01490302054	0.0	0.0	0.0	0.0	0.0	0.0
0.0	0.0	0.0	0.0	0.0	2.01490302054	0.0	0.0	0.0	0.0	0.0	0.0	0.0	0.0
0.0	0.0	6.04470906163	0.0	0.0	0.0	0.0	0.0	0.0	0.0	0.0	0.0	0.0	0.0
0.0	0.0	0.0	0.0	0.0	0.0	0.0	0.0	0.0	0.0	0.0	0.0	2.01490302054	0.0
0.0	0.0	2.01490302054	0.0	0.0	0.0	0.0	0.0	0.0	0.0	0.0	0.0	0.0	0.0
0.0	0.0	0.0	0.0	0.0	2.01490302054	0.0	0.0	0.0	0.0	0.0	0.0	0.0	0.0
0.0	0.0	0.0	0.0	0.0	0.0	0.0	0.0	0.0	0.0	1.32175583998	1.32175583998	1.32175583998	0.0
0.0	0.0	0.0	0.0	0.0	0.0	0.0	0.0	0.0	0.0	0.0	0.0	8.05961208217	0.0
0.0	0.0	0.0	0.0	0.0	0.0	0.0	0.0	0.0	0.0	6.04470906163	0.0	0.0	0.0
0.0	0.0	0.0	0.0	0.0	0.0	0.0	0.0	1.09861228867	0.0	0.0	2.19722457734	2.19722457734	1.09861228867
0.0	0.0	2.64351167996	0.0	0.0	0.0	0.0	0.0	1.32175583998	0.0	0.0	0.0	0.0	1.32175583998
0.0	0.0	0.0	0.0	0.0	0.0	0.0	0.0	0.0	0.0	0.0	0.0	2.01490302054	0.0
0.0	2.01490302054	0.0	0.0	0.0	0.0	0.0	0.0	0.0	0.0	0.0	0.0	0.0	0.0
0.0	0.0	0.0	0.0	0.0	0.0	0.0	0.0	0.0	0.0	0.0	0.0	2.01490302054	0.0
0.0	0.0	0.0	2.01490302054	0.0	0.0	0.0	0.0	0.0	0.0	0.0	0.0	0.0	0.0
0.0	0.0	0.0	0.0	0.0	0.0	0.0	0.0	0.0	0.0	0.0	0.0	2.01490302054	0.0
0.0	0.0	0.0	0.0	0.0	0.0	0.0	0.0	0.0	0.0	0.0	0.0	4.02980604108	0.0
0.0	0.0	0.0	0.0	0.0	0.0	0.0	0.0	3.21887582487	0.0	0.0	0.0	0.0	4.8283137373
0.0	0.0	0.0	0.0	0.0	0.0	0.0	0.0	0.0	0.0	2.01490302054	0.0	0.0	0.0
0.0	0.0	0.0	0.0	0.0	0.0	0.0	0.0	0.0	0.0	0.0	0.0	2.01490302054	0.0
0.0	0.0	0.0	0.0	0.0	0.0	0.0	0.0	0.0	2.01490302054	0.0	0.0	0.0	0.0
0.0	2.01490302054	0.0	0.0	0.0	0.0	0.0	0.0	0.0	0.0	0.0	0.0	0.0	0.0
0.0	0.0	0.0	0.0	0.0	0.0	0.0	0.0	1.09861228867	1.09861228867	0.0	0.0	1.09861228867	1.09861228867
0.0	0.0	0.0	0.0	0.0	0.0	0.0	0.0	0.0	0.0	2.01490302054	0.0	0.0	0.0
0.0	0.0	0.0	0.0	2.01490302054	0.0	0.0	0.0	0.0	0.0	0.0	0.0	0.0	0.0
0.0	0.0	0.0	2.01490302054	0.0	0.0	0.0	0.0	0.0	0.0	0.0	0.0	0.0	0.0
0.0	0.0	0.0	0.0	0.0	0.0	0.0	1.60943791243	0.0	0.0	0.0	0.0	1.60943791243	0.0
0.0	0.0	0.0	0.0	0.0	0.0	0.0	4.02980604108	0.0	0.0	0.0	0.0	0.0	0.0
0.0	0.0	0.0	2.01490302054	0.0	0.0	0.0	0.0	0.0	0.0	0.0	0.0	0.0	0.0
0.0	0.0	0.0	0.0	0.0	0.0	2.01490302054	0.0	0.0	0.0	0.0	0.0	0.0	0.0
0.0	0.0	0.0	0.0	0.0	2.01490302054	0.0	0.0	0.0	0.0	0.0	0.0	0.0	0.0
0.0	0.0	0.0	0.0	0.0	0.0	0.0	2.01490302054	0.0	0.0	0.0	0.0	0.0	0.0
0.0	0.0	0.0	0.0	0.0	0.0	0.0	0.0	0.0	0.0	0.0	0.0	2.01490302054	0.0
0.0	0.0	0.0	0.0	0.0	0.0	0.0	0.0	0.0	0.0	0.0	0.0	2.01490302054	0.0
0.0	0.0	0.0	2.01490302054	0.0	0.0	0.0	0.0	0.0	0.0	0.0	0.0	0.0	0.0
0.0	0.0	0.0	0.0	0.0	0.0	0.0	0.0	0.0	0.0	0.0	0.0	2.01490302054	0.0
0.0	0.0	0.0	0.0	0.0	0.0	0.0	0.0	0.0	0.0	0.0	0.0	2.01490302054	0.0
0.0	0.0	0.0	0.0	0.0	0.0	0.0	0.0	1.32175583998	0.0	2.64351167996	0.0	0.0	1.32175583998
0.0	0.0	0.0	0.0	0.0	0.0	2.01490302054	0.0	0.0	0.0	0.0	0.0	0.0	0.0
