0.0	0.0	0.0	0.0	0.0	1.50407739678	0.0	0.0
0.0	0.0	0.0	0.0	0.0	0.0	0.0	1.50407739678
0.0	0.0	0.0	1.50407739678	0.0	0.0	0.0	0.0
1.50407739678	0.0	0.0	0.0	0.0	0.0	0.0	0.0
1.50407739678	0.0	0.0	0.0	0.0	0.0	0.0	0.0
0.0	0.0	0.0	1.50407739678	0.0	0.0	0.0	0.0
0.0	0.810930216216	0.0	0.0	0.810930216216	0.0	4.8655812973	0.0
0.810930216216	0.0	0.0	0.810930216216	0.0	0.0	0.810930216216	0.0
0.0	0.0	1.09861228867	0.0	1.09861228867	0.0	0.0	0.0
1.50407739678	0.0	0.0	0.0	0.0	0.0	0.0	0.0
0.0	1.50407739678	0.0	0.0	0.0	0.0	0.0	0.0
0.0	0.0	0.0	1.50407739678	0.0	0.0	0.0	0.0
0.0	0.0	0.0	1.50407739678	0.0	0.0	0.0	0.0
0.0	1.50407739678	0.0	0.0	0.0	0.0	0.0	0.0
0.0	0.0	3.00815479355	0.0	0.0	0.0	0.0	0.0
0.0	0.0	0.0	0.0	0.0	0.0	1.50407739678	0.0
0.0	1.09861228867	0.0	0.0	0.0	0.0	1.09861228867	0.0
0.0	3.00815479355	0.0	0.0	0.0	0.0	0.0	0.0
0.0	0.0	0.0	10.5285417774	0.0	0.0	0.0	0.0
0.0	0.0	0.0	1.50407739678	0.0	0.0	0.0	0.0
0.0	0.0	0.0	0.0	0.0	0.0	1.09861228867	1.09861228867
0.0	0.0	0.0	0.0	0.0	0.0	1.50407739678	0.0
0.0	0.0	0.0	0.0	1.50407739678	0.0	0.0	0.0
0.0	0.0	0.0	1.50407739678	0.0	0.0	0.0	0.0
0.0	0.0	0.0	0.0	0.0	1.50407739678	0.0	0.0
1.50407739678	0.0	0.0	0.0	0.0	0.0	0.0	0.0
0.0	0.0	0.0	1.50407739678	0.0	0.0	0.0	0.0
0.0	1.50407739678	0.0	0.0	0.0	0.0	0.0	0.0
0.0	0.0	0.0	0.810930216216	0.0	0.810930216216	0.810930216216	0.0
0.0	0.0	0.0	0.0	0.0	0.0	7.52038698388	0.0
0.0	0.0	0.0	1.50407739678	0.0	0.0	0.0	0.0
0.0	0.0	0.0	0.0	1.50407739678	0.0	0.0	0.0
0.0	0.0	0.0	0.0	0.0	0.0	1.50407739678	0.0
0.0	1.50407739678	0.0	0.0	0.0	0.0	0.0	0.0
0.0	0.0	0.0	0.0	1.50407739678	0.0	0.0	0.0
0.0	1.50407739678	0.0	0.0	0.0	0.0	0.0	0.0
0.0	1.50407739678	0.0	0.0	0.0	0.0	0.0	0.0
0.0	0.0	0.0	1.50407739678	0.0	0.0	0.0	0.0
0.0	0.0	0.0	1.50407739678	0.0	0.0	0.0	0.0
0.0	1.50407739678	0.0	0.0	0.0	0.0	0.0	0.0
0.0	0.0	0.0	0.0	0.0	0.0	1.50407739678	0.0
0.0	0.0	0.0	0.0	1.50407739678	0.0	0.0	0.0
0.0	0.0	0.0	0.0	1.50407739678	0.0	0.0	0.0
0.0	0.0	0.0	1.50407739678	0.0	0.0	0.0	0.0
0.0	0.0	0.0	0.0	0.0	1.50407739678	0.0	0.0
1.50407739678	0.0	0.0	0.0	0.0	0.0	0.0	0.0
0.0	0.0	0.0	1.50407739678	0.0	0.0	0.0	0.0
0.0	0.0	0.0	0.0	1.50407739678	0.0	0.0	0.0
0.0	1.09861228867	0.0	1.09861228867	0.0	0.0	0.0	0.0
0.0	0.0	0.0	0.0	0.0	0.0	0.0	1.50407739678
1.50407739678	0.0	0.0	0.0	0.0	0.0	0.0	0.0
3.295836866	0.0	0.0	0.0	0.0	0.0	4.39444915467	0.0
0.0	0.0	1.50407739678	0.0	0.0	0.0	0.0	0.0
0.0	2.19722457734	0.0	0.0	0.0	1.09861228867	0.0	0.0
0.0	0.0	1.50407739678	0.0	0.0	0.0	0.0	0.0
0.0	0.0	0.0	0.0	0.0	1.50407739678	0.0	0.0
0.0	0.0	0.0	0.0	1.50407739678	0.0	0.0	0.0
0.0	0.0	0.0	0.0	0.0	0.0	1.50407739678	0.0
0.0	0.0	0.0	0.0	0.0	0.0	0.0	1.50407739678
0.0	0.0	1.50407739678	0.0	0.0	0.0	0.0	0.0
0.0	0.0	0.0	0.0	0.0	1.09861228867	0.0	1.09861228867
0.0	0.0	0.0	0.0	1.50407739678	0.0	0.0	0.0
0.0	0.0	0.0	0.0	0.0	0.0	1.50407739678	0.0
0.0	0.0	1.50407739678	0.0	0.0	0.0	0.0	0.0
1.50407739678	0.0	0.0	0.0	0.0	0.0	0.0	0.0
0.0	0.0	0.0	0.0	0.0	0.0	1.50407739678	0.0
0.0	1.50407739678	0.0	0.0	0.0	0.0	0.0	0.0
0.0	0.0	0.0	0.0	0.0	0.0	1.50407739678	0.0
0.0	0.0	0.0	1.50407739678	0.0	0.0	0.0	0.0
0.0	0.0	0.0	0.0	1.50407739678	0.0	0.0	0.0
0.0	0.0	0.0	0.0	0.0	1.09861228867	0.0	1.09861228867
0.0	0.0	0.0	1.50407739678	0.0	0.0	0.0	0.0
0.0	1.50407739678	0.0	0.0	0.0	0.0	0.0	0.0
4.51223219033	0.0	0.0	0.0	0.0	0.0	0.0	0.0
0.0	4.51223219033	0.0	0.0	0.0	0.0	0.0	0.0
0.0	1.50407739678	0.0	0.0	0.0	0.0	0.0	0.0
0.0	0.0	0.0	0.0	1.09861228867	0.0	2.19722457734	0.0
0.0	0.0	0.0	0.0	1.50407739678	0.0	0.0	0.0
0.0	0.0	0.0	0.0	0.0	0.0	0.0	1.50407739678
0.0	3.00815479355	0.0	0.0	0.0	0.0	0.0	0.0
0.0	0.0	0.0	0.0	1.50407739678	0.0	0.0	0.0
0.0	0.0	0.0	0.0	0.0	0.0	0.0	1.50407739678
0.0	0.0	0.0	0.0	1.50407739678	0.0	0.0	0.0
0.0	0.0	0.0	1.50407739678	0.0	0.0	0.0	0.0
0.0	1.50407739678	0.0	0.0	0.0	0.0	0.0	0.0
0.0	0.0	0.0	1.50407739678	0.0	0.0	0.0	0.0
0.0	0.0	0.0	1.09861228867	1.09861228867	0.0	0.0	0.0
0.0	0.0	0.0	0.0	0.0	0.0	3.00815479355	0.0
0.0	0.0	0.0	0.0	6.01630958711	0.0	0.0	0.0
0.0	0.0	0.0	0.0	0.0	0.0	1.50407739678	0.0
0.0	0.0	0.0	0.0	0.0	1.50407739678	0.0	0.0
0.0	0.0	0.0	0.0	0.0	0.0	1.50407739678	0.0
1.50407739678	0.0	0.0	0.0	0.0	0.0	0.0	0.0
1.50407739678	0.0	0.0	0.0	0.0	0.0	0.0	0.0
0.0	1.50407739678	0.0	0.0	0.0	0.0	0.0	0.0
1.09861228867	0.0	0.0	0.0	0.0	0.0	1.09861228867	0.0
1.50407739678	0.0	0.0	0.0	0.0	0.0	0.0	0.0
0.0	0.0	0.0	1.50407739678	0.0	0.0	0.0	0.0
0.810930216216	0.0	0.0	0.810930216216	0.0	0.0	0.0	0.810930216216
0.0	0.0	0.0	0.0	0.0	0.0	1.50407739678	0.0
0.0	0.0	0.0	0.0	0.0	0.0	1.50407739678	0.0
3.00815479355	0.0	0.0	0.0	0.0	0.0	0.0	0.0
0.0	0.0	0.0	0.0	0.0	3.00815479355	0.0	0.0
1.50407739678	0.0	0.0	0.0	0.0	0.0	0.0	0.0
0.0	0.0	0.0	0.0	0.0	1.50407739678	0.0	0.0
0.0	0.0	0.0	1.50407739678	0.0	0.0	0.0	0.0
0.0	0.0	0.0	4.51223219033	0.0	0.0	0.0	0.0
0.0	0.0	0.0	0.0	3.00815479355	0.0	0.0	0.0
0.0	1.50407739678	0.0	0.0	0.0	0.0	0.0	0.0
0.0	1.50407739678	0.0	0.0	0.0	0.0	0.0	0.0
0.0	1.50407739678	0.0	0.0	0.0	0.0	0.0	0.0
0.0	0.0	0.0	1.50407739678	0.0	0.0	0.0	0.0
0.0	1.50407739678	0.0	0.0	0.0	0.0	0.0	0.0
0.0	0.0	0.0	0.0	1.50407739678	0.0	0.0	0.0
0.0	0.0	0.0	0.0	0.0	0.0	0.0	1.50407739678
0.0	0.0	3.00815479355	0.0	0.0	0.0	0.0	0.0
1.50407739678	0.0	0.0	0.0	0.0	0.0	0.0	0.0
0.0	0.0	4.51223219033	0.0	0.0	0.0	0.0	0.0
0.0	0.0	0.0	0.0	0.0	1.50407739678	0.0	0.0
0.0	0.0	0.0	0.0	0.0	0.0	0.0	1.50407739678
0.0	0.0	0.0	0.0	0.0	1.50407739678	0.0	0.0
0.0	0.0	0.0	0.0	0.0	0.0	1.50407739678	0.0
0.0	0.0	0.0	0.0	1.50407739678	0.0	0.0	0.0
0.0	0.0	0.0	0.0	0.0	0.0	1.50407739678	0.0
0.0	0.0	0.0	0.0	0.0	0.0	1.50407739678	0.0
0.0	1.50407739678	0.0	0.0	0.0	0.0	0.0	0.0
1.50407739678	0.0	0.0	0.0	0.0	0.0	0.0	0.0
0.0	0.810930216216	0.0	0.0	0.810930216216	0.0	0.810930216216	0.0
0.0	1.09861228867	0.0	0.0	1.09861228867	0.0	0.0	0.0
0.0	0.0	0.0	0.0	3.00815479355	0.0	0.0	0.0
3.295836866	0.0	0.0	1.09861228867	0.0	0.0	0.0	0.0
3.00815479355	0.0	0.0	0.0	0.0	0.0	0.0	0.0
0.0	0.0	0.0	0.0	0.0	0.0	0.0	1.50407739678
0.0	0.0	0.0	0.0	0.0	0.0	1.50407739678	0.0
1.50407739678	0.0	0.0	0.0	0.0	0.0	0.0	0.0
0.0	1.50407739678	0.0	0.0	0.0	0.0	0.0	0.0
0.0	0.0	0.0	0.0	0.0	0.0	4.51223219033	0.0
0.0	0.0	0.0	0.0	0.0	0.0	0.0	3.00815479355
0.0	0.0	0.0	0.0	0.0	0.0	1.50407739678	0.0
0.0	0.0	0.0	0.0	0.0	0.0	1.50407739678	0.0
0.0	0.0	0.0	0.0	0.0	0.0	0.0	1.50407739678
0.0	0.0	0.0	0.0	0.0	0.0	1.50407739678	0.0
0.0	0.0	0.0	3.00815479355	0.0	0.0	0.0	0.0
0.0	1.50407739678	0.0	0.0	0.0	0.0	0.0	0.0
1.09861228867	0.0	0.0	0.0	0.0	0.0	10.9861228867	0.0
0.0	0.0	0.0	0.0	0.0	0.0	1.50407739678	0.0
0.0	0.0	0.0	0.0	0.0	0.0	1.50407739678	0.0
0.0	0.0	0.0	0.0	0.0	0.0	1.50407739678	0.0
1.50407739678	0.0	0.0	0.0	0.0	0.0	0.0	0.0
0.0	1.09861228867	0.0	0.0	0.0	0.0	2.19722457734	0.0
0.0	1.62186043243	0.0	0.0	0.0	0.810930216216	0.810930216216	0.0
0.0	0.0	1.50407739678	0.0	0.0	0.0	0.0	0.0
0.0	0.0	0.0	0.0	0.0	1.50407739678	0.0	0.0
0.0	1.50407739678	0.0	0.0	0.0	0.0	0.0	0.0
0.0	9.02446438066	0.0	0.0	0.0	0.0	0.0	0.0
0.0	1.50407739678	0.0	0.0	0.0	0.0	0.0	0.0
2.93893332451	0.0	0.0	1.76335999471	0.0	0.0	1.1755733298	1.76335999471
1.50407739678	0.0	0.0	0.0	0.0	0.0	0.0	0.0
0.0	0.0	1.50407739678	0.0	0.0	0.0	0.0	0.0
0.0	0.0	0.0	0.0	0.0	0.0	1.50407739678	0.0
0.0	0.0	0.0	0.0	0.0	0.0	1.50407739678	0.0
0.0	0.0	0.0	0.0	0.0	0.0	1.50407739678	0.0
0.0	1.50407739678	0.0	0.0	0.0	0.0	0.0	0.0
0.0	0.0	0.0	0.0	0.0	0.0	1.50407739678	0.0
0.0	0.0	0.0	0.0	0.0	0.0	4.51223219033	0.0
1.50407739678	0.0	0.0	0.0	0.0	0.0	0.0	0.0
0.0	0.0	0.0	0.0	1.50407739678	0.0	0.0	0.0
0.0	0.0	0.0	1.50407739678	0.0	0.0	0.0	0.0
0.0	0.0	0.0	0.0	0.0	1.09861228867	0.0	1.09861228867
0.0	0.0	0.0	1.50407739678	0.0	0.0	0.0	0.0
0.0	0.0	0.0	1.50407739678	0.0	0.0	0.0	0.0
0.0	1.50407739678	0.0	0.0	0.0	0.0	0.0	0.0
0.0	0.0	0.0	0.0	1.50407739678	0.0	0.0	0.0
0.0	0.0	0.0	0.0	0.0	0.0	3.00815479355	0.0
0.0	0.0	0.0	0.0	0.0	0.0	1.50407739678	0.0
0.0	0.0	0.0	0.0	0.0	0.0	1.50407739678	0.0
0.0	0.0	0.0	0.0	0.0	0.0	1.50407739678	0.0
0.0	0.0	0.0	0.0	0.0	0.0	1.50407739678	0.0
0.0	0.0	0.0	0.0	0.0	0.0	1.50407739678	0.0
0.0	0.0	0.0	1.50407739678	0.0	0.0	0.0	0.0
4.39444915467	0.0	0.0	0.0	0.0	0.0	0.0	2.19722457734
0.0	0.0	0.0	0.0	0.0	0.0	1.50407739678	0.0
0.0	0.0	0.0	0.0	0.0	0.0	3.00815479355	0.0
0.0	0.0	0.0	0.0	0.0	0.0	0.0	6.01630958711
1.50407739678	0.0	0.0	0.0	0.0	0.0	0.0	0.0
0.0	0.0	0.0	1.50407739678	0.0	0.0	0.0	0.0
0.0	0.0	0.0	0.0	0.0	0.0	1.50407739678	0.0
0.0	1.50407739678	0.0	0.0	0.0	0.0	0.0	0.0
0.0	0.0	0.0	0.0	0.0	0.0	1.50407739678	0.0
0.0	0.0	0.0	1.50407739678	0.0	0.0	0.0	0.0
0.0	0.0	0.0	0.0	0.0	0.0	1.50407739678	0.0
0.0	3.00815479355	0.0	0.0	0.0	0.0	0.0	0.0
0.810930216216	0.0	0.810930216216	1.62186043243	0.0	0.0	0.0	0.0
0.0	0.0	0.0	0.0	0.0	0.0	1.50407739678	0.0
0.0	0.0	0.0	1.50407739678	0.0	0.0	0.0	0.0
0.0	0.0	2.19722457734	0.0	3.295836866	0.0	0.0	0.0
0.0	1.50407739678	0.0	0.0	0.0	0.0	0.0	0.0
0.0	3.00815479355	0.0	0.0	0.0	0.0	0.0	0.0
0.0	0.0	3.00815479355	0.0	0.0	0.0	0.0	0.0
4.51223219033	0.0	0.0	0.0	0.0	0.0	0.0	0.0
0.0	0.0	0.0	0.0	1.50407739678	0.0	0.0	0.0
0.0	0.0	0.0	0.0	1.50407739678	0.0	0.0	0.0
0.0	0.0	0.0	1.50407739678	0.0	0.0	0.0	0.0
0.0	1.50407739678	0.0	0.0	0.0	0.0	0.0	0.0
0.0	0.0	0.0	0.0	1.50407739678	0.0	0.0	0.0
1.50407739678	0.0	0.0	0.0	0.0	0.0	0.0	0.0
1.50407739678	0.0	0.0	0.0	0.0	0.0	0.0	0.0
0.0	1.50407739678	0.0	0.0	0.0	0.0	0.0	0.0
0.0	0.0	0.0	0.0	0.0	0.0	0.0	1.50407739678
0.0	0.0	0.0	0.0	1.09861228867	0.0	1.09861228867	0.0
1.50407739678	0.0	0.0	0.0	0.0	0.0	0.0	0.0
0.0	0.0	0.0	1.50407739678	0.0	0.0	0.0	0.0
0.0	0.0	0.0	0.0	0.0	3.00815479355	0.0	0.0
0.0	0.0	0.0	1.50407739678	0.0	0.0	0.0	0.0
0.0	0.0	0.0	0.0	1.50407739678	0.0	0.0	0.0
1.50407739678	0.0	0.0	0.0	0.0	0.0	0.0	0.0
0.0	0.0	0.0	0.0	1.50407739678	0.0	0.0	0.0
0.0	0.0	0.0	0.0	1.50407739678	0.0	0.0	0.0
0.0	0.0	0.0	0.0	0.0	0.0	3.00815479355	0.0
0.0	0.0	0.0	0.0	3.00815479355	0.0	0.0	0.0
0.0	0.0	0.0	1.50407739678	0.0	0.0	0.0	0.0
0.0	1.50407739678	0.0	0.0	0.0	0.0	0.0	0.0
0.0	0.0	1.09861228867	0.0	3.295836866	0.0	0.0	0.0
0.0	0.0	0.0	0.0	0.0	1.50407739678	0.0	0.0
0.0	0.0	0.0	0.0	1.09861228867	0.0	0.0	1.09861228867
1.50407739678	0.0	0.0	0.0	0.0	0.0	0.0	0.0
0.0	0.810930216216	0.0	0.0	0.0	0.0	0.810930216216	0.810930216216
0.0	0.0	0.0	0.0	0.0	0.0	0.0	3.00815479355
0.0	1.50407739678	0.0	0.0	0.0	0.0	0.0	0.0
0.0	0.0	0.0	0.0	3.00815479355	0.0	0.0	0.0
1.50407739678	0.0	0.0	0.0	0.0	0.0	0.0	0.0
1.50407739678	0.0	0.0	0.0	0.0	0.0	0.0	0.0
0.0	0.0	0.0	1.09861228867	0.0	0.0	2.19722457734	0.0
0.0	0.0	0.0	4.51223219033	0.0	0.0	0.0	0.0
0.0	1.50407739678	0.0	0.0	0.0	0.0	0.0	0.0
0.0	1.50407739678	0.0	0.0	0.0	0.0	0.0	0.0
0.0	1.09861228867	0.0	0.0	1.09861228867	0.0	0.0	0.0
0.0	1.50407739678	0.0	0.0	0.0	0.0	0.0	0.0
0.0	0.0	0.0	0.0	1.50407739678	0.0	0.0	0.0
1.50407739678	0.0	0.0	0.0	0.0	0.0	0.0	0.0
0.0	0.0	0.0	0.0	1.50407739678	0.0	0.0	0.0
0.0	0.0	0.0	0.0	0.0	0.0	3.00815479355	0.0
1.50407739678	0.0	0.0	0.0	0.0	0.0	0.0	0.0
0.0	0.0	0.0	0.0	0.0	0.0	1.50407739678	0.0
0.0	0.0	0.0	0.0	0.0	1.50407739678	0.0	0.0
0.0	0.0	0.0	0.0	0.0	0.0	1.50407739678	0.0
0.0	1.50407739678	0.0	0.0	0.0	0.0	0.0	0.0
0.0	1.09861228867	0.0	1.09861228867	0.0	0.0	0.0	0.0
0.0	0.0	0.0	0.0	0.0	0.0	0.0	1.50407739678
1.50407739678	0.0	0.0	0.0	0.0	0.0	0.0	0.0
0.0	0.0	0.0	0.0	0.0	3.00815479355	0.0	0.0
0.0	1.50407739678	0.0	0.0	0.0	0.0	0.0	0.0
0.0	0.0	0.0	0.0	0.0	0.0	1.50407739678	0.0
0.0	0.0	0.0	0.0	1.50407739678	0.0	0.0	0.0
0.0	1.50407739678	0.0	0.0	0.0	0.0	0.0	0.0
0.0	0.0	0.0	0.0	0.0	0.0	1.50407739678	0.0
0.0	0.0	0.0	0.0	0.0	1.50407739678	0.0	0.0
0.0	0.810930216216	0.810930216216	0.0	0.0	0.0	0.0	0.810930216216
0.0	0.0	0.0	0.0	1.50407739678	0.0	0.0	0.0
1.09861228867	0.0	0.0	0.0	0.0	0.0	1.09861228867	0.0
0.0	0.0	0.0	0.0	0.0	0.0	1.09861228867	1.09861228867
0.0	0.0	0.0	0.0	0.0	0.0	1.09861228867	1.09861228867
0.0	0.0	0.0	0.0	0.0	0.0	0.0	1.50407739678
0.0	0.0	0.0	0.0	1.50407739678	0.0	0.0	0.0
0.0	1.50407739678	0.0	0.0	0.0	0.0	0.0	0.0
1.50407739678	0.0	0.0	0.0	0.0	0.0	0.0	0.0
0.0	0.0	0.0	0.0	0.0	0.0	1.50407739678	0.0
0.0	1.50407739678	0.0	0.0	0.0	0.0	0.0	0.0
0.0	1.50407739678	0.0	0.0	0.0	0.0	0.0	0.0
0.0	0.0	0.0	1.50407739678	0.0	0.0	0.0	0.0
0.0	0.0	0.0	0.0	0.0	0.0	1.50407739678	0.0
0.0	0.0	0.0	0.0	1.50407739678	0.0	0.0	0.0
1.50407739678	0.0	0.0	0.0	0.0	0.0	0.0	0.0
0.0	0.0	0.0	0.0	1.50407739678	0.0	0.0	0.0
0.0	0.0	0.0	0.0	0.0	1.50407739678	0.0	0.0
0.0	0.0	0.0	0.0	0.0	1.50407739678	0.0	0.0
0.0	1.09861228867	0.0	0.0	0.0	0.0	1.09861228867	0.0
0.810930216216	0.0	0.0	0.0	0.0	0.810930216216	0.0	0.810930216216
0.0	0.0	0.0	0.0	1.50407739678	0.0	0.0	0.0
0.0	0.0	0.0	0.0	0.0	0.0	1.09861228867	1.09861228867
0.0	0.0	0.0	0.0	0.0	0.0	1.50407739678	0.0
0.0	1.50407739678	0.0	0.0	0.0	0.0	0.0	0.0
0.0	0.0	0.0	0.0	0.0	0.0	7.52038698388	0.0
0.0	0.0	0.0	1.09861228867	0.0	0.0	1.09861228867	0.0
0.0	1.50407739678	0.0	0.0	0.0	0.0	0.0	0.0
0.0	0.0	0.0	7.52038698388	0.0	0.0	0.0	0.0
0.0	0.0	0.0	1.50407739678	0.0	0.0	0.0	0.0
0.0	0.810930216216	0.0	1.62186043243	0.810930216216	0.0	0.0	0.0
0.0	3.00815479355	0.0	0.0	0.0	0.0	0.0	0.0
0.0	0.0	0.0	0.0	0.0	0.0	1.50407739678	0.0
0.0	0.0	0.0	0.0	0.0	0.0	1.50407739678	0.0
0.0	0.0	1.50407739678	0.0	0.0	0.0	0.0	0.0
0.0	0.0	0.0	1.50407739678	0.0	0.0	0.0	0.0
0.0	0.0	0.0	0.810930216216	0.810930216216	0.0	0.0	0.810930216216
0.0	0.0	0.0	0.0	0.0	0.0	1.50407739678	0.0
0.0	0.0	1.50407739678	0.0	0.0	0.0	0.0	0.0
0.0	1.50407739678	0.0	0.0	0.0	0.0	0.0	0.0
0.0	0.0	0.0	0.0	0.0	0.0	1.50407739678	0.0
0.0	0.0	0.0	0.0	0.0	0.0	1.50407739678	0.0
0.0	0.0	0.0	0.0	0.0	0.0	3.00815479355	0.0
0.0	0.0	1.50407739678	0.0	0.0	0.0	0.0	0.0
0.0	0.0	0.0	0.0	0.0	0.0	0.0	1.50407739678
0.0	0.0	0.0	4.51223219033	0.0	0.0	0.0	0.0
1.50407739678	0.0	0.0	0.0	0.0	0.0	0.0	0.0
0.0	0.0	0.0	0.0	0.0	1.50407739678	0.0	0.0
0.0	4.51223219033	0.0	0.0	0.0	0.0	0.0	0.0
0.0	0.0	0.0	0.0	0.0	0.0	1.50407739678	0.0
1.50407739678	0.0	0.0	0.0	0.0	0.0	0.0	0.0
0.0	1.50407739678	0.0	0.0	0.0	0.0	0.0	0.0
0.0	0.0	0.0	0.0	0.0	1.50407739678	0.0	0.0
0.0	0.0	1.09861228867	0.0	1.09861228867	0.0	0.0	0.0
0.0	0.0	0.0	3.00815479355	0.0	0.0	0.0	0.0
0.0	1.50407739678	0.0	0.0	0.0	0.0	0.0	0.0
0.0	0.0	0.0	0.0	0.0	0.0	0.0	1.50407739678
0.0	0.0	2.19722457734	0.0	0.0	0.0	1.09861228867	0.0
0.0	0.0	0.0	1.50407739678	0.0	0.0	0.0	0.0
1.50407739678	0.0	0.0	0.0	0.0	0.0	0.0	0.0
0.0	0.0	0.0	0.0	1.50407739678	0.0	0.0	0.0
0.0	0.0	0.0	0.0	0.0	0.0	1.50407739678	0.0
0.0	0.0	0.0	0.0	0.0	0.0	1.50407739678	0.0
0.0	0.0	0.0	0.0	0.0	0.0	1.50407739678	0.0
0.0	0.0	0.0	1.50407739678	0.0	0.0	0.0	0.0
0.0	1.50407739678	0.0	0.0	0.0	0.0	0.0	0.0
0.0	0.0	0.0	0.0	0.0	0.0	1.50407739678	0.0
0.0	1.50407739678	0.0	0.0	0.0	0.0	0.0	0.0
0.0	1.50407739678	0.0	0.0	0.0	0.0	0.0	0.0
0.0	0.0	0.0	0.0	0.0	1.50407739678	0.0	0.0
0.0	0.0	0.0	0.0	0.0	0.0	0.0	1.50407739678
0.0	1.50407739678	0.0	0.0	0.0	0.0	0.0	0.0
0.0	1.50407739678	0.0	0.0	0.0	0.0	0.0	0.0
4.51223219033	0.0	0.0	0.0	0.0	0.0	0.0	0.0
1.50407739678	0.0	0.0	0.0	0.0	0.0	0.0	0.0
0.0	0.0	0.0	0.0	1.50407739678	0.0	0.0	0.0
0.0	0.0	0.0	0.0	0.0	0.0	0.0	1.50407739678
0.0	0.0	0.0	0.0	0.0	0.0	0.0	1.50407739678
0.0	0.0	0.0	0.0	0.0	0.0	0.0	1.50407739678
0.0	0.0	0.0	0.0	1.50407739678	0.0	0.0	0.0
0.0	0.0	0.0	4.51223219033	0.0	0.0	0.0	0.0
0.0	0.0	0.0	0.0	0.0	0.0	1.50407739678	0.0
0.0	0.0	0.0	0.0	0.0	3.00815479355	0.0	0.0
0.0	0.0	1.50407739678	0.0	0.0	0.0	0.0	0.0
1.50407739678	0.0	0.0	0.0	0.0	0.0	0.0	0.0
0.0	0.0	0.0	0.0	0.0	0.0	1.50407739678	0.0
0.0	1.09861228867	0.0	0.0	0.0	0.0	3.295836866	0.0
0.0	0.0	0.0	0.0	0.0	1.50407739678	0.0	0.0
0.0	0.0	1.50407739678	0.0	0.0	0.0	0.0	0.0
0.0	0.0	0.0	0.0	0.0	0.0	0.0	1.50407739678
1.09861228867	0.0	0.0	1.09861228867	0.0	0.0	0.0	0.0
0.0	0.0	0.0	0.0	0.0	0.0	0.0	1.50407739678
0.0	0.0	0.0	0.0	0.0	0.0	1.50407739678	0.0
0.0	1.50407739678	0.0	0.0	0.0	0.0	0.0	0.0
0.0	0.0	0.0	1.50407739678	0.0	0.0	0.0	0.0
0.0	0.0	0.0	4.51223219033	0.0	0.0	0.0	0.0
0.0	0.0	0.0	1.50407739678	0.0	0.0	0.0	0.0
0.0	0.0	1.50407739678	0.0	0.0	0.0	0.0	0.0
0.0	0.0	2.19722457734	0.0	2.19722457734	0.0	0.0	0.0
0.0	0.0	0.0	0.0	0.0	0.0	4.51223219033	0.0
0.0	0.0	0.0	0.0	0.0	0.0	0.0	1.50407739678
0.0	0.0	0.0	0.0	1.50407739678	0.0	0.0	0.0
0.0	0.0	0.0	0.0	1.50407739678	0.0	0.0	0.0
0.0	0.0	0.0	0.0	0.0	3.00815479355	0.0	0.0
0.0	3.00815479355	0.0	0.0	0.0	0.0	0.0	0.0
0.0	0.0	1.50407739678	0.0	0.0	0.0	0.0	0.0
0.0	1.50407739678	0.0	0.0	0.0	0.0	0.0	0.0
0.0	0.0	0.0	1.50407739678	0.0	0.0	0.0	0.0
0.0	0.0	0.0	0.0	0.0	0.0	1.50407739678	0.0
0.0	1.50407739678	0.0	0.0	0.0	0.0	0.0	0.0
0.0	0.0	0.0	0.0	0.0	0.0	1.50407739678	0.0
1.50407739678	0.0	0.0	0.0	0.0	0.0	0.0	0.0
0.0	1.50407739678	0.0	0.0	0.0	0.0	0.0	0.0
1.50407739678	0.0	0.0	0.0	0.0	0.0	0.0	0.0
0.0	3.00815479355	0.0	0.0	0.0	0.0	0.0	0.0
0.0	1.50407739678	0.0	0.0	0.0	0.0	0.0	0.0
0.0	0.0	0.0	0.0	0.0	0.0	3.00815479355	0.0
0.0	0.0	0.0	0.0	3.00815479355	0.0	0.0	0.0
0.0	0.0	1.50407739678	0.0	0.0	0.0	0.0	0.0
0.0	0.0	0.0	1.50407739678	0.0	0.0	0.0	0.0
0.0	0.0	0.0	0.0	1.50407739678	0.0	0.0	0.0
0.0	2.19722457734	0.0	1.09861228867	0.0	0.0	0.0	0.0
0.0	0.0	0.0	0.0	1.50407739678	0.0	0.0	0.0
0.0	0.0	0.0	0.0	0.0	1.50407739678	0.0	0.0
0.0	0.0	0.0	0.0	0.0	1.50407739678	0.0	0.0
1.50407739678	0.0	0.0	0.0	0.0	0.0	0.0	0.0
0.0	1.50407739678	0.0	0.0	0.0	0.0	0.0	0.0
0.0	0.0	0.0	0.0	0.0	1.50407739678	0.0	0.0
