0.0	0.0	0.0	0.0	0.0	0.0	0.0	0.0	0.0	0.0	0.0	0.0	4.50258359721	0.0	0.0	0.0	0.0	0.0
0.0	0.0	0.0	0.0	0.0	0.0	0.0	0.0	0.0	0.0	0.0	2.25129179861	0.0	0.0	0.0	0.0	0.0	0.0
0.0	0.0	0.0	0.0	0.0	1.8458266905	0.0	0.0	0.0	0.0	0.0	0.0	0.0	0.0	0.0	0.0	1.8458266905	0.0
0.0	0.0	0.0	0.0	2.25129179861	0.0	0.0	0.0	0.0	0.0	0.0	0.0	0.0	0.0	0.0	0.0	0.0	0.0
0.0	0.0	0.0	0.0	0.0	9.34500746713	5.34000426693	0.0	0.0	0.0	0.0	0.0	0.0	0.0	0.0	5.34000426693	8.01000640039	0.0
0.0	0.0	0.0	0.0	0.0	2.25129179861	0.0	0.0	0.0	0.0	0.0	0.0	0.0	0.0	0.0	0.0	0.0	0.0
0.0	0.0	0.0	0.0	0.0	1.8458266905	0.0	0.0	0.0	0.0	0.0	0.0	0.0	0.0	0.0	0.0	1.8458266905	0.0
0.0	0.0	0.0	0.0	2.25129179861	0.0	0.0	0.0	0.0	0.0	0.0	0.0	0.0	0.0	0.0	0.0	0.0	0.0
0.0	0.0	0.0	0.0	0.0	0.0	0.0	0.0	1.8458266905	0.0	0.0	0.0	1.8458266905	0.0	0.0	0.0	0.0	0.0
0.0	0.0	0.0	0.0	0.0	0.0	0.0	0.0	0.0	0.0	0.0	2.25129179861	0.0	0.0	0.0	0.0	0.0	0.0
0.0	0.0	0.0	0.0	0.0	0.0	0.0	0.0	0.0	0.0	0.0	0.0	0.0	0.0	13.5077507916	0.0	0.0	0.0
0.0	0.0	0.0	0.0	0.0	0.0	3.691653381	0.0	0.0	0.0	0.0	0.0	0.0	0.0	0.0	3.691653381	0.0	0.0
0.0	0.0	0.0	0.0	0.0	0.0	0.0	0.0	0.0	0.0	0.0	0.0	2.25129179861	0.0	0.0	0.0	0.0	0.0
0.0	0.0	0.0	0.0	0.0	2.25129179861	0.0	0.0	0.0	0.0	0.0	0.0	0.0	0.0	0.0	0.0	0.0	0.0
0.0	0.0	0.0	0.0	0.0	0.0	0.0	0.0	0.0	2.25129179861	0.0	0.0	0.0	0.0	0.0	0.0	0.0	0.0
0.0	0.0	0.0	0.0	0.0	0.0	0.0	0.0	0.0	0.0	0.0	0.0	2.25129179861	0.0	0.0	0.0	0.0	0.0
0.0	0.0	0.0	0.0	0.0	0.0	0.0	0.0	2.25129179861	0.0	0.0	0.0	0.0	0.0	0.0	0.0	0.0	0.0
0.0	0.0	0.0	0.0	0.0	0.0	0.0	0.0	0.0	0.0	0.0	0.0	0.0	0.0	2.25129179861	0.0	0.0	0.0
0.0	0.0	0.0	0.0	0.0	0.0	0.0	0.0	0.0	2.25129179861	0.0	0.0	0.0	0.0	0.0	0.0	0.0	0.0
0.0	0.0	0.0	0.0	3.11628923609	0.0	1.55814461805	0.0	0.0	0.0	0.0	0.0	0.0	0.0	0.0	1.55814461805	0.0	0.0
0.0	0.0	0.0	0.0	0.0	0.0	0.0	0.0	0.0	0.0	0.0	0.0	0.0	4.50258359721	0.0	0.0	0.0	0.0
0.0	2.25129179861	0.0	0.0	0.0	0.0	0.0	0.0	0.0	0.0	0.0	0.0	0.0	0.0	0.0	0.0	0.0	0.0
0.0	0.0	0.0	0.0	0.0	2.25129179861	0.0	0.0	0.0	0.0	0.0	0.0	0.0	0.0	0.0	0.0	0.0	0.0
0.0	0.0	0.0	0.0	0.0	0.0	0.0	0.0	0.0	0.0	2.25129179861	0.0	0.0	0.0	0.0	0.0	0.0	0.0
0.0	0.0	0.0	0.0	0.0	0.0	0.0	0.0	0.0	0.0	2.25129179861	0.0	0.0	0.0	0.0	0.0	0.0	0.0
0.0	0.0	0.0	0.0	0.0	0.0	0.0	0.0	0.0	0.0	2.25129179861	0.0	0.0	0.0	0.0	0.0	0.0	0.0
0.0	0.0	0.0	0.0	0.0	0.0	0.0	0.0	0.0	0.0	0.0	0.0	2.25129179861	0.0	0.0	0.0	0.0	0.0
0.0	0.0	0.0	0.0	0.0	0.0	0.0	0.0	0.0	0.0	2.25129179861	0.0	0.0	0.0	0.0	0.0	0.0	0.0
0.0	0.0	0.0	0.0	0.0	0.0	0.0	0.0	0.0	0.0	0.0	0.0	2.25129179861	0.0	0.0	0.0	0.0	0.0
0.0	2.25129179861	0.0	0.0	0.0	0.0	0.0	0.0	0.0	0.0	0.0	0.0	0.0	0.0	0.0	0.0	0.0	0.0
2.25129179861	0.0	0.0	0.0	0.0	0.0	0.0	0.0	0.0	0.0	0.0	0.0	0.0	0.0	0.0	0.0	0.0	0.0
0.0	2.25129179861	0.0	0.0	0.0	0.0	0.0	0.0	0.0	0.0	0.0	0.0	0.0	0.0	0.0	0.0	0.0	0.0
6.23257847219	0.0	6.23257847219	0.0	0.0	0.0	0.0	0.0	0.0	0.0	0.0	0.0	0.0	0.0	0.0	0.0	0.0	6.23257847219
0.0	1.55814461805	0.0	0.0	0.0	0.0	0.0	0.0	0.0	0.0	1.55814461805	1.55814461805	0.0	0.0	0.0	0.0	0.0	0.0
0.0	0.0	0.0	0.0	0.0	0.0	0.0	0.0	0.0	0.0	4.50258359721	0.0	0.0	0.0	0.0	0.0	0.0	0.0
0.0	0.0	0.0	0.0	0.0	0.0	0.0	0.0	0.0	0.0	0.0	2.25129179861	0.0	0.0	0.0	0.0	0.0	0.0
0.0	0.0	0.0	0.0	0.0	0.0	0.0	0.0	0.0	0.0	0.0	0.0	0.0	2.25129179861	0.0	0.0	0.0	0.0
2.30535901988	0.0	1.15267950994	0.0	1.15267950994	0.0	0.0	0.0	0.0	0.0	0.0	2.30535901988	0.0	0.0	0.0	0.0	0.0	1.15267950994
0.0	0.0	0.0	0.0	0.0	0.0	0.0	0.0	0.0	2.25129179861	0.0	0.0	0.0	0.0	0.0	0.0	0.0	0.0
0.0	0.0	0.0	0.0	0.0	0.0	0.0	0.0	0.0	0.0	0.0	2.25129179861	0.0	0.0	0.0	0.0	0.0	0.0
0.0	0.0	0.0	0.0	1.8458266905	0.0	0.0	0.0	0.0	0.0	0.0	0.0	0.0	1.8458266905	0.0	0.0	0.0	0.0
0.0	1.55814461805	0.0	0.0	0.0	0.0	1.55814461805	0.0	0.0	0.0	0.0	0.0	0.0	0.0	0.0	1.55814461805	0.0	0.0
0.0	0.0	0.0	0.0	0.0	2.25129179861	0.0	0.0	0.0	0.0	0.0	0.0	0.0	0.0	0.0	0.0	0.0	0.0
0.0	0.0	0.0	0.0	0.0	0.0	0.0	0.0	0.0	0.0	0.0	0.0	0.0	0.0	2.25129179861	0.0	0.0	0.0
0.0	0.0	0.0	0.0	0.0	0.0	0.0	0.0	0.0	0.0	13.5077507916	0.0	0.0	0.0	0.0	0.0	0.0	0.0
0.0	2.25129179861	0.0	0.0	0.0	0.0	0.0	0.0	0.0	0.0	0.0	0.0	0.0	0.0	0.0	0.0	0.0	0.0
0.0	0.0	0.0	0.0	0.0	0.0	1.8458266905	0.0	0.0	0.0	0.0	0.0	0.0	0.0	0.0	1.8458266905	0.0	0.0
0.0	0.0	0.0	0.0	0.0	0.0	1.55814461805	0.0	0.0	1.55814461805	0.0	0.0	0.0	0.0	0.0	1.55814461805	0.0	0.0
0.0	2.25129179861	0.0	0.0	0.0	0.0	0.0	0.0	0.0	0.0	0.0	0.0	0.0	0.0	0.0	0.0	0.0	0.0
0.0	0.0	0.0	0.0	0.0	0.0	0.0	0.0	2.25129179861	0.0	0.0	0.0	0.0	0.0	0.0	0.0	0.0	0.0
0.0	0.0	0.0	0.0	2.67000213346	0.0	0.0	0.0	0.0	0.0	0.0	1.33500106673	2.67000213346	0.0	1.33500106673	0.0	0.0	0.0
0.0	0.0	0.0	0.0	0.0	1.55814461805	0.0	0.0	1.55814461805	0.0	0.0	0.0	0.0	0.0	0.0	0.0	1.55814461805	0.0
0.0	0.0	0.0	0.0	0.0	0.0	0.0	2.25129179861	0.0	0.0	0.0	0.0	0.0	0.0	0.0	0.0	0.0	0.0
0.0	0.0	0.0	0.0	0.0	0.0	0.0	0.0	0.0	0.0	0.0	0.0	2.25129179861	0.0	0.0	0.0	0.0	0.0
0.0	0.0	0.0	0.0	0.0	1.55814461805	0.0	0.0	0.0	1.55814461805	0.0	0.0	0.0	0.0	0.0	0.0	1.55814461805	0.0
0.0	0.0	0.0	0.0	0.0	0.0	0.0	0.0	0.0	0.0	0.0	2.25129179861	0.0	0.0	0.0	0.0	0.0	0.0
0.0	0.0	0.0	0.0	1.8458266905	0.0	0.0	3.691653381	0.0	0.0	0.0	0.0	0.0	0.0	0.0	0.0	0.0	0.0
0.0	0.0	0.0	0.0	1.8458266905	0.0	0.0	5.53748007149	0.0	0.0	0.0	0.0	0.0	0.0	0.0	0.0	0.0	0.0
0.0	0.0	0.0	0.0	0.0	0.0	0.0	2.25129179861	0.0	0.0	0.0	0.0	0.0	0.0	0.0	0.0	0.0	0.0
0.0	0.0	0.0	0.0	0.0	0.0	0.0	0.0	0.0	0.0	2.25129179861	0.0	0.0	0.0	0.0	0.0	0.0	0.0
1.33500106673	1.33500106673	1.33500106673	0.0	0.0	0.0	0.0	0.0	0.0	0.0	0.0	0.0	0.0	0.0	0.0	0.0	0.0	1.33500106673
0.0	0.0	0.0	0.0	2.25129179861	0.0	0.0	0.0	0.0	0.0	0.0	0.0	0.0	0.0	0.0	0.0	0.0	0.0
0.0	0.0	0.0	0.0	0.0	0.0	0.0	0.0	0.0	0.0	0.0	0.0	2.25129179861	0.0	0.0	0.0	0.0	0.0
0.0	0.0	0.0	0.0	0.0	5.53748007149	0.0	0.0	0.0	0.0	0.0	0.0	0.0	0.0	0.0	0.0	7.38330676199	0.0
0.0	0.0	0.0	0.0	0.0	0.0	0.0	0.0	0.0	0.0	0.0	2.25129179861	0.0	0.0	0.0	0.0	0.0	0.0
1.33500106673	0.0	2.67000213346	0.0	0.0	0.0	0.0	1.33500106673	0.0	0.0	0.0	0.0	0.0	0.0	0.0	0.0	0.0	2.67000213346
0.0	0.0	0.0	0.0	0.0	0.0	0.0	0.0	0.0	0.0	0.0	0.0	2.25129179861	0.0	0.0	0.0	0.0	0.0
0.0	0.0	0.0	0.0	0.0	0.0	0.0	0.0	0.0	0.0	0.0	0.0	0.0	0.0	2.25129179861	0.0	0.0	0.0
0.0	0.0	0.0	0.0	0.0	0.0	0.0	0.0	0.0	0.0	0.0	2.25129179861	0.0	0.0	0.0	0.0	0.0	0.0
0.0	0.0	0.0	0.0	0.0	0.0	0.0	0.0	0.0	0.0	0.0	2.25129179861	0.0	0.0	0.0	0.0	0.0	0.0
0.0	0.0	0.0	0.0	0.0	0.0	0.0	0.0	0.0	2.25129179861	0.0	0.0	0.0	0.0	0.0	0.0	0.0	0.0
1.33500106673	0.0	1.33500106673	0.0	0.0	0.0	0.0	0.0	0.0	0.0	0.0	0.0	0.0	0.0	1.33500106673	0.0	0.0	1.33500106673
0.0	2.25129179861	0.0	0.0	0.0	0.0	0.0	0.0	0.0	0.0	0.0	0.0	0.0	0.0	0.0	0.0	0.0	0.0
0.0	2.25129179861	0.0	0.0	0.0	0.0	0.0	0.0	0.0	0.0	0.0	0.0	0.0	0.0	0.0	0.0	0.0	0.0
0.0	0.0	0.0	0.0	0.0	0.0	0.0	2.25129179861	0.0	0.0	0.0	0.0	0.0	0.0	0.0	0.0	0.0	0.0
0.0	0.0	0.0	0.0	0.0	2.67000213346	1.33500106673	0.0	0.0	0.0	0.0	0.0	0.0	0.0	0.0	1.33500106673	1.33500106673	0.0
0.0	0.0	0.0	0.0	0.0	0.0	0.0	0.0	0.0	0.0	0.0	0.0	0.0	0.0	4.50258359721	0.0	0.0	0.0
0.0	0.0	0.0	0.0	0.0	0.0	0.0	0.0	0.0	0.0	0.0	0.0	0.0	0.0	2.25129179861	0.0	0.0	0.0
0.0	0.0	0.0	0.0	0.0	0.0	0.0	2.25129179861	0.0	0.0	0.0	0.0	0.0	0.0	0.0	0.0	0.0	0.0
0.0	0.0	0.0	0.0	0.0	0.0	0.0	0.0	2.25129179861	0.0	0.0	0.0	0.0	0.0	0.0	0.0	0.0	0.0
0.0	0.0	0.0	0.0	0.0	0.0	0.0	0.0	0.0	0.0	4.50258359721	0.0	0.0	0.0	0.0	0.0	0.0	0.0
0.0	0.0	0.0	0.0	0.0	0.0	0.0	0.0	0.0	0.0	0.0	0.0	2.25129179861	0.0	0.0	0.0	0.0	0.0
2.25129179861	0.0	0.0	0.0	0.0	0.0	0.0	0.0	0.0	0.0	0.0	0.0	0.0	0.0	0.0	0.0	0.0	0.0
0.0	0.0	0.0	0.0	0.0	1.33500106673	1.33500106673	0.0	0.0	0.0	0.0	0.0	0.0	0.0	0.0	1.33500106673	1.33500106673	0.0
0.0	0.0	0.0	0.0	0.0	0.0	1.55814461805	0.0	0.0	0.0	0.0	0.0	3.11628923609	0.0	0.0	1.55814461805	0.0	0.0
0.0	0.0	0.0	0.0	0.0	0.0	1.55814461805	0.0	0.0	0.0	0.0	0.0	0.0	1.55814461805	0.0	1.55814461805	0.0	0.0
0.0	0.0	0.0	0.0	0.0	0.0	0.0	0.0	0.0	0.0	0.0	2.25129179861	0.0	0.0	0.0	0.0	0.0	0.0
0.0	0.0	0.0	0.0	0.0	0.0	0.0	0.0	0.0	2.25129179861	0.0	0.0	0.0	0.0	0.0	0.0	0.0	0.0
1.8458266905	1.8458266905	0.0	0.0	0.0	0.0	0.0	0.0	0.0	0.0	0.0	0.0	0.0	0.0	0.0	0.0	0.0	0.0
0.0	0.0	0.0	0.0	0.0	0.0	0.0	0.0	0.0	0.0	0.0	0.0	0.0	0.0	2.25129179861	0.0	0.0	0.0
0.0	0.0	0.0	0.0	0.0	0.0	0.0	0.0	0.0	0.0	3.691653381	0.0	0.0	5.53748007149	0.0	0.0	0.0	0.0
0.0	2.25129179861	0.0	0.0	0.0	0.0	0.0	0.0	0.0	0.0	0.0	0.0	0.0	0.0	0.0	0.0	0.0	0.0
0.0	0.0	0.0	0.0	0.0	0.0	0.0	0.0	0.0	0.0	0.0	0.0	0.0	0.0	2.25129179861	0.0	0.0	0.0
0.0	0.0	0.0	0.0	0.0	0.0	1.8458266905	0.0	0.0	0.0	0.0	0.0	0.0	0.0	0.0	1.8458266905	0.0	0.0
0.0	0.0	0.0	0.0	2.25129179861	0.0	0.0	0.0	0.0	0.0	0.0	0.0	0.0	0.0	0.0	0.0	0.0	0.0
2.25129179861	0.0	0.0	0.0	0.0	0.0	0.0	0.0	0.0	0.0	0.0	0.0	0.0	0.0	0.0	0.0	0.0	0.0
0.0	0.0	1.8458266905	0.0	0.0	0.0	0.0	0.0	0.0	0.0	0.0	0.0	0.0	0.0	0.0	0.0	0.0	1.8458266905
0.0	0.0	0.0	0.0	0.0	1.8458266905	0.0	0.0	0.0	0.0	0.0	0.0	0.0	0.0	0.0	0.0	1.8458266905	0.0
0.0	0.0	0.0	0.0	0.0	0.0	0.0	0.0	0.0	0.0	0.0	0.0	9.00516719443	0.0	0.0	0.0	0.0	0.0
2.25129179861	0.0	0.0	0.0	0.0	0.0	0.0	0.0	0.0	0.0	0.0	0.0	0.0	0.0	0.0	0.0	0.0	0.0
0.0	0.0	0.0	0.0	0.0	0.0	0.0	2.25129179861	0.0	0.0	0.0	0.0	0.0	0.0	0.0	0.0	0.0	0.0
0.0	0.0	0.0	0.0	0.0	0.0	0.0	0.0	0.0	0.0	0.0	0.0	2.25129179861	0.0	0.0	0.0	0.0	0.0
0.0	0.0	0.0	0.0	0.0	0.0	0.0	0.0	0.0	0.0	0.0	0.0	0.0	11.256458993	0.0	0.0	0.0	0.0
0.0	0.0	0.0	0.0	0.0	0.0	0.0	0.0	2.25129179861	0.0	0.0	0.0	0.0	0.0	0.0	0.0	0.0	0.0
0.0	0.0	0.0	0.0	0.0	0.0	0.0	0.0	0.0	0.0	0.0	0.0	4.50258359721	0.0	0.0	0.0	0.0	0.0
0.0	0.0	0.0	0.0	0.0	0.0	0.0	0.0	0.0	0.0	0.0	0.0	0.0	2.25129179861	0.0	0.0	0.0	0.0
0.0	2.25129179861	0.0	0.0	0.0	0.0	0.0	0.0	0.0	0.0	0.0	0.0	0.0	0.0	0.0	0.0	0.0	0.0
0.0	0.0	0.0	9.00516719443	0.0	0.0	0.0	0.0	0.0	0.0	0.0	0.0	0.0	0.0	0.0	0.0	0.0	0.0
0.0	0.0	0.0	0.0	0.0	0.0	0.0	0.0	0.0	0.0	0.0	0.0	0.0	0.0	2.25129179861	0.0	0.0	0.0
0.0	0.0	0.0	2.25129179861	0.0	0.0	0.0	0.0	0.0	0.0	0.0	0.0	0.0	0.0	0.0	0.0	0.0	0.0
0.0	0.0	0.0	0.0	0.0	0.0	0.0	2.25129179861	0.0	0.0	0.0	0.0	0.0	0.0	0.0	0.0	0.0	0.0
1.8458266905	0.0	0.0	0.0	0.0	0.0	0.0	0.0	0.0	0.0	0.0	1.8458266905	0.0	0.0	0.0	0.0	0.0	0.0
0.0	0.0	0.0	0.0	0.0	0.0	0.0	0.0	0.0	2.25129179861	0.0	0.0	0.0	0.0	0.0	0.0	0.0	0.0
0.0	0.0	0.0	0.0	0.0	0.0	0.0	0.0	0.0	0.0	0.0	0.0	0.0	0.0	4.50258359721	0.0	0.0	0.0
0.0	0.0	0.0	0.0	0.0	0.0	0.0	0.0	0.0	0.0	0.0	1.8458266905	0.0	0.0	1.8458266905	0.0	0.0	0.0
0.0	0.0	0.0	0.0	0.0	0.0	0.0	0.0	0.0	0.0	0.0	0.0	0.0	0.0	2.25129179861	0.0	0.0	0.0
1.33500106673	0.0	1.33500106673	0.0	0.0	0.0	0.0	0.0	0.0	0.0	0.0	0.0	14.6850117341	0.0	0.0	0.0	0.0	1.33500106673
0.0	0.0	0.0	0.0	0.0	0.0	0.0	0.0	0.0	0.0	0.0	0.0	1.8458266905	0.0	3.691653381	0.0	0.0	0.0
0.0	0.0	0.0	0.0	0.0	0.0	0.0	0.0	2.25129179861	0.0	0.0	0.0	0.0	0.0	0.0	0.0	0.0	0.0
0.0	0.0	0.0	0.0	0.0	0.0	1.8458266905	0.0	0.0	0.0	0.0	0.0	0.0	0.0	0.0	1.8458266905	0.0	0.0
0.0	0.0	0.0	0.0	0.0	0.0	0.0	2.25129179861	0.0	0.0	0.0	0.0	0.0	0.0	0.0	0.0	0.0	0.0
0.0	0.0	0.0	0.0	0.0	0.0	0.0	0.0	0.0	0.0	0.0	0.0	0.0	0.0	2.25129179861	0.0	0.0	0.0
2.25129179861	0.0	0.0	0.0	0.0	0.0	0.0	0.0	0.0	0.0	0.0	0.0	0.0	0.0	0.0	0.0	0.0	0.0
0.0	0.0	0.0	0.0	0.0	3.691653381	0.0	0.0	0.0	0.0	0.0	0.0	0.0	0.0	0.0	0.0	1.8458266905	0.0
0.0	2.25129179861	0.0	0.0	0.0	0.0	0.0	0.0	0.0	0.0	0.0	0.0	0.0	0.0	0.0	0.0	0.0	0.0
0.0	0.0	0.0	0.0	0.0	0.0	1.8458266905	0.0	0.0	0.0	0.0	0.0	0.0	0.0	0.0	1.8458266905	0.0	0.0
0.0	0.0	0.0	0.0	0.0	0.0	0.0	0.0	0.0	0.0	4.50258359721	0.0	0.0	0.0	0.0	0.0	0.0	0.0
0.0	0.0	0.0	0.0	6.75387539582	0.0	0.0	0.0	0.0	0.0	0.0	0.0	0.0	0.0	0.0	0.0	0.0	0.0
0.0	0.0	0.0	0.0	0.0	0.0	0.0	0.0	0.0	0.0	0.0	0.0	0.0	2.25129179861	0.0	0.0	0.0	0.0
0.0	0.0	0.0	0.0	0.0	1.55814461805	6.23257847219	0.0	0.0	0.0	0.0	0.0	0.0	0.0	0.0	6.23257847219	0.0	0.0
0.0	0.0	0.0	0.0	0.0	0.0	0.0	0.0	0.0	0.0	0.0	0.0	2.25129179861	0.0	0.0	0.0	0.0	0.0
0.0	0.0	0.0	0.0	0.0	6.67500533366	0.0	0.0	4.0050032002	1.33500106673	0.0	0.0	0.0	0.0	0.0	0.0	5.34000426693	0.0
0.0	0.0	0.0	0.0	0.0	0.0	0.0	0.0	0.0	0.0	0.0	0.0	2.25129179861	0.0	0.0	0.0	0.0	0.0
0.0	2.25129179861	0.0	0.0	0.0	0.0	0.0	0.0	0.0	0.0	0.0	0.0	0.0	0.0	0.0	0.0	0.0	0.0
0.0	0.0	0.0	0.0	0.0	0.0	0.0	0.0	0.0	0.0	0.0	0.0	1.55814461805	3.11628923609	3.11628923609	0.0	0.0	0.0
0.0	0.0	0.0	0.0	0.0	2.25129179861	0.0	0.0	0.0	0.0	0.0	0.0	0.0	0.0	0.0	0.0	0.0	0.0
1.55814461805	0.0	1.55814461805	0.0	0.0	0.0	0.0	0.0	0.0	0.0	0.0	0.0	0.0	0.0	0.0	0.0	0.0	1.55814461805
0.0	0.0	1.8458266905	0.0	0.0	0.0	0.0	0.0	0.0	0.0	0.0	0.0	0.0	0.0	0.0	0.0	0.0	1.8458266905
0.0	0.0	0.0	0.0	4.50258359721	0.0	0.0	0.0	0.0	0.0	0.0	0.0	0.0	0.0	0.0	0.0	0.0	0.0
0.0	2.25129179861	0.0	0.0	0.0	0.0	0.0	0.0	0.0	0.0	0.0	0.0	0.0	0.0	0.0	0.0	0.0	0.0
0.0	0.0	0.0	0.0	0.0	0.0	0.0	0.0	0.0	0.0	0.0	0.0	0.0	0.0	2.25129179861	0.0	0.0	0.0
0.0	0.0	1.8458266905	0.0	0.0	0.0	0.0	0.0	0.0	0.0	0.0	0.0	0.0	0.0	0.0	0.0	0.0	1.8458266905
0.0	0.0	0.0	0.0	0.0	0.0	0.0	6.75387539582	0.0	0.0	0.0	0.0	0.0	0.0	0.0	0.0	0.0	0.0
0.0	0.0	0.0	0.0	0.0	0.0	0.0	0.0	0.0	0.0	0.0	1.8458266905	1.8458266905	0.0	0.0	0.0	0.0	0.0
0.0	0.0	0.0	0.0	0.0	0.0	0.0	0.0	0.0	0.0	0.0	2.25129179861	0.0	0.0	0.0	0.0	0.0	0.0
0.0	0.0	0.0	0.0	0.0	0.0	0.0	0.0	0.0	0.0	0.0	0.0	0.0	2.25129179861	0.0	0.0	0.0	0.0
0.0	2.25129179861	0.0	0.0	0.0	0.0	0.0	0.0	0.0	0.0	0.0	0.0	0.0	0.0	0.0	0.0	0.0	0.0
0.0	0.0	0.0	0.0	0.0	0.0	0.0	0.0	0.0	0.0	0.0	0.0	2.25129179861	0.0	0.0	0.0	0.0	0.0
0.0	0.0	0.0	0.0	0.0	0.0	1.8458266905	0.0	0.0	0.0	0.0	0.0	0.0	0.0	0.0	1.8458266905	0.0	0.0
0.0	0.0	0.0	0.0	0.0	0.0	0.0	0.0	2.25129179861	0.0	0.0	0.0	0.0	0.0	0.0	0.0	0.0	0.0
0.0	0.0	0.0	0.0	0.0	0.0	1.55814461805	0.0	0.0	0.0	1.55814461805	0.0	0.0	0.0	0.0	1.55814461805	0.0	0.0
0.0	0.0	0.0	0.0	0.0	0.0	0.0	0.0	2.25129179861	0.0	0.0	0.0	0.0	0.0	0.0	0.0	0.0	0.0
0.0	0.0	0.0	0.0	0.0	0.0	0.0	0.0	0.0	0.0	0.0	0.0	0.0	0.0	0.0	0.0	2.25129179861	0.0
0.0	0.0	0.0	0.0	1.8458266905	0.0	0.0	3.691653381	0.0	0.0	0.0	0.0	0.0	0.0	0.0	0.0	0.0	0.0
0.0	0.0	0.0	1.8458266905	0.0	0.0	0.0	0.0	0.0	0.0	0.0	1.8458266905	0.0	0.0	0.0	0.0	0.0	0.0
0.0	0.0	0.0	0.0	0.0	0.0	0.0	0.0	0.0	0.0	2.25129179861	0.0	0.0	0.0	0.0	0.0	0.0	0.0
0.0	0.0	0.0	0.0	0.0	0.0	0.0	0.0	0.0	0.0	0.0	0.0	0.0	0.0	2.25129179861	0.0	0.0	0.0
0.0	0.0	0.0	0.0	0.0	0.0	0.0	0.0	1.8458266905	0.0	3.691653381	0.0	0.0	0.0	0.0	0.0	0.0	0.0
0.0	0.0	0.0	0.0	0.0	1.8458266905	0.0	0.0	0.0	0.0	0.0	0.0	0.0	0.0	0.0	0.0	1.8458266905	0.0
0.0	0.0	0.0	0.0	0.0	0.0	0.0	0.0	0.0	2.25129179861	0.0	0.0	0.0	0.0	0.0	0.0	0.0	0.0
0.0	0.0	0.0	0.0	0.0	0.0	0.0	0.0	0.0	0.0	0.0	0.0	0.0	0.0	2.25129179861	0.0	0.0	0.0
0.0	0.0	0.0	0.0	0.0	0.0	0.0	0.0	0.0	0.0	0.0	0.0	0.0	2.25129179861	0.0	0.0	0.0	0.0
0.0	0.0	0.0	0.0	0.0	0.0	0.0	2.25129179861	0.0	0.0	0.0	0.0	0.0	0.0	0.0	0.0	0.0	0.0
0.0	0.0	0.0	0.0	0.0	0.0	3.691653381	0.0	0.0	0.0	0.0	0.0	0.0	0.0	0.0	3.691653381	0.0	0.0
0.0	0.0	0.0	0.0	0.0	0.0	0.0	0.0	0.0	0.0	0.0	0.0	2.25129179861	0.0	0.0	0.0	0.0	0.0
0.0	0.0	0.0	0.0	0.0	0.0	0.0	0.0	0.0	0.0	0.0	2.25129179861	0.0	0.0	0.0	0.0	0.0	0.0
2.67000213346	0.0	1.33500106673	0.0	0.0	0.0	0.0	0.0	0.0	0.0	1.33500106673	0.0	0.0	0.0	0.0	0.0	0.0	1.33500106673
0.0	0.0	0.0	0.0	0.0	0.0	1.55814461805	0.0	1.55814461805	0.0	0.0	0.0	0.0	0.0	0.0	1.55814461805	0.0	0.0
0.0	0.0	0.0	0.0	0.0	0.0	0.0	0.0	0.0	0.0	0.0	2.25129179861	0.0	0.0	0.0	0.0	0.0	0.0
0.0	0.0	0.0	0.0	0.0	0.0	0.0	0.0	0.0	0.0	0.0	0.0	4.50258359721	0.0	0.0	0.0	0.0	0.0
0.0	0.0	0.0	0.0	0.0	0.0	0.0	0.0	0.0	0.0	1.8458266905	0.0	0.0	1.8458266905	0.0	0.0	0.0	0.0
0.0	0.0	0.0	0.0	0.0	0.0	0.0	0.0	0.0	0.0	0.0	0.0	0.0	27.0155015833	0.0	0.0	0.0	0.0
0.0	0.0	0.0	2.25129179861	0.0	0.0	0.0	0.0	0.0	0.0	0.0	0.0	0.0	0.0	0.0	0.0	0.0	0.0
0.0	0.0	0.0	0.0	0.0	0.0	0.0	0.0	0.0	0.0	0.0	3.691653381	0.0	12.9207868335	0.0	0.0	0.0	0.0
0.0	3.691653381	0.0	0.0	0.0	0.0	0.0	0.0	3.691653381	0.0	0.0	0.0	0.0	0.0	0.0	0.0	0.0	0.0
0.0	0.0	0.0	0.0	0.0	0.0	0.0	2.25129179861	0.0	0.0	0.0	0.0	0.0	0.0	0.0	0.0	0.0	0.0
2.25129179861	0.0	0.0	0.0	0.0	0.0	0.0	0.0	0.0	0.0	0.0	0.0	0.0	0.0	0.0	0.0	0.0	0.0
1.55814461805	0.0	1.55814461805	0.0	0.0	0.0	0.0	0.0	0.0	0.0	0.0	0.0	0.0	0.0	0.0	0.0	0.0	1.55814461805
0.0	0.0	0.0	0.0	0.0	0.0	0.0	0.0	0.0	0.0	0.0	2.25129179861	0.0	0.0	0.0	0.0	0.0	0.0
0.0	0.0	0.0	0.0	2.25129179861	0.0	0.0	0.0	0.0	0.0	0.0	0.0	0.0	0.0	0.0	0.0	0.0	0.0
0.0	0.0	0.0	0.0	0.0	0.0	0.0	0.0	0.0	0.0	2.25129179861	0.0	0.0	0.0	0.0	0.0	0.0	0.0
2.25129179861	0.0	0.0	0.0	0.0	0.0	0.0	0.0	0.0	0.0	0.0	0.0	0.0	0.0	0.0	0.0	0.0	0.0
1.55814461805	0.0	1.55814461805	0.0	0.0	0.0	0.0	0.0	0.0	0.0	0.0	0.0	0.0	0.0	0.0	0.0	0.0	1.55814461805
0.0	0.0	0.0	0.0	0.0	1.55814461805	0.0	0.0	0.0	0.0	0.0	0.0	0.0	1.55814461805	0.0	0.0	1.55814461805	0.0
0.0	0.0	0.0	0.0	0.0	0.0	0.0	0.0	0.0	0.0	0.0	0.0	0.0	0.0	2.25129179861	0.0	0.0	0.0
0.0	0.0	0.0	0.0	0.0	1.8458266905	0.0	0.0	0.0	0.0	0.0	0.0	0.0	0.0	0.0	0.0	1.8458266905	0.0
0.0	3.11628923609	1.55814461805	0.0	0.0	0.0	0.0	0.0	0.0	0.0	0.0	0.0	0.0	0.0	0.0	0.0	0.0	1.55814461805
0.0	2.25129179861	0.0	0.0	0.0	0.0	0.0	0.0	0.0	0.0	0.0	0.0	0.0	0.0	0.0	0.0	0.0	0.0
0.0	2.25129179861	0.0	0.0	0.0	0.0	0.0	0.0	0.0	0.0	0.0	0.0	0.0	0.0	0.0	0.0	0.0	0.0
0.0	2.25129179861	0.0	0.0	0.0	0.0	0.0	0.0	0.0	0.0	0.0	0.0	0.0	0.0	0.0	0.0	0.0	0.0
0.379489621705	0.0	0.379489621705	0.0	0.0	0.379489621705	0.379489621705	0.0	0.0	0.0	0.379489621705	0.379489621705	0.379489621705	0.379489621705	0.379489621705	0.379489621705	0.379489621705	0.379489621705
0.0	0.0	0.0	0.0	2.25129179861	0.0	0.0	0.0	0.0	0.0	0.0	0.0	0.0	0.0	0.0	0.0	0.0	0.0
0.0	0.0	0.0	0.0	0.0	0.0	0.0	2.25129179861	0.0	0.0	0.0	0.0	0.0	0.0	0.0	0.0	0.0	0.0
1.55814461805	0.0	1.55814461805	0.0	0.0	0.0	0.0	0.0	0.0	0.0	0.0	0.0	0.0	0.0	0.0	0.0	0.0	1.55814461805
0.0	0.0	0.0	0.0	0.0	0.0	0.0	0.0	1.8458266905	3.691653381	0.0	0.0	0.0	0.0	0.0	0.0	0.0	0.0
0.0	0.0	0.0	0.0	0.0	0.0	0.0	0.0	0.0	0.0	0.0	0.0	0.0	4.50258359721	0.0	0.0	0.0	0.0
0.0	0.0	0.0	0.0	6.75387539582	0.0	0.0	0.0	0.0	0.0	0.0	0.0	0.0	0.0	0.0	0.0	0.0	0.0
0.0	1.15267950994	0.0	0.0	0.0	1.15267950994	0.0	0.0	0.0	0.0	0.0	0.0	1.15267950994	0.0	1.15267950994	0.0	1.15267950994	0.0
0.0	0.0	0.0	0.0	0.0	0.0	0.0	0.0	0.0	0.0	0.0	0.0	15.7590425902	0.0	0.0	0.0	0.0	0.0
0.0	0.0	0.0	0.0	0.0	0.0	0.0	0.0	1.8458266905	0.0	1.8458266905	0.0	0.0	0.0	0.0	0.0	0.0	0.0
0.0	0.0	0.0	0.0	0.0	0.0	0.0	0.0	0.0	2.25129179861	0.0	0.0	0.0	0.0	0.0	0.0	0.0	0.0
0.0	0.0	0.0	0.0	0.0	0.0	0.0	0.0	0.0	0.0	0.0	0.0	9.00516719443	0.0	0.0	0.0	0.0	0.0
0.0	0.0	0.0	0.0	0.0	1.8458266905	0.0	0.0	0.0	0.0	0.0	0.0	0.0	0.0	0.0	0.0	1.8458266905	0.0
0.0	0.0	0.0	0.0	0.0	0.0	0.0	0.0	0.0	0.0	0.0	0.0	2.25129179861	0.0	0.0	0.0	0.0	0.0
0.0	0.0	0.0	0.0	0.0	0.0	0.0	0.0	0.0	0.0	2.25129179861	0.0	0.0	0.0	0.0	0.0	0.0	0.0
0.0	0.0	0.0	0.0	0.0	0.0	0.0	0.0	0.0	0.0	1.55814461805	1.55814461805	1.55814461805	0.0	0.0	0.0	0.0	0.0
0.0	0.0	0.0	0.0	0.0	0.0	0.0	0.0	0.0	2.25129179861	0.0	0.0	0.0	0.0	0.0	0.0	0.0	0.0
0.0	0.0	0.0	0.0	0.0	0.0	0.0	0.0	0.0	0.0	0.0	0.0	2.25129179861	0.0	0.0	0.0	0.0	0.0
0.0	0.0	0.0	0.0	0.0	0.0	0.0	0.0	6.75387539582	0.0	0.0	0.0	0.0	0.0	0.0	0.0	0.0	0.0
0.0	3.691653381	0.0	0.0	1.8458266905	0.0	0.0	0.0	0.0	0.0	0.0	0.0	0.0	0.0	0.0	0.0	0.0	0.0
0.0	0.0	0.0	0.0	0.0	0.0	0.0	0.0	0.0	0.0	0.0	0.0	0.0	4.50258359721	0.0	0.0	0.0	0.0
0.0	0.0	0.0	0.0	0.0	0.0	0.0	0.0	2.25129179861	0.0	0.0	0.0	0.0	0.0	0.0	0.0	0.0	0.0
0.0	0.0	0.0	0.0	0.0	0.0	0.0	0.0	0.0	0.0	0.0	4.50258359721	0.0	0.0	0.0	0.0	0.0	0.0
0.0	0.0	0.0	0.0	0.0	0.0	0.0	0.0	1.8458266905	1.8458266905	0.0	0.0	0.0	0.0	0.0	0.0	0.0	0.0
1.55814461805	0.0	1.55814461805	0.0	0.0	0.0	0.0	0.0	0.0	0.0	0.0	0.0	0.0	0.0	0.0	0.0	0.0	1.55814461805
0.0	0.0	0.0	0.0	0.0	3.691653381	0.0	0.0	0.0	0.0	0.0	0.0	0.0	0.0	0.0	0.0	3.691653381	0.0
0.0	0.0	0.0	0.0	0.0	2.67000213346	0.0	0.0	0.0	1.33500106673	0.0	0.0	1.33500106673	0.0	0.0	0.0	4.0050032002	0.0
0.0	0.0	0.0	0.0	0.0	3.691653381	0.0	0.0	0.0	0.0	0.0	0.0	0.0	0.0	0.0	0.0	1.8458266905	0.0
0.0	0.0	0.0	0.0	0.0	0.0	0.0	0.0	0.0	0.0	0.0	0.0	0.0	0.0	0.0	0.0	2.25129179861	0.0
0.0	0.0	0.0	0.0	0.0	0.0	0.0	0.0	0.0	0.0	2.25129179861	0.0	0.0	0.0	0.0	0.0	0.0	0.0
4.67443385414	0.0	3.11628923609	0.0	0.0	0.0	0.0	0.0	0.0	0.0	0.0	0.0	0.0	0.0	0.0	0.0	0.0	3.11628923609
0.0	0.0	0.0	0.0	0.0	0.0	0.0	0.0	0.0	0.0	2.25129179861	0.0	0.0	0.0	0.0	0.0	0.0	0.0
0.0	0.0	0.0	0.0	2.25129179861	0.0	0.0	0.0	0.0	0.0	0.0	0.0	0.0	0.0	0.0	0.0	0.0	0.0
0.0	0.0	0.0	0.0	2.25129179861	0.0	0.0	0.0	0.0	0.0	0.0	0.0	0.0	0.0	0.0	0.0	0.0	0.0
0.0	0.0	0.0	0.0	0.0	0.0	0.0	0.0	0.0	0.0	0.0	0.0	7.38330676199	0.0	3.691653381	0.0	0.0	0.0
1.55814461805	0.0	0.0	0.0	0.0	0.0	0.0	0.0	0.0	0.0	0.0	0.0	1.55814461805	0.0	1.55814461805	0.0	0.0	0.0
0.0	0.0	0.0	0.0	0.0	0.0	0.0	0.0	0.0	1.8458266905	1.8458266905	0.0	0.0	0.0	0.0	0.0	0.0	0.0
0.0	0.0	0.0	0.0	0.0	0.0	0.0	0.0	0.0	0.0	0.0	0.0	0.0	2.25129179861	0.0	0.0	0.0	0.0
0.0	0.0	0.0	0.0	0.0	1.55814461805	0.0	0.0	0.0	0.0	1.55814461805	0.0	0.0	0.0	0.0	0.0	1.55814461805	0.0
0.0	1.55814461805	0.0	0.0	0.0	0.0	0.0	0.0	0.0	1.55814461805	0.0	0.0	1.55814461805	0.0	0.0	0.0	0.0	0.0
0.0	0.0	0.0	0.0	2.25129179861	0.0	0.0	0.0	0.0	0.0	0.0	0.0	0.0	0.0	0.0	0.0	0.0	0.0
0.0	0.0	0.0	0.0	2.25129179861	0.0	0.0	0.0	0.0	0.0	0.0	0.0	0.0	0.0	0.0	0.0	0.0	0.0
1.72999487497	0.0	0.864997437487	0.0	0.0	0.0	0.0	0.864997437487	0.0	0.0	0.0	0.864997437487	0.0	3.45998974995	1.72999487497	0.0	0.0	0.864997437487
0.0	0.0	0.0	0.0	0.0	0.0	1.55814461805	0.0	0.0	1.55814461805	0.0	0.0	0.0	0.0	0.0	1.55814461805	0.0	0.0
0.0	0.0	0.0	0.0	0.0	0.0	0.0	0.0	0.0	0.0	0.0	0.0	0.0	0.0	2.25129179861	0.0	0.0	0.0
0.0	0.0	0.0	0.0	0.0	0.0	0.0	0.0	2.25129179861	0.0	0.0	0.0	0.0	0.0	0.0	0.0	0.0	0.0
0.0	0.0	1.8458266905	0.0	0.0	0.0	0.0	0.0	0.0	0.0	0.0	0.0	0.0	0.0	0.0	0.0	0.0	1.8458266905
0.0	0.0	0.0	0.0	0.0	0.0	0.0	0.0	0.0	0.0	0.0	0.0	0.0	0.0	2.25129179861	0.0	0.0	0.0
0.0	0.0	0.0	2.25129179861	0.0	0.0	0.0	0.0	0.0	0.0	0.0	0.0	0.0	0.0	0.0	0.0	0.0	0.0
0.0	0.0	0.0	0.0	0.0	0.0	0.0	0.0	0.0	0.0	0.0	0.0	0.0	2.25129179861	0.0	0.0	0.0	0.0
0.0	0.0	0.0	0.0	0.0	0.0	0.0	0.0	0.0	0.0	0.0	0.0	0.0	0.0	4.50258359721	0.0	0.0	0.0
0.0	0.0	0.0	0.0	0.0	0.0	0.0	0.0	2.25129179861	0.0	0.0	0.0	0.0	0.0	0.0	0.0	0.0	0.0
0.0	0.0	0.0	0.0	0.0	0.0	0.0	0.0	0.0	0.0	0.0	2.25129179861	0.0	0.0	0.0	0.0	0.0	0.0
2.25129179861	0.0	0.0	0.0	0.0	0.0	0.0	0.0	0.0	0.0	0.0	0.0	0.0	0.0	0.0	0.0	0.0	0.0
0.0	0.0	0.0	0.0	0.0	3.691653381	0.0	0.0	0.0	0.0	0.0	0.0	0.0	0.0	0.0	0.0	3.691653381	0.0
0.0	2.25129179861	0.0	0.0	0.0	0.0	0.0	0.0	0.0	0.0	0.0	0.0	0.0	0.0	0.0	0.0	0.0	0.0
0.0	0.0	0.0	0.0	0.0	0.0	0.0	0.0	2.25129179861	0.0	0.0	0.0	0.0	0.0	0.0	0.0	0.0	0.0
0.0	0.0	0.0	0.0	0.0	0.0	0.0	0.0	0.0	0.0	0.0	0.0	0.0	0.0	2.25129179861	0.0	0.0	0.0
0.0	0.0	0.0	0.0	0.0	0.0	0.0	0.0	0.0	0.0	0.0	2.25129179861	0.0	0.0	0.0	0.0	0.0	0.0
2.25129179861	0.0	0.0	0.0	0.0	0.0	0.0	0.0	0.0	0.0	0.0	0.0	0.0	0.0	0.0	0.0	0.0	0.0
0.0	0.0	0.0	0.0	2.25129179861	0.0	0.0	0.0	0.0	0.0	0.0	0.0	0.0	0.0	0.0	0.0	0.0	0.0
0.0	2.25129179861	0.0	0.0	0.0	0.0	0.0	0.0	0.0	0.0	0.0	0.0	0.0	0.0	0.0	0.0	0.0	0.0
0.0	0.0	0.0	0.0	0.0	0.0	1.8458266905	0.0	0.0	0.0	0.0	0.0	0.0	0.0	0.0	1.8458266905	0.0	0.0
0.0	0.0	0.0	0.0	0.0	0.0	0.0	0.0	2.25129179861	0.0	0.0	0.0	0.0	0.0	0.0	0.0	0.0	0.0
0.0	0.0	0.0	0.0	0.0	1.8458266905	0.0	0.0	0.0	0.0	0.0	0.0	0.0	0.0	0.0	0.0	1.8458266905	0.0
0.0	0.0	0.0	0.0	0.0	0.0	0.0	0.0	0.0	0.0	0.0	0.0	2.25129179861	0.0	0.0	0.0	0.0	0.0
0.0	0.0	0.0	0.0	0.0	0.0	0.0	0.0	0.0	0.0	0.0	0.0	0.0	0.0	2.25129179861	0.0	0.0	0.0
0.0	0.0	0.0	0.0	0.0	0.0	0.0	0.0	0.0	0.0	0.0	0.0	0.0	4.50258359721	0.0	0.0	0.0	0.0
3.11628923609	0.0	3.11628923609	0.0	0.0	0.0	0.0	0.0	0.0	0.0	0.0	0.0	0.0	0.0	0.0	0.0	0.0	3.11628923609
0.0	0.0	0.0	0.0	0.0	0.0	0.0	0.0	0.0	0.0	0.0	0.0	0.0	0.0	2.25129179861	0.0	0.0	0.0
0.0	2.25129179861	0.0	0.0	0.0	0.0	0.0	0.0	0.0	0.0	0.0	0.0	0.0	0.0	0.0	0.0	0.0	0.0
0.0	0.0	0.0	0.0	0.0	0.0	0.0	2.25129179861	0.0	0.0	0.0	0.0	0.0	0.0	0.0	0.0	0.0	0.0
0.0	2.25129179861	0.0	0.0	0.0	0.0	0.0	0.0	0.0	0.0	0.0	0.0	0.0	0.0	0.0	0.0	0.0	0.0
0.0	0.0	0.0	0.0	0.0	0.0	0.0	0.0	0.0	0.0	0.0	0.0	2.25129179861	0.0	0.0	0.0	0.0	0.0
0.0	0.0	0.0	2.25129179861	0.0	0.0	0.0	0.0	0.0	0.0	0.0	0.0	0.0	0.0	0.0	0.0	0.0	0.0
1.55814461805	0.0	1.55814461805	0.0	0.0	0.0	0.0	0.0	0.0	0.0	0.0	0.0	0.0	0.0	0.0	0.0	0.0	1.55814461805
0.0	4.50258359721	0.0	0.0	0.0	0.0	0.0	0.0	0.0	0.0	0.0	0.0	0.0	0.0	0.0	0.0	0.0	0.0
0.0	0.0	0.0	1.55814461805	0.0	0.0	0.0	0.0	0.0	0.0	0.0	1.55814461805	0.0	4.67443385414	0.0	0.0	0.0	0.0
0.998528830111	0.0	0.0	0.0	0.0	0.998528830111	0.998528830111	0.0	0.0	0.0	0.0	0.0	0.998528830111	0.0	0.0	0.998528830111	0.998528830111	0.0
0.0	0.0	0.0	0.0	0.0	0.0	0.0	0.0	0.0	0.0	0.0	2.25129179861	0.0	0.0	0.0	0.0	0.0	0.0
0.0	0.0	0.0	0.0	0.0	0.0	0.0	2.25129179861	0.0	0.0	0.0	0.0	0.0	0.0	0.0	0.0	0.0	0.0
0.0	0.0	0.0	0.0	0.0	0.0	0.0	0.0	2.25129179861	0.0	0.0	0.0	0.0	0.0	0.0	0.0	0.0	0.0
0.0	0.0	0.0	0.0	1.55814461805	0.0	0.0	0.0	0.0	0.0	4.67443385414	0.0	0.0	0.0	1.55814461805	0.0	0.0	0.0
0.0	2.25129179861	0.0	0.0	0.0	0.0	0.0	0.0	0.0	0.0	0.0	0.0	0.0	0.0	0.0	0.0	0.0	0.0
0.0	3.691653381	0.0	0.0	0.0	0.0	0.0	0.0	0.0	0.0	0.0	0.0	0.0	0.0	3.691653381	0.0	0.0	0.0
0.0	0.0	0.0	0.0	0.0	0.0	0.0	0.0	2.25129179861	0.0	0.0	0.0	0.0	0.0	0.0	0.0	0.0	0.0
0.0	0.0	0.0	0.0	0.0	0.0	0.0	0.0	0.0	0.0	2.25129179861	0.0	0.0	0.0	0.0	0.0	0.0	0.0
0.0	0.0	0.0	0.0	0.0	0.0	0.0	0.0	2.25129179861	0.0	0.0	0.0	0.0	0.0	0.0	0.0	0.0	0.0
0.0	0.0	0.0	0.0	6.67500533366	0.0	0.0	1.33500106673	2.67000213346	0.0	2.67000213346	0.0	0.0	0.0	0.0	0.0	0.0	0.0
0.0	0.0	0.0	0.0	0.0	0.0	0.0	0.0	2.25129179861	0.0	0.0	0.0	0.0	0.0	0.0	0.0	0.0	0.0
0.0	0.0	0.0	0.0	0.0	0.0	0.0	0.0	0.0	0.0	0.0	0.0	2.25129179861	0.0	0.0	0.0	0.0	0.0
0.0	0.0	0.0	0.0	0.0	0.0	0.0	4.50258359721	0.0	0.0	0.0	0.0	0.0	0.0	0.0	0.0	0.0	0.0
0.0	0.0	0.0	0.0	0.0	0.0	0.0	0.0	0.0	0.0	5.53748007149	5.53748007149	0.0	0.0	0.0	0.0	0.0	0.0
0.0	0.0	0.0	0.0	0.0	0.0	0.0	0.0	0.0	0.0	0.0	0.0	0.0	0.0	0.0	0.0	2.25129179861	0.0
0.0	11.256458993	0.0	0.0	0.0	0.0	0.0	0.0	0.0	0.0	0.0	0.0	0.0	0.0	0.0	0.0	0.0	0.0
0.0	0.0	0.0	0.0	0.0	5.53748007149	0.0	0.0	0.0	0.0	0.0	0.0	0.0	0.0	0.0	0.0	3.691653381	0.0
0.0	0.0	0.0	0.0	0.0	0.0	0.0	2.25129179861	0.0	0.0	0.0	0.0	0.0	0.0	0.0	0.0	0.0	0.0
0.0	0.0	0.0	0.0	0.0	0.0	1.8458266905	0.0	0.0	0.0	0.0	0.0	0.0	0.0	0.0	1.8458266905	0.0	0.0
0.0	0.0	0.0	0.0	0.0	0.0	0.0	2.25129179861	0.0	0.0	0.0	0.0	0.0	0.0	0.0	0.0	0.0	0.0
0.0	0.0	0.0	0.0	2.25129179861	0.0	0.0	0.0	0.0	0.0	0.0	0.0	0.0	0.0	0.0	0.0	0.0	0.0
0.0	0.0	0.0	2.25129179861	0.0	0.0	0.0	0.0	0.0	0.0	0.0	0.0	0.0	0.0	0.0	0.0	0.0	0.0
0.0	0.0	0.0	2.25129179861	0.0	0.0	0.0	0.0	0.0	0.0	0.0	0.0	0.0	0.0	0.0	0.0	0.0	0.0
0.0	0.0	0.0	2.25129179861	0.0	0.0	0.0	0.0	0.0	0.0	0.0	0.0	0.0	0.0	0.0	0.0	0.0	0.0
0.0	0.0	0.0	0.0	0.0	0.0	0.0	0.0	4.50258359721	0.0	0.0	0.0	0.0	0.0	0.0	0.0	0.0	0.0
0.0	0.0	0.0	0.0	1.8458266905	0.0	0.0	1.8458266905	0.0	0.0	0.0	0.0	0.0	0.0	0.0	0.0	0.0	0.0
0.0	0.0	0.0	0.0	0.0	0.0	0.0	0.0	0.0	0.0	0.0	0.0	2.25129179861	0.0	0.0	0.0	0.0	0.0
0.0	0.0	0.0	0.0	0.0	0.0	0.0	0.0	2.25129179861	0.0	0.0	0.0	0.0	0.0	0.0	0.0	0.0	0.0
1.55814461805	0.0	1.55814461805	0.0	0.0	0.0	0.0	0.0	0.0	0.0	0.0	0.0	0.0	0.0	0.0	0.0	0.0	1.55814461805
0.0	0.0	0.0	0.0	0.0	0.0	0.0	0.0	0.0	0.0	0.0	1.8458266905	1.8458266905	0.0	0.0	0.0	0.0	0.0
0.0	0.0	0.0	0.0	0.0	2.25129179861	0.0	0.0	0.0	0.0	0.0	0.0	0.0	0.0	0.0	0.0	0.0	0.0
0.0	1.55814461805	0.0	0.0	0.0	0.0	0.0	0.0	0.0	0.0	0.0	0.0	0.0	1.55814461805	1.55814461805	0.0	0.0	0.0
0.0	0.0	0.0	0.0	0.0	0.0	0.0	0.0	0.0	0.0	0.0	0.0	0.0	2.25129179861	0.0	0.0	0.0	0.0
0.0	0.0	0.0	0.0	2.25129179861	0.0	0.0	0.0	0.0	0.0	0.0	0.0	0.0	0.0	0.0	0.0	0.0	0.0
0.0	0.0	0.0	0.0	0.0	0.0	0.0	0.0	0.0	0.0	0.0	0.0	0.0	0.0	2.25129179861	0.0	0.0	0.0
0.0	0.0	0.0	0.0	0.0	0.0	0.0	0.0	0.0	0.0	0.0	0.0	0.0	2.25129179861	0.0	0.0	0.0	0.0
0.0	0.0	0.0	0.0	0.0	0.0	0.0	0.0	0.0	0.0	0.0	0.0	2.25129179861	0.0	0.0	0.0	0.0	0.0
0.0	0.0	0.0	0.0	0.0	0.0	0.0	0.0	0.0	2.25129179861	0.0	0.0	0.0	0.0	0.0	0.0	0.0	0.0
0.0	0.0	0.0	0.0	0.0	0.0	0.0	0.0	0.0	0.0	0.0	0.0	0.0	0.0	4.50258359721	0.0	0.0	0.0
0.0	0.0	0.0	0.0	2.25129179861	0.0	0.0	0.0	0.0	0.0	0.0	0.0	0.0	0.0	0.0	0.0	0.0	0.0
0.0	0.0	0.0	0.0	0.0	0.0	0.0	0.0	0.0	0.0	0.0	1.8458266905	1.8458266905	0.0	0.0	0.0	0.0	0.0
0.0	0.0	0.0	0.0	0.0	0.0	0.0	0.0	0.0	0.0	0.0	0.0	0.0	0.0	4.50258359721	0.0	0.0	0.0
0.0	0.0	0.0	0.0	0.0	0.0	0.0	0.0	2.25129179861	0.0	0.0	0.0	0.0	0.0	0.0	0.0	0.0	0.0
0.0	0.0	0.0	0.0	0.0	0.0	0.0	2.25129179861	0.0	0.0	0.0	0.0	0.0	0.0	0.0	0.0	0.0	0.0
0.0	0.0	0.0	0.0	0.0	0.0	0.864997437487	0.864997437487	0.0	0.0	1.72999487497	0.864997437487	0.864997437487	0.864997437487	0.0	0.864997437487	0.0	0.0
0.0	0.0	0.0	0.0	0.0	0.0	1.8458266905	0.0	0.0	0.0	0.0	0.0	0.0	0.0	0.0	1.8458266905	0.0	0.0
0.0	2.25129179861	0.0	0.0	0.0	0.0	0.0	0.0	0.0	0.0	0.0	0.0	0.0	0.0	0.0	0.0	0.0	0.0
0.0	0.0	0.0	0.0	0.0	0.0	0.0	0.0	1.15267950994	0.0	3.45803852982	1.15267950994	1.15267950994	1.15267950994	0.0	0.0	0.0	0.0
0.0	0.0	0.0	0.0	0.0	0.0	0.0	0.0	0.0	2.25129179861	0.0	0.0	0.0	0.0	0.0	0.0	0.0	0.0
1.55814461805	0.0	1.55814461805	0.0	0.0	0.0	0.0	0.0	0.0	0.0	0.0	0.0	0.0	0.0	0.0	0.0	0.0	1.55814461805
0.0	2.25129179861	0.0	0.0	0.0	0.0	0.0	0.0	0.0	0.0	0.0	0.0	0.0	0.0	0.0	0.0	0.0	0.0
0.0	0.0	0.0	0.0	0.0	0.0	0.0	0.0	0.0	0.0	1.8458266905	0.0	0.0	0.0	1.8458266905	0.0	0.0	0.0
0.0	0.0	0.0	0.0	0.0	0.0	0.0	0.0	0.0	0.0	0.0	0.0	0.0	2.25129179861	0.0	0.0	0.0	0.0
0.0	0.0	0.0	0.0	0.0	0.0	0.0	0.0	0.0	0.0	0.0	0.0	0.0	0.0	4.50258359721	0.0	0.0	0.0
0.0	0.0	0.0	0.0	0.0	0.0	0.0	0.0	0.0	0.0	0.0	0.0	0.0	0.0	2.25129179861	0.0	0.0	0.0
0.0	0.0	0.0	0.0	2.25129179861	0.0	0.0	0.0	0.0	0.0	0.0	0.0	0.0	0.0	0.0	0.0	0.0	0.0
0.0	0.0	0.0	0.0	0.0	0.0	0.0	0.0	0.0	0.0	0.0	2.25129179861	0.0	0.0	0.0	0.0	0.0	0.0
0.0	0.0	0.0	0.0	0.0	0.0	0.0	0.0	0.0	0.0	0.0	0.0	0.0	2.25129179861	0.0	0.0	0.0	0.0
0.0	0.0	0.0	0.0	0.0	0.0	0.0	0.0	0.0	0.0	0.0	2.25129179861	0.0	0.0	0.0	0.0	0.0	0.0
0.0	0.0	0.0	0.0	0.0	0.0	0.0	0.0	0.0	0.0	0.0	0.0	2.25129179861	0.0	0.0	0.0	0.0	0.0
0.0	0.0	0.0	0.0	0.0	0.0	0.0	0.0	0.0	0.0	0.0	0.0	0.0	0.0	4.50258359721	0.0	0.0	0.0
0.0	0.0	0.0	0.0	0.0	1.8458266905	0.0	0.0	0.0	0.0	0.0	0.0	0.0	0.0	0.0	0.0	1.8458266905	0.0
0.0	0.0	0.0	0.0	0.0	0.0	0.0	0.0	0.0	2.25129179861	0.0	0.0	0.0	0.0	0.0	0.0	0.0	0.0
0.0	0.0	0.0	0.0	0.0	0.0	0.0	0.0	0.0	0.0	0.0	0.0	2.25129179861	0.0	0.0	0.0	0.0	0.0
0.0	0.0	0.0	0.0	0.0	0.0	0.0	0.0	0.0	0.0	2.25129179861	0.0	0.0	0.0	0.0	0.0	0.0	0.0
0.0	0.0	0.0	0.0	0.0	0.0	0.0	0.0	0.0	0.0	0.0	0.0	2.25129179861	0.0	0.0	0.0	0.0	0.0
0.0	0.0	0.0	0.0	0.0	0.0	0.0	0.0	0.0	0.0	0.0	0.0	0.0	0.0	2.25129179861	0.0	0.0	0.0
0.0	0.0	0.0	0.0	0.0	2.25129179861	0.0	0.0	0.0	0.0	0.0	0.0	0.0	0.0	0.0	0.0	0.0	0.0
0.0	0.0	0.0	0.0	2.25129179861	0.0	0.0	0.0	0.0	0.0	0.0	0.0	0.0	0.0	0.0	0.0	0.0	0.0
0.0	0.0	0.0	0.0	0.0	0.0	0.0	0.0	0.0	0.0	2.25129179861	0.0	0.0	0.0	0.0	0.0	0.0	0.0
0.0	0.0	0.0	0.0	0.0	0.0	0.0	0.0	2.25129179861	0.0	0.0	0.0	0.0	0.0	0.0	0.0	0.0	0.0
1.15267950994	0.0	0.0	0.0	1.15267950994	0.0	0.0	1.15267950994	0.0	0.0	0.0	1.15267950994	0.0	0.0	1.15267950994	0.0	0.0	0.0
0.0	0.0	0.0	0.0	0.0	0.0	3.691653381	0.0	0.0	0.0	0.0	0.0	0.0	0.0	0.0	3.691653381	0.0	0.0
0.0	0.0	0.0	0.0	0.0	0.0	0.0	0.0	0.0	0.0	2.25129179861	0.0	0.0	0.0	0.0	0.0	0.0	0.0
0.0	0.0	0.0	0.0	2.25129179861	0.0	0.0	0.0	0.0	0.0	0.0	0.0	0.0	0.0	0.0	0.0	0.0	0.0
0.0	0.0	0.0	0.0	0.0	0.0	1.8458266905	0.0	0.0	0.0	0.0	0.0	0.0	0.0	0.0	1.8458266905	0.0	0.0
0.0	2.25129179861	0.0	0.0	0.0	0.0	0.0	0.0	0.0	0.0	0.0	0.0	0.0	0.0	0.0	0.0	0.0	0.0
0.0	0.0	0.0	0.0	0.0	0.0	0.0	0.0	0.0	0.0	0.0	0.0	0.0	0.0	0.0	0.0	2.25129179861	0.0
0.0	0.0	0.0	0.0	0.0	0.0	0.0	0.0	0.0	0.0	0.0	0.0	0.0	0.0	2.25129179861	0.0	0.0	0.0
0.0	0.0	0.0	0.0	0.0	0.0	1.8458266905	0.0	0.0	0.0	0.0	0.0	0.0	0.0	0.0	1.8458266905	0.0	0.0
0.0	0.0	1.8458266905	0.0	0.0	0.0	0.0	0.0	0.0	0.0	0.0	0.0	0.0	0.0	0.0	0.0	0.0	1.8458266905
0.0	0.0	0.0	0.0	0.0	0.0	0.0	0.0	2.25129179861	0.0	0.0	0.0	0.0	0.0	0.0	0.0	0.0	0.0
0.0	1.33500106673	0.0	0.0	0.0	0.0	0.0	0.0	0.0	0.0	6.67500533366	0.0	1.33500106673	1.33500106673	0.0	0.0	0.0	0.0
1.55814461805	0.0	1.55814461805	0.0	0.0	0.0	0.0	0.0	0.0	0.0	0.0	0.0	0.0	0.0	0.0	0.0	0.0	1.55814461805
0.0	0.0	1.33500106673	0.0	0.0	0.0	0.0	1.33500106673	0.0	0.0	1.33500106673	0.0	0.0	0.0	0.0	0.0	0.0	1.33500106673
0.0	0.0	0.0	0.0	0.0	0.0	1.8458266905	0.0	0.0	0.0	0.0	0.0	0.0	0.0	0.0	1.8458266905	0.0	0.0
1.55814461805	0.0	1.55814461805	0.0	0.0	0.0	0.0	0.0	0.0	0.0	0.0	0.0	0.0	0.0	0.0	0.0	0.0	1.55814461805
0.0	0.0	0.0	0.0	0.0	0.0	0.0	0.0	0.0	0.0	0.0	6.75387539582	0.0	0.0	0.0	0.0	0.0	0.0
0.0	0.0	0.0	0.0	0.0	0.0	0.0	0.0	0.0	0.0	0.0	0.0	0.0	2.25129179861	0.0	0.0	0.0	0.0
0.0	0.0	0.0	0.0	0.0	0.0	0.0	2.25129179861	0.0	0.0	0.0	0.0	0.0	0.0	0.0	0.0	0.0	0.0
0.0	2.25129179861	0.0	0.0	0.0	0.0	0.0	0.0	0.0	0.0	0.0	0.0	0.0	0.0	0.0	0.0	0.0	0.0
0.0	0.0	0.0	0.0	0.0	0.0	0.0	0.0	0.0	0.0	0.0	0.0	4.50258359721	0.0	0.0	0.0	0.0	0.0
0.0	0.0	0.0	0.0	2.25129179861	0.0	0.0	0.0	0.0	0.0	0.0	0.0	0.0	0.0	0.0	0.0	0.0	0.0
0.0	2.25129179861	0.0	0.0	0.0	0.0	0.0	0.0	0.0	0.0	0.0	0.0	0.0	0.0	0.0	0.0	0.0	0.0
0.0	0.0	0.0	0.0	0.0	0.0	0.0	4.50258359721	0.0	0.0	0.0	0.0	0.0	0.0	0.0	0.0	0.0	0.0
0.0	0.0	0.0	0.0	0.0	0.0	0.0	2.25129179861	0.0	0.0	0.0	0.0	0.0	0.0	0.0	0.0	0.0	0.0
0.0	2.25129179861	0.0	0.0	0.0	0.0	0.0	0.0	0.0	0.0	0.0	0.0	0.0	0.0	0.0	0.0	0.0	0.0
0.0	0.0	0.0	0.0	0.0	0.0	0.0	0.0	0.0	0.0	0.0	0.0	0.0	2.25129179861	0.0	0.0	0.0	0.0
0.0	0.0	0.0	0.0	0.0	0.0	0.0	0.0	0.0	0.0	0.0	0.0	0.0	0.0	2.25129179861	0.0	0.0	0.0
0.0	0.0	0.0	0.0	0.0	1.8458266905	0.0	0.0	0.0	0.0	0.0	0.0	0.0	0.0	0.0	0.0	1.8458266905	0.0
0.0	2.25129179861	0.0	0.0	0.0	0.0	0.0	0.0	0.0	0.0	0.0	0.0	0.0	0.0	0.0	0.0	0.0	0.0
0.0	0.0	0.0	0.0	0.0	0.0	0.0	0.0	1.55814461805	0.0	0.0	0.0	1.55814461805	0.0	1.55814461805	0.0	0.0	0.0
0.0	0.0	0.0	0.0	1.8458266905	0.0	0.0	1.8458266905	0.0	0.0	0.0	0.0	0.0	0.0	0.0	0.0	0.0	0.0
0.0	0.0	0.0	0.0	0.0	0.0	0.0	2.25129179861	0.0	0.0	0.0	0.0	0.0	0.0	0.0	0.0	0.0	0.0
0.0	0.0	0.0	0.0	0.0	0.0	0.0	0.0	0.0	0.0	0.0	0.0	0.0	0.0	6.75387539582	0.0	0.0	0.0
2.25129179861	0.0	0.0	0.0	0.0	0.0	0.0	0.0	0.0	0.0	0.0	0.0	0.0	0.0	0.0	0.0	0.0	0.0
0.0	0.0	0.0	0.0	0.0	0.0	0.0	0.0	0.0	0.0	0.0	0.0	0.0	2.25129179861	0.0	0.0	0.0	0.0
0.0	0.0	0.0	0.0	0.0	0.0	0.0	0.0	0.0	0.0	0.0	0.0	0.0	0.0	2.25129179861	0.0	0.0	0.0
0.0	0.0	0.0	0.0	0.0	0.0	1.8458266905	0.0	0.0	0.0	0.0	0.0	0.0	0.0	0.0	1.8458266905	0.0	0.0
0.0	0.0	0.0	0.0	0.0	0.0	0.0	0.0	2.25129179861	0.0	0.0	0.0	0.0	0.0	0.0	0.0	0.0	0.0
0.0	0.0	0.0	0.0	0.0	0.0	0.0	0.0	0.0	0.0	0.0	0.0	0.0	2.25129179861	0.0	0.0	0.0	0.0
1.33500106673	0.0	1.33500106673	0.0	0.0	0.0	0.0	2.67000213346	0.0	0.0	0.0	0.0	0.0	0.0	0.0	0.0	0.0	1.33500106673
0.0	0.0	0.0	0.0	0.0	0.0	0.0	0.0	0.0	9.00516719443	0.0	0.0	0.0	0.0	0.0	0.0	0.0	0.0
0.0	0.0	0.0	0.0	0.0	0.0	0.0	0.0	2.25129179861	0.0	0.0	0.0	0.0	0.0	0.0	0.0	0.0	0.0
0.0	0.0	0.0	0.0	0.0	0.0	0.0	0.0	1.8458266905	1.8458266905	0.0	0.0	0.0	0.0	0.0	0.0	0.0	0.0
2.25129179861	0.0	0.0	0.0	0.0	0.0	0.0	0.0	0.0	0.0	0.0	0.0	0.0	0.0	0.0	0.0	0.0	0.0
2.25129179861	0.0	0.0	0.0	0.0	0.0	0.0	0.0	0.0	0.0	0.0	0.0	0.0	0.0	0.0	0.0	0.0	0.0
0.0	0.0	0.0	0.0	0.0	0.0	0.0	0.0	0.0	0.0	2.25129179861	0.0	0.0	0.0	0.0	0.0	0.0	0.0
0.0	0.0	0.0	0.0	0.0	0.864997437487	0.0	0.0	0.0	0.0	0.864997437487	0.864997437487	0.864997437487	0.864997437487	0.864997437487	0.0	0.864997437487	0.0
0.0	0.0	0.0	0.0	0.0	0.0	0.0	0.0	0.0	0.0	0.0	0.0	2.25129179861	0.0	0.0	0.0	0.0	0.0
0.0	0.0	0.0	0.0	0.0	0.0	0.0	0.0	0.0	0.0	0.0	0.0	1.8458266905	7.38330676199	0.0	0.0	0.0	0.0
1.33500106673	0.0	0.0	0.0	0.0	0.0	0.0	0.0	1.33500106673	1.33500106673	0.0	1.33500106673	0.0	0.0	0.0	0.0	0.0	0.0
0.0	0.0	0.0	0.0	2.25129179861	0.0	0.0	0.0	0.0	0.0	0.0	0.0	0.0	0.0	0.0	0.0	0.0	0.0
0.0	0.0	0.0	0.0	0.0	0.0	0.0	0.0	0.0	0.0	0.0	0.0	0.0	0.0	2.25129179861	0.0	0.0	0.0
0.0	0.0	0.0	0.0	0.0	2.25129179861	0.0	0.0	0.0	0.0	0.0	0.0	0.0	0.0	0.0	0.0	0.0	0.0
0.0	0.0	0.0	0.0	0.0	0.0	0.0	0.0	0.0	0.0	0.0	0.0	0.0	6.75387539582	0.0	0.0	0.0	0.0
0.0	0.0	0.0	0.0	0.0	0.0	1.8458266905	0.0	0.0	0.0	0.0	0.0	0.0	0.0	0.0	1.8458266905	0.0	0.0
0.0	0.0	0.0	0.0	0.0	0.0	0.0	0.0	0.0	0.0	0.0	0.0	2.25129179861	0.0	0.0	0.0	0.0	0.0
0.0	0.0	0.0	0.0	0.0	2.25129179861	0.0	0.0	0.0	0.0	0.0	0.0	0.0	0.0	0.0	0.0	0.0	0.0
0.0	2.25129179861	0.0	0.0	0.0	0.0	0.0	0.0	0.0	0.0	0.0	0.0	0.0	0.0	0.0	0.0	0.0	0.0
0.0	0.0	0.0	0.0	0.0	0.0	0.0	0.0	0.0	0.0	0.0	0.0	2.25129179861	0.0	0.0	0.0	0.0	0.0
0.0	4.50258359721	0.0	0.0	0.0	0.0	0.0	0.0	0.0	0.0	0.0	0.0	0.0	0.0	0.0	0.0	0.0	0.0
0.0	0.0	0.0	0.0	0.0	1.33500106673	0.0	0.0	1.33500106673	0.0	0.0	0.0	1.33500106673	0.0	0.0	0.0	1.33500106673	0.0
0.0	0.0	0.0	0.0	0.0	0.0	0.0	0.0	0.0	0.0	0.0	2.25129179861	0.0	0.0	0.0	0.0	0.0	0.0
0.0	0.0	0.0	0.0	0.0	0.0	0.0	0.0	0.0	0.0	0.0	0.0	2.25129179861	0.0	0.0	0.0	0.0	0.0
0.0	0.0	0.0	2.25129179861	0.0	0.0	0.0	0.0	0.0	0.0	0.0	0.0	0.0	0.0	0.0	0.0	0.0	0.0
0.0	0.0	0.0	0.0	0.0	2.25129179861	0.0	0.0	0.0	0.0	0.0	0.0	0.0	0.0	0.0	0.0	0.0	0.0
0.0	0.0	0.0	0.0	0.0	0.0	0.0	0.0	0.0	0.0	2.25129179861	0.0	0.0	0.0	0.0	0.0	0.0	0.0
0.0	4.50258359721	0.0	0.0	0.0	0.0	0.0	0.0	0.0	0.0	0.0	0.0	0.0	0.0	0.0	0.0	0.0	0.0
0.0	0.0	0.0	4.50258359721	0.0	0.0	0.0	0.0	0.0	0.0	0.0	0.0	0.0	0.0	0.0	0.0	0.0	0.0
0.0	0.0	0.0	0.0	0.0	0.0	0.0	0.0	0.0	0.0	2.25129179861	0.0	0.0	0.0	0.0	0.0	0.0	0.0
0.0	0.0	0.0	0.0	0.0	0.0	0.0	0.0	0.0	0.0	0.0	0.0	0.0	0.0	2.25129179861	0.0	0.0	0.0
0.0	0.0	0.0	0.0	0.0	0.0	0.0	0.0	0.0	0.0	0.0	0.0	0.0	0.0	4.50258359721	0.0	0.0	0.0
0.0	0.0	0.0	0.0	0.0	0.0	0.0	0.0	0.0	0.0	0.0	0.0	2.25129179861	0.0	0.0	0.0	0.0	0.0
0.0	0.0	0.0	0.0	0.0	0.0	0.0	0.0	0.0	0.0	2.25129179861	0.0	0.0	0.0	0.0	0.0	0.0	0.0
0.0	2.25129179861	0.0	0.0	0.0	0.0	0.0	0.0	0.0	0.0	0.0	0.0	0.0	0.0	0.0	0.0	0.0	0.0
0.0	0.0	0.0	0.0	0.0	0.0	0.0	0.0	0.0	2.25129179861	0.0	0.0	0.0	0.0	0.0	0.0	0.0	0.0
0.0	0.0	0.0	0.0	2.25129179861	0.0	0.0	0.0	0.0	0.0	0.0	0.0	0.0	0.0	0.0	0.0	0.0	0.0
0.0	9.00516719443	0.0	0.0	0.0	0.0	0.0	0.0	0.0	0.0	0.0	0.0	0.0	0.0	0.0	0.0	0.0	0.0
0.0	0.0	0.0	0.0	0.0	0.0	0.0	0.0	0.0	0.0	2.25129179861	0.0	0.0	0.0	0.0	0.0	0.0	0.0
0.0	0.0	0.0	0.0	0.0	0.0	0.0	0.0	0.0	0.0	0.0	1.8458266905	0.0	0.0	1.8458266905	0.0	0.0	0.0
0.0	0.0	0.0	0.0	0.0	0.0	0.0	0.0	2.25129179861	0.0	0.0	0.0	0.0	0.0	0.0	0.0	0.0	0.0
0.0	0.0	0.0	0.0	0.0	1.33500106673	0.0	0.0	0.0	1.33500106673	0.0	0.0	0.0	1.33500106673	0.0	0.0	1.33500106673	0.0
0.0	0.0	0.0	0.0	0.0	0.0	0.0	0.0	0.0	2.25129179861	0.0	0.0	0.0	0.0	0.0	0.0	0.0	0.0
0.0	0.0	0.0	0.0	0.0	0.0	0.0	0.0	0.0	0.0	0.0	0.0	2.25129179861	0.0	0.0	0.0	0.0	0.0
0.0	0.0	0.0	0.0	0.0	0.0	0.0	0.0	2.25129179861	0.0	0.0	0.0	0.0	0.0	0.0	0.0	0.0	0.0
1.55814461805	0.0	1.55814461805	0.0	0.0	0.0	0.0	0.0	0.0	0.0	0.0	0.0	0.0	0.0	0.0	0.0	0.0	1.55814461805
0.0	0.0	0.0	0.0	0.0	1.8458266905	0.0	0.0	0.0	0.0	0.0	0.0	0.0	0.0	0.0	0.0	1.8458266905	0.0
0.0	0.0	0.0	0.0	0.0	1.8458266905	0.0	0.0	0.0	0.0	0.0	0.0	0.0	0.0	0.0	0.0	1.8458266905	0.0
0.0	0.0	0.0	0.0	0.0	0.0	0.0	0.0	0.0	0.0	2.25129179861	0.0	0.0	0.0	0.0	0.0	0.0	0.0
0.0	0.0	0.0	0.0	0.0	0.0	0.0	0.0	0.0	0.0	2.25129179861	0.0	0.0	0.0	0.0	0.0	0.0	0.0
1.33500106673	0.0	1.33500106673	0.0	0.0	0.0	0.0	1.33500106673	0.0	0.0	0.0	0.0	0.0	0.0	0.0	0.0	0.0	1.33500106673
0.0	0.0	0.0	0.0	0.0	1.8458266905	0.0	0.0	0.0	0.0	0.0	0.0	0.0	0.0	0.0	0.0	1.8458266905	0.0
0.0	0.0	0.0	0.0	0.0	0.0	0.0	0.0	0.0	0.0	0.0	0.0	0.0	0.0	0.0	0.0	2.25129179861	0.0
0.0	6.75387539582	0.0	0.0	0.0	0.0	0.0	0.0	0.0	0.0	0.0	0.0	0.0	0.0	0.0	0.0	0.0	0.0
0.0	0.0	0.0	2.25129179861	0.0	0.0	0.0	0.0	0.0	0.0	0.0	0.0	0.0	0.0	0.0	0.0	0.0	0.0
0.0	1.33500106673	0.0	0.0	0.0	0.0	0.0	0.0	0.0	0.0	1.33500106673	1.33500106673	1.33500106673	0.0	0.0	0.0	0.0	0.0
0.0	2.25129179861	0.0	0.0	0.0	0.0	0.0	0.0	0.0	0.0	0.0	0.0	0.0	0.0	0.0	0.0	0.0	0.0
0.0	0.0	0.0	0.0	0.0	0.0	0.0	0.0	0.0	0.0	0.0	0.0	0.0	2.25129179861	0.0	0.0	0.0	0.0
2.25129179861	0.0	0.0	0.0	0.0	0.0	0.0	0.0	0.0	0.0	0.0	0.0	0.0	0.0	0.0	0.0	0.0	0.0
0.0	0.0	1.8458266905	0.0	0.0	0.0	0.0	0.0	0.0	0.0	0.0	0.0	0.0	0.0	0.0	0.0	0.0	1.8458266905
0.0	0.0	0.0	0.0	2.25129179861	0.0	0.0	0.0	0.0	0.0	0.0	0.0	0.0	0.0	0.0	0.0	0.0	0.0
0.0	0.0	0.0	0.0	0.0	0.0	0.0	0.0	0.0	0.0	0.0	0.0	2.25129179861	0.0	0.0	0.0	0.0	0.0
0.0	0.0	1.33500106673	0.0	0.0	0.0	0.0	0.0	0.0	0.0	1.33500106673	1.33500106673	0.0	0.0	0.0	0.0	0.0	1.33500106673
0.0	0.0	0.0	0.0	0.0	0.0	0.0	0.0	0.0	0.0	0.0	0.0	2.25129179861	0.0	0.0	0.0	0.0	0.0
0.0	0.0	0.0	0.0	0.0	0.0	0.0	0.0	1.8458266905	0.0	1.8458266905	0.0	0.0	0.0	0.0	0.0	0.0	0.0
0.0	0.0	0.0	0.0	0.0	0.0	0.0	0.0	2.25129179861	0.0	0.0	0.0	0.0	0.0	0.0	0.0	0.0	0.0
0.0	0.0	0.0	0.0	0.0	0.0	0.0	0.0	0.0	0.0	0.0	0.0	0.0	2.25129179861	0.0	0.0	0.0	0.0
0.0	0.0	0.0	0.0	0.0	0.0	0.0	0.0	0.0	0.0	2.25129179861	0.0	0.0	0.0	0.0	0.0	0.0	0.0
0.0	0.0	0.0	0.0	0.0	0.0	0.0	2.25129179861	0.0	0.0	0.0	0.0	0.0	0.0	0.0	0.0	0.0	0.0
0.0	0.0	0.0	4.50258359721	0.0	0.0	0.0	0.0	0.0	0.0	0.0	0.0	0.0	0.0	0.0	0.0	0.0	0.0
0.0	0.0	0.0	0.0	0.0	0.0	0.0	0.0	2.25129179861	0.0	0.0	0.0	0.0	0.0	0.0	0.0	0.0	0.0
0.0	2.25129179861	0.0	0.0	0.0	0.0	0.0	0.0	0.0	0.0	0.0	0.0	0.0	0.0	0.0	0.0	0.0	0.0
0.0	0.0	0.0	0.0	0.0	0.0	0.0	0.0	0.0	0.0	0.0	0.0	0.0	2.25129179861	0.0	0.0	0.0	0.0
0.0	0.0	0.0	0.0	0.0	0.0	0.0	0.0	0.0	2.25129179861	0.0	0.0	0.0	0.0	0.0	0.0	0.0	0.0
0.0	0.0	0.0	0.0	0.0	0.0	0.0	0.0	0.0	0.0	0.0	0.0	0.0	2.25129179861	0.0	0.0	0.0	0.0
0.0	0.0	0.0	0.0	1.55814461805	0.0	0.0	1.55814461805	0.0	0.0	0.0	0.0	0.0	1.55814461805	0.0	0.0	0.0	0.0
0.0	0.0	0.0	0.0	0.0	0.0	0.0	0.0	0.0	0.0	0.0	2.25129179861	0.0	0.0	0.0	0.0	0.0	0.0
0.0	0.0	0.0	0.0	0.0	0.0	0.0	0.0	0.0	0.0	0.0	0.0	2.25129179861	0.0	0.0	0.0	0.0	0.0
0.0	0.0	0.0	0.0	0.0	0.0	0.0	0.0	0.0	0.0	0.0	0.0	4.50258359721	0.0	0.0	0.0	0.0	0.0
0.0	0.0	0.0	2.25129179861	0.0	0.0	0.0	0.0	0.0	0.0	0.0	0.0	0.0	0.0	0.0	0.0	0.0	0.0
0.0	0.0	0.0	0.0	0.0	0.0	0.0	0.0	2.25129179861	0.0	0.0	0.0	0.0	0.0	0.0	0.0	0.0	0.0
0.0	2.25129179861	0.0	0.0	0.0	0.0	0.0	0.0	0.0	0.0	0.0	0.0	0.0	0.0	0.0	0.0	0.0	0.0
0.0	0.0	0.0	0.0	0.0	0.0	0.0	0.0	0.0	0.0	2.25129179861	0.0	0.0	0.0	0.0	0.0	0.0	0.0
2.67000213346	0.0	2.67000213346	0.0	0.0	0.0	0.0	0.0	0.0	0.0	0.0	1.33500106673	0.0	0.0	0.0	0.0	0.0	2.67000213346
0.0	0.0	0.0	0.0	0.0	0.0	0.0	0.0	0.0	0.0	0.0	0.0	0.0	2.25129179861	0.0	0.0	0.0	0.0
0.0	1.8458266905	0.0	0.0	0.0	0.0	0.0	0.0	0.0	0.0	0.0	0.0	7.38330676199	0.0	0.0	0.0	0.0	0.0
0.0	2.25129179861	0.0	0.0	0.0	0.0	0.0	0.0	0.0	0.0	0.0	0.0	0.0	0.0	0.0	0.0	0.0	0.0
0.0	0.0	0.0	0.0	0.0	0.0	0.0	0.0	0.0	2.25129179861	0.0	0.0	0.0	0.0	0.0	0.0	0.0	0.0
0.0	2.25129179861	0.0	0.0	0.0	0.0	0.0	0.0	0.0	0.0	0.0	0.0	0.0	0.0	0.0	0.0	0.0	0.0
0.0	0.0	0.0	1.55814461805	0.0	0.0	0.0	0.0	1.55814461805	0.0	0.0	0.0	0.0	0.0	1.55814461805	0.0	0.0	0.0
0.0	0.0	0.0	0.0	0.0	13.8321541193	1.15267950994	0.0	0.0	5.76339754969	0.0	0.0	0.0	0.0	0.0	1.15267950994	12.6794746093	0.0
0.0	0.0	0.0	0.0	1.15267950994	0.0	1.15267950994	0.0	0.0	0.0	1.15267950994	0.0	0.0	1.15267950994	0.0	1.15267950994	0.0	0.0
0.0	0.0	0.0	0.0	0.0	0.0	0.0	0.0	0.0	0.0	0.0	0.0	6.75387539582	0.0	0.0	0.0	0.0	0.0
0.0	0.0	0.0	0.0	0.0	0.0	0.0	0.0	0.0	0.0	0.0	0.0	2.25129179861	0.0	0.0	0.0	0.0	0.0
0.0	0.0	0.0	2.25129179861	0.0	0.0	0.0	0.0	0.0	0.0	0.0	0.0	0.0	0.0	0.0	0.0	0.0	0.0
0.0	0.0	0.0	0.0	0.0	0.0	0.0	0.0	0.0	1.8458266905	0.0	0.0	1.8458266905	0.0	0.0	0.0	0.0	0.0
0.0	0.0	0.0	0.0	0.0	0.0	0.0	0.0	0.0	0.0	0.0	0.0	0.0	0.0	2.25129179861	0.0	0.0	0.0
0.0	4.50258359721	0.0	0.0	0.0	0.0	0.0	0.0	0.0	0.0	0.0	0.0	0.0	0.0	0.0	0.0	0.0	0.0
0.0	4.50258359721	0.0	0.0	0.0	0.0	0.0	0.0	0.0	0.0	0.0	0.0	0.0	0.0	0.0	0.0	0.0	0.0
0.0	0.0	0.0	0.0	6.75387539582	0.0	0.0	0.0	0.0	0.0	0.0	0.0	0.0	0.0	0.0	0.0	0.0	0.0
0.0	0.0	0.0	0.0	0.0	0.0	0.0	0.0	0.0	0.0	2.25129179861	0.0	0.0	0.0	0.0	0.0	0.0	0.0
0.0	2.25129179861	0.0	0.0	0.0	0.0	0.0	0.0	0.0	0.0	0.0	0.0	0.0	0.0	0.0	0.0	0.0	0.0
0.0	0.0	0.0	0.0	0.0	0.0	0.0	0.0	1.8458266905	1.8458266905	0.0	0.0	0.0	0.0	0.0	0.0	0.0	0.0
1.55814461805	0.0	1.55814461805	0.0	0.0	0.0	0.0	0.0	0.0	0.0	0.0	0.0	0.0	0.0	0.0	0.0	0.0	1.55814461805
0.0	0.0	0.0	0.0	0.0	0.0	0.0	0.0	0.0	0.0	0.0	4.50258359721	0.0	0.0	0.0	0.0	0.0	0.0
0.0	0.0	0.0	0.0	0.0	0.0	0.0	0.0	1.8458266905	1.8458266905	0.0	0.0	0.0	0.0	0.0	0.0	0.0	0.0
0.0	1.8458266905	0.0	0.0	0.0	0.0	0.0	0.0	0.0	0.0	0.0	1.8458266905	0.0	0.0	0.0	0.0	0.0	0.0
1.33500106673	0.0	1.33500106673	0.0	0.0	0.0	0.0	0.0	0.0	0.0	0.0	0.0	0.0	0.0	0.0	0.0	1.33500106673	1.33500106673
0.0	0.0	0.0	0.0	0.0	0.0	0.0	0.0	2.25129179861	0.0	0.0	0.0	0.0	0.0	0.0	0.0	0.0	0.0
0.0	0.0	0.0	0.0	0.0	1.33500106673	1.33500106673	0.0	0.0	0.0	0.0	0.0	0.0	0.0	0.0	1.33500106673	2.67000213346	0.0
0.0	2.67000213346	0.0	0.0	0.0	0.0	1.33500106673	0.0	1.33500106673	0.0	0.0	0.0	0.0	0.0	0.0	1.33500106673	0.0	0.0
0.0	0.0	0.0	0.0	0.0	2.25129179861	0.0	0.0	0.0	0.0	0.0	0.0	0.0	0.0	0.0	0.0	0.0	0.0
0.0	0.0	0.0	0.0	0.0	0.0	0.0	0.0	0.0	0.0	0.0	0.0	0.0	6.75387539582	0.0	0.0	0.0	0.0
1.55814461805	0.0	1.55814461805	0.0	0.0	0.0	0.0	0.0	0.0	0.0	0.0	0.0	0.0	0.0	0.0	0.0	0.0	1.55814461805
0.0	0.0	0.0	0.0	0.0	0.0	0.0	9.22913345249	0.0	0.0	0.0	0.0	0.0	0.0	3.691653381	0.0	0.0	0.0
1.33500106673	0.0	0.0	0.0	0.0	0.0	0.0	0.0	0.0	0.0	2.67000213346	1.33500106673	0.0	0.0	1.33500106673	0.0	0.0	0.0
0.0	0.0	0.0	0.0	0.0	1.8458266905	0.0	0.0	0.0	0.0	0.0	0.0	0.0	0.0	0.0	0.0	1.8458266905	0.0
0.0	0.0	0.0	0.0	0.0	2.25129179861	0.0	0.0	0.0	0.0	0.0	0.0	0.0	0.0	0.0	0.0	0.0	0.0
0.0	0.0	0.0	0.0	0.0	0.0	0.0	0.0	0.0	0.0	2.25129179861	0.0	0.0	0.0	0.0	0.0	0.0	0.0
0.0	0.0	0.0	0.0	0.0	0.0	0.0	2.25129179861	0.0	0.0	0.0	0.0	0.0	0.0	0.0	0.0	0.0	0.0
0.0	0.0	0.0	0.0	0.0	0.0	0.0	2.25129179861	0.0	0.0	0.0	0.0	0.0	0.0	0.0	0.0	0.0	0.0
0.0	0.0	0.0	6.75387539582	0.0	0.0	0.0	0.0	0.0	0.0	0.0	0.0	0.0	0.0	0.0	0.0	0.0	0.0
1.55814461805	0.0	1.55814461805	0.0	0.0	0.0	0.0	0.0	0.0	0.0	0.0	0.0	0.0	0.0	0.0	0.0	0.0	1.55814461805
0.0	0.0	0.0	0.0	0.0	0.0	0.0	0.0	0.0	0.0	0.0	0.0	0.0	2.25129179861	0.0	0.0	0.0	0.0
0.0	0.0	0.0	0.0	0.0	0.0	0.0	0.0	2.25129179861	0.0	0.0	0.0	0.0	0.0	0.0	0.0	0.0	0.0
0.0	15.7590425902	0.0	0.0	0.0	0.0	0.0	0.0	0.0	0.0	0.0	0.0	0.0	0.0	0.0	0.0	0.0	0.0
0.0	0.0	0.0	0.0	0.0	0.0	0.0	0.0	0.0	0.0	0.0	6.75387539582	0.0	0.0	0.0	0.0	0.0	0.0
0.0	0.0	0.0	0.0	0.0	0.0	0.0	0.0	0.0	0.0	0.0	0.0	0.0	0.0	4.50258359721	0.0	0.0	0.0
0.0	0.0	0.0	0.0	0.0	0.0	3.691653381	0.0	0.0	0.0	0.0	0.0	0.0	0.0	0.0	3.691653381	0.0	0.0
0.0	0.0	0.0	0.0	0.0	2.25129179861	0.0	0.0	0.0	0.0	0.0	0.0	0.0	0.0	0.0	0.0	0.0	0.0
0.0	2.25129179861	0.0	0.0	0.0	0.0	0.0	0.0	0.0	0.0	0.0	0.0	0.0	0.0	0.0	0.0	0.0	0.0
0.0	11.074960143	0.0	0.0	0.0	0.0	0.0	0.0	0.0	0.0	0.0	0.0	1.8458266905	0.0	0.0	0.0	0.0	0.0
3.11628923609	0.0	1.55814461805	0.0	0.0	0.0	0.0	0.0	0.0	0.0	0.0	0.0	0.0	0.0	0.0	0.0	0.0	1.55814461805
0.0	0.0	0.0	0.0	0.0	0.0	0.0	0.0	0.0	0.0	0.0	2.25129179861	0.0	0.0	0.0	0.0	0.0	0.0
1.55814461805	0.0	1.55814461805	0.0	0.0	0.0	0.0	0.0	0.0	0.0	0.0	0.0	0.0	0.0	0.0	0.0	0.0	1.55814461805
0.0	0.0	0.0	0.0	0.0	0.0	0.0	0.0	0.0	0.0	0.0	1.8458266905	1.8458266905	0.0	0.0	0.0	0.0	0.0
0.0	9.00516719443	0.0	0.0	0.0	0.0	0.0	0.0	0.0	0.0	0.0	0.0	0.0	0.0	0.0	0.0	0.0	0.0
0.0	0.0	0.0	0.0	1.33500106673	0.0	1.33500106673	0.0	0.0	0.0	0.0	0.0	0.0	0.0	1.33500106673	1.33500106673	0.0	0.0
0.0	0.0	0.0	0.0	0.0	0.0	0.0	0.0	0.0	0.0	0.0	0.0	0.0	2.25129179861	0.0	0.0	0.0	0.0
0.0	0.0	0.0	0.0	0.0	0.0	0.0	0.0	0.0	0.0	0.0	0.0	0.0	0.0	2.25129179861	0.0	0.0	0.0
0.0	0.864997437487	0.0	0.864997437487	0.0	0.0	1.72999487497	0.864997437487	0.0	0.864997437487	0.0	0.0	0.864997437487	0.0	0.0	1.72999487497	0.0	0.0
0.0	0.0	0.0	0.0	0.0	0.0	0.0	0.0	0.0	6.75387539582	0.0	0.0	0.0	0.0	0.0	0.0	0.0	0.0
1.8458266905	0.0	0.0	0.0	0.0	0.0	0.0	1.8458266905	0.0	0.0	0.0	0.0	0.0	0.0	0.0	0.0	0.0	0.0
0.0	0.0	0.0	0.0	0.0	0.0	0.0	4.50258359721	0.0	0.0	0.0	0.0	0.0	0.0	0.0	0.0	0.0	0.0
0.0	0.0	0.0	0.0	0.0	0.0	0.0	0.0	2.25129179861	0.0	0.0	0.0	0.0	0.0	0.0	0.0	0.0	0.0
0.0	2.25129179861	0.0	0.0	0.0	0.0	0.0	0.0	0.0	0.0	0.0	0.0	0.0	0.0	0.0	0.0	0.0	0.0
0.0	0.0	0.0	0.0	0.0	0.0	0.0	0.0	0.0	0.0	0.0	2.25129179861	0.0	0.0	0.0	0.0	0.0	0.0
0.0	0.0	0.0	0.0	0.0	0.0	0.0	9.00516719443	0.0	0.0	0.0	0.0	0.0	0.0	0.0	0.0	0.0	0.0
0.0	0.0	0.0	0.0	0.0	0.0	0.0	0.0	0.0	0.0	4.50258359721	0.0	0.0	0.0	0.0	0.0	0.0	0.0
0.0	0.0	0.0	0.0	0.0	0.0	0.0	0.0	0.0	2.25129179861	0.0	0.0	0.0	0.0	0.0	0.0	0.0	0.0
0.0	0.0	0.0	0.0	0.0	0.0	0.0	0.0	0.0	0.0	0.0	2.25129179861	0.0	0.0	0.0	0.0	0.0	0.0
0.0	0.0	0.0	0.0	0.0	0.0	0.0	0.0	0.0	0.0	0.0	0.0	2.25129179861	0.0	0.0	0.0	0.0	0.0
0.0	0.0	0.0	0.0	0.0	0.0	0.0	0.0	2.25129179861	0.0	0.0	0.0	0.0	0.0	0.0	0.0	0.0	0.0
0.0	0.0	0.0	0.0	0.0	0.0	0.0	0.0	0.0	0.0	0.0	1.8458266905	0.0	0.0	1.8458266905	0.0	0.0	0.0
0.0	2.25129179861	0.0	0.0	0.0	0.0	0.0	0.0	0.0	0.0	0.0	0.0	0.0	0.0	0.0	0.0	0.0	0.0
0.0	0.0	0.0	0.0	0.0	0.0	0.0	0.0	0.0	0.0	0.0	2.25129179861	0.0	0.0	0.0	0.0	0.0	0.0
0.0	0.0	0.0	0.0	0.0	0.0	0.0	0.0	0.0	0.0	0.0	0.0	0.0	2.25129179861	0.0	0.0	0.0	0.0
0.0	0.0	0.0	0.0	0.0	0.0	0.0	0.0	2.25129179861	0.0	0.0	0.0	0.0	0.0	0.0	0.0	0.0	0.0
0.0	0.0	0.0	4.50258359721	0.0	0.0	0.0	0.0	0.0	0.0	0.0	0.0	0.0	0.0	0.0	0.0	0.0	0.0
0.0	0.0	0.0	4.50258359721	0.0	0.0	0.0	0.0	0.0	0.0	0.0	0.0	0.0	0.0	0.0	0.0	0.0	0.0
0.0	0.0	0.0	0.0	2.25129179861	0.0	0.0	0.0	0.0	0.0	0.0	0.0	0.0	0.0	0.0	0.0	0.0	0.0
0.0	0.0	0.0	0.0	0.0	0.0	0.0	0.0	0.0	0.0	0.0	0.0	0.0	0.0	9.00516719443	0.0	0.0	0.0
2.25129179861	0.0	0.0	0.0	0.0	0.0	0.0	0.0	0.0	0.0	0.0	0.0	0.0	0.0	0.0	0.0	0.0	0.0
0.0	0.0	0.0	0.0	0.0	0.0	0.0	0.0	2.25129179861	0.0	0.0	0.0	0.0	0.0	0.0	0.0	0.0	0.0
0.0	0.0	0.0	0.0	0.0	0.0	0.0	1.8458266905	1.8458266905	0.0	0.0	0.0	0.0	0.0	0.0	0.0	0.0	0.0
0.0	2.25129179861	0.0	0.0	0.0	0.0	0.0	0.0	0.0	0.0	0.0	0.0	0.0	0.0	0.0	0.0	0.0	0.0
0.0	0.0	1.8458266905	0.0	0.0	0.0	0.0	0.0	0.0	0.0	0.0	0.0	0.0	0.0	0.0	0.0	0.0	1.8458266905
0.0	0.0	0.0	0.0	0.0	0.0	0.0	0.0	0.0	0.0	0.0	0.0	0.0	0.0	2.25129179861	0.0	0.0	0.0
0.0	0.0	0.0	0.0	0.0	0.0	0.0	0.0	0.0	0.0	0.0	0.0	0.0	0.0	2.25129179861	0.0	0.0	0.0
0.0	0.0	0.0	0.0	0.0	0.0	0.0	0.0	0.0	0.0	0.0	0.0	0.0	2.25129179861	0.0	0.0	0.0	0.0
0.0	0.0	0.0	0.0	0.0	0.0	0.0	0.0	0.0	7.38330676199	0.0	1.8458266905	0.0	0.0	0.0	0.0	0.0	0.0
0.0	0.0	0.0	0.0	0.0	0.0	0.0	0.0	0.0	0.0	0.0	0.0	0.0	0.0	2.25129179861	0.0	0.0	0.0
0.0	0.0	0.0	0.0	0.0	2.30535901988	1.15267950994	0.0	1.15267950994	0.0	0.0	0.0	0.0	0.0	0.0	1.15267950994	2.30535901988	0.0
0.0	0.0	0.0	0.0	0.0	0.0	0.0	0.0	0.0	0.0	0.0	7.38330676199	3.691653381	0.0	0.0	0.0	0.0	0.0
0.0	0.0	0.0	4.50258359721	0.0	0.0	0.0	0.0	0.0	0.0	0.0	0.0	0.0	0.0	0.0	0.0	0.0	0.0
0.0	0.0	0.0	0.0	0.0	1.8458266905	0.0	0.0	0.0	0.0	0.0	0.0	0.0	0.0	0.0	0.0	1.8458266905	0.0
0.0	0.0	0.0	0.0	0.0	0.0	0.0	0.0	0.0	0.0	2.25129179861	0.0	0.0	0.0	0.0	0.0	0.0	0.0
0.0	0.0	0.0	0.0	0.0	0.0	0.0	0.0	0.0	0.0	0.0	0.0	0.0	0.0	2.25129179861	0.0	0.0	0.0
0.0	0.0	0.0	0.0	0.0	0.0	0.0	0.0	0.0	0.0	0.0	0.0	0.0	0.0	2.25129179861	0.0	0.0	0.0
0.0	0.0	0.0	0.0	2.25129179861	0.0	0.0	0.0	0.0	0.0	0.0	0.0	0.0	0.0	0.0	0.0	0.0	0.0
0.0	0.0	0.0	0.0	0.0	0.0	1.8458266905	0.0	0.0	0.0	0.0	0.0	0.0	0.0	0.0	1.8458266905	0.0	0.0
0.0	0.0	0.0	0.0	0.0	0.0	0.0	0.0	2.25129179861	0.0	0.0	0.0	0.0	0.0	0.0	0.0	0.0	0.0
0.0	0.0	0.0	0.0	0.0	0.0	0.0	0.0	1.8458266905	1.8458266905	0.0	0.0	0.0	0.0	0.0	0.0	0.0	0.0
2.25129179861	0.0	0.0	0.0	0.0	0.0	0.0	0.0	0.0	0.0	0.0	0.0	0.0	0.0	0.0	0.0	0.0	0.0
0.0	0.0	0.0	0.0	0.0	0.0	0.0	0.0	2.25129179861	0.0	0.0	0.0	0.0	0.0	0.0	0.0	0.0	0.0
0.0	0.0	0.0	0.0	0.0	0.0	0.0	0.0	0.0	0.0	0.0	2.25129179861	0.0	0.0	0.0	0.0	0.0	0.0
0.0	0.0	0.0	0.0	0.0	0.0	0.0	0.0	0.0	0.0	2.25129179861	0.0	0.0	0.0	0.0	0.0	0.0	0.0
0.0	0.0	0.0	0.0	0.0	0.0	0.0	0.0	2.25129179861	0.0	0.0	0.0	0.0	0.0	0.0	0.0	0.0	0.0
0.0	0.0	0.0	0.0	0.0	0.0	0.0	0.0	0.0	0.0	1.8458266905	0.0	0.0	0.0	1.8458266905	0.0	0.0	0.0
0.0	0.0	0.0	0.0	0.0	0.0	0.0	2.25129179861	0.0	0.0	0.0	0.0	0.0	0.0	0.0	0.0	0.0	0.0
2.25129179861	0.0	0.0	0.0	0.0	0.0	0.0	0.0	0.0	0.0	0.0	0.0	0.0	0.0	0.0	0.0	0.0	0.0
0.0	0.0	0.0	2.25129179861	0.0	0.0	0.0	0.0	0.0	0.0	0.0	0.0	0.0	0.0	0.0	0.0	0.0	0.0
0.0	0.0	0.0	0.0	0.0	0.0	1.8458266905	0.0	0.0	0.0	0.0	0.0	0.0	0.0	0.0	1.8458266905	0.0	0.0
0.0	0.0	0.0	0.0	0.0	0.0	0.0	1.8458266905	0.0	0.0	0.0	1.8458266905	0.0	0.0	0.0	0.0	0.0	0.0
0.0	0.0	0.0	0.0	0.0	1.8458266905	0.0	0.0	0.0	0.0	0.0	0.0	0.0	0.0	0.0	0.0	1.8458266905	0.0
0.0	0.0	0.0	0.0	0.0	0.0	0.0	0.0	0.0	0.0	0.0	0.0	2.25129179861	0.0	0.0	0.0	0.0	0.0
0.0	0.0	0.0	0.0	0.0	0.0	0.0	0.0	0.0	2.25129179861	0.0	0.0	0.0	0.0	0.0	0.0	0.0	0.0
0.0	0.0	0.0	0.0	0.0	0.0	0.0	0.0	0.0	0.0	0.0	0.0	0.0	2.25129179861	0.0	0.0	0.0	0.0
0.0	0.0	0.0	0.0	2.25129179861	0.0	0.0	0.0	0.0	0.0	0.0	0.0	0.0	0.0	0.0	0.0	0.0	0.0
0.0	2.25129179861	0.0	0.0	0.0	0.0	0.0	0.0	0.0	0.0	0.0	0.0	0.0	0.0	0.0	0.0	0.0	0.0
0.0	0.0	0.0	0.0	0.0	0.0	0.0	0.0	0.0	0.0	2.25129179861	0.0	0.0	0.0	0.0	0.0	0.0	0.0
0.0	0.0	0.0	0.0	0.0	0.0	0.0	0.0	0.0	0.0	0.0	4.50258359721	0.0	0.0	0.0	0.0	0.0	0.0
1.55814461805	0.0	1.55814461805	0.0	0.0	0.0	0.0	0.0	0.0	0.0	0.0	0.0	0.0	0.0	0.0	0.0	0.0	1.55814461805
0.0	0.0	0.0	0.0	0.0	0.0	0.0	0.0	2.25129179861	0.0	0.0	0.0	0.0	0.0	0.0	0.0	0.0	0.0
2.25129179861	0.0	0.0	0.0	0.0	0.0	0.0	0.0	0.0	0.0	0.0	0.0	0.0	0.0	0.0	0.0	0.0	0.0
0.0	0.0	0.0	0.0	0.0	1.55814461805	0.0	0.0	0.0	0.0	0.0	0.0	1.55814461805	0.0	0.0	0.0	1.55814461805	0.0
0.0	0.0	0.0	2.25129179861	0.0	0.0	0.0	0.0	0.0	0.0	0.0	0.0	0.0	0.0	0.0	0.0	0.0	0.0
0.0	0.0	0.0	0.0	0.0	0.0	3.11628923609	0.0	0.0	0.0	1.55814461805	0.0	0.0	0.0	0.0	3.11628923609	0.0	0.0
0.0	0.0	0.0	1.8458266905	0.0	0.0	0.0	0.0	0.0	0.0	0.0	0.0	0.0	1.8458266905	0.0	0.0	0.0	0.0
0.0	0.0	0.0	0.0	2.25129179861	0.0	0.0	0.0	0.0	0.0	0.0	0.0	0.0	0.0	0.0	0.0	0.0	0.0
0.0	0.0	0.0	0.0	0.0	1.8458266905	0.0	0.0	0.0	0.0	0.0	0.0	0.0	0.0	0.0	0.0	1.8458266905	0.0
0.0	0.0	0.0	0.0	0.0	0.0	0.0	0.0	0.0	0.0	0.0	0.0	0.0	5.53748007149	3.691653381	0.0	0.0	0.0
0.0	0.0	0.0	0.0	0.0	0.0	0.0	2.25129179861	0.0	0.0	0.0	0.0	0.0	0.0	0.0	0.0	0.0	0.0
0.0	0.0	0.0	0.0	0.0	0.0	0.0	0.0	0.0	0.0	0.0	2.25129179861	0.0	0.0	0.0	0.0	0.0	0.0
2.25129179861	0.0	0.0	0.0	0.0	0.0	0.0	0.0	0.0	0.0	0.0	0.0	0.0	0.0	0.0	0.0	0.0	0.0
0.0	0.0	0.0	0.0	0.0	1.55814461805	0.0	0.0	0.0	0.0	0.0	0.0	1.55814461805	0.0	0.0	0.0	1.55814461805	0.0
0.0	2.25129179861	0.0	0.0	0.0	0.0	0.0	0.0	0.0	0.0	0.0	0.0	0.0	0.0	0.0	0.0	0.0	0.0
0.0	0.0	0.0	0.0	0.0	1.8458266905	0.0	0.0	0.0	0.0	0.0	0.0	0.0	0.0	0.0	0.0	1.8458266905	0.0
0.0	0.0	0.0	0.0	2.25129179861	0.0	0.0	0.0	0.0	0.0	0.0	0.0	0.0	0.0	0.0	0.0	0.0	0.0
2.25129179861	0.0	0.0	0.0	0.0	0.0	0.0	0.0	0.0	0.0	0.0	0.0	0.0	0.0	0.0	0.0	0.0	0.0
0.0	0.0	0.0	0.0	0.0	0.0	0.0	0.0	0.0	0.0	0.0	0.0	0.0	2.25129179861	0.0	0.0	0.0	0.0
0.0	0.0	0.0	0.0	1.8458266905	0.0	0.0	1.8458266905	0.0	0.0	0.0	0.0	0.0	0.0	0.0	0.0	0.0	0.0
0.0	0.0	0.0	2.25129179861	0.0	0.0	0.0	0.0	0.0	0.0	0.0	0.0	0.0	0.0	0.0	0.0	0.0	0.0
0.0	0.0	0.0	0.0	0.0	0.0	0.0	0.0	0.0	0.0	2.25129179861	0.0	0.0	0.0	0.0	0.0	0.0	0.0
1.55814461805	0.0	1.55814461805	0.0	0.0	0.0	0.0	0.0	0.0	0.0	0.0	0.0	0.0	0.0	0.0	0.0	0.0	1.55814461805
0.0	0.0	0.0	0.0	2.25129179861	0.0	0.0	0.0	0.0	0.0	0.0	0.0	0.0	0.0	0.0	0.0	0.0	0.0
2.25129179861	0.0	0.0	0.0	0.0	0.0	0.0	0.0	0.0	0.0	0.0	0.0	0.0	0.0	0.0	0.0	0.0	0.0
0.0	0.0	0.0	0.0	2.25129179861	0.0	0.0	0.0	0.0	0.0	0.0	0.0	0.0	0.0	0.0	0.0	0.0	0.0
0.0	0.0	0.0	0.0	0.0	0.0	0.0	0.0	0.0	0.0	0.0	0.0	0.0	2.25129179861	0.0	0.0	0.0	0.0
0.0	0.0	1.55814461805	0.0	0.0	1.55814461805	0.0	0.0	0.0	0.0	0.0	0.0	0.0	0.0	0.0	0.0	0.0	1.55814461805
0.0	0.0	0.0	0.0	0.0	3.99411532044	0.998528830111	0.0	0.998528830111	2.99558649033	0.0	0.0	0.0	0.0	0.0	0.998528830111	2.99558649033	0.0
0.0	0.0	0.0	0.0	0.0	0.0	0.0	0.0	0.0	0.0	0.0	0.0	0.0	0.0	9.00516719443	0.0	0.0	0.0
0.0	0.0	0.0	0.0	0.0	0.0	0.0	0.0	0.0	0.0	2.25129179861	0.0	0.0	0.0	0.0	0.0	0.0	0.0
0.0	0.0	0.0	0.0	0.0	0.0	0.0	0.0	0.0	0.0	0.0	1.8458266905	0.0	0.0	1.8458266905	0.0	0.0	0.0
0.0	2.25129179861	0.0	0.0	0.0	0.0	0.0	0.0	0.0	0.0	0.0	0.0	0.0	0.0	0.0	0.0	0.0	0.0
0.0	0.0	0.0	0.0	0.0	0.0	0.0	2.25129179861	0.0	0.0	0.0	0.0	0.0	0.0	0.0	0.0	0.0	0.0
0.0	0.0	0.0	0.0	0.0	0.0	0.0	0.0	0.0	0.0	0.0	0.0	0.0	0.0	2.25129179861	0.0	0.0	0.0
0.0	0.0	0.998528830111	0.0	0.0	0.998528830111	0.0	0.0	0.998528830111	0.0	0.0	0.0	0.998528830111	0.0	0.0	0.0	0.998528830111	0.998528830111
0.0	0.0	0.0	0.0	0.0	0.0	0.0	0.0	0.0	0.0	0.0	0.0	6.75387539582	0.0	0.0	0.0	0.0	0.0
0.0	0.0	0.0	0.0	0.0	0.0	0.0	0.0	0.0	0.0	0.0	0.0	0.0	4.50258359721	0.0	0.0	0.0	0.0
0.0	0.0	0.0	0.0	0.0	0.0	0.0	0.0	0.0	0.0	0.0	0.0	0.0	2.25129179861	0.0	0.0	0.0	0.0
0.0	0.0	0.0	0.0	0.0	0.0	0.0	0.0	0.0	0.0	0.0	0.0	0.0	4.50258359721	0.0	0.0	0.0	0.0
0.0	0.0	0.0	0.0	0.0	1.55814461805	0.0	0.0	0.0	3.11628923609	0.0	0.0	0.0	0.0	0.0	0.0	1.55814461805	0.0
0.0	1.8458266905	0.0	0.0	0.0	0.0	0.0	0.0	0.0	0.0	0.0	1.8458266905	0.0	0.0	0.0	0.0	0.0	0.0
0.0	4.50258359721	0.0	0.0	0.0	0.0	0.0	0.0	0.0	0.0	0.0	0.0	0.0	0.0	0.0	0.0	0.0	0.0
0.0	0.0	0.0	0.0	0.0	0.0	0.0	0.0	0.0	0.0	0.0	0.0	0.0	4.50258359721	0.0	0.0	0.0	0.0
0.0	0.0	0.0	0.0	0.0	0.0	0.0	0.0	2.25129179861	0.0	0.0	0.0	0.0	0.0	0.0	0.0	0.0	0.0
0.0	0.0	0.0	0.0	0.0	0.0	0.0	0.0	0.0	0.0	0.0	0.0	0.0	0.0	4.50258359721	0.0	0.0	0.0
0.0	0.0	0.0	0.0	0.0	0.0	0.0	0.0	0.0	0.0	0.0	0.0	0.0	2.25129179861	0.0	0.0	0.0	0.0
0.0	0.0	0.0	0.0	0.0	0.0	1.8458266905	0.0	0.0	0.0	0.0	0.0	0.0	0.0	0.0	1.8458266905	0.0	0.0
0.0	0.0	0.0	0.0	0.0	0.0	0.0	0.0	0.0	0.0	0.0	0.0	0.0	2.25129179861	0.0	0.0	0.0	0.0
0.0	0.0	0.0	0.0	0.0	0.0	1.8458266905	0.0	0.0	0.0	0.0	0.0	0.0	0.0	0.0	1.8458266905	0.0	0.0
0.0	4.50258359721	0.0	0.0	0.0	0.0	0.0	0.0	0.0	0.0	0.0	0.0	0.0	0.0	0.0	0.0	0.0	0.0
0.0	0.0	0.0	0.0	0.0	0.0	0.0	0.0	0.0	2.25129179861	0.0	0.0	0.0	0.0	0.0	0.0	0.0	0.0
0.0	0.0	0.0	1.8458266905	1.8458266905	0.0	0.0	0.0	0.0	0.0	0.0	0.0	0.0	0.0	0.0	0.0	0.0	0.0
0.0	0.0	0.0	0.0	0.0	0.0	0.0	0.0	0.0	0.0	0.0	0.0	0.0	0.0	2.25129179861	0.0	0.0	0.0
0.0	0.0	0.0	0.0	0.0	1.8458266905	0.0	0.0	0.0	0.0	0.0	0.0	0.0	0.0	0.0	0.0	1.8458266905	0.0
1.15267950994	0.0	1.15267950994	0.0	0.0	0.0	1.15267950994	0.0	0.0	0.0	0.0	0.0	0.0	0.0	0.0	1.15267950994	0.0	1.15267950994
0.0	0.0	0.0	0.0	0.0	0.0	0.0	0.0	0.0	2.25129179861	0.0	0.0	0.0	0.0	0.0	0.0	0.0	0.0
0.0	0.0	0.0	0.0	0.0	0.0	0.0	0.0	0.0	0.0	0.0	4.50258359721	0.0	0.0	0.0	0.0	0.0	0.0
0.0	0.0	0.0	0.0	0.0	0.0	0.0	0.0	0.0	0.0	0.0	0.0	2.25129179861	0.0	0.0	0.0	0.0	0.0
0.0	0.0	0.0	0.0	0.0	0.0	0.0	2.25129179861	0.0	0.0	0.0	0.0	0.0	0.0	0.0	0.0	0.0	0.0
0.0	0.0	0.0	0.0	0.0	0.0	0.0	0.0	0.0	0.0	0.0	0.0	2.25129179861	0.0	0.0	0.0	0.0	0.0
1.55814461805	0.0	1.55814461805	0.0	0.0	0.0	0.0	0.0	0.0	0.0	0.0	0.0	0.0	0.0	0.0	0.0	0.0	1.55814461805
2.25129179861	0.0	0.0	0.0	0.0	0.0	0.0	0.0	0.0	0.0	0.0	0.0	0.0	0.0	0.0	0.0	0.0	0.0
0.0	0.0	0.0	0.0	0.0	3.691653381	0.0	0.0	0.0	0.0	0.0	0.0	0.0	0.0	0.0	0.0	3.691653381	0.0
1.49442880366	0.0	1.49442880366	0.0	0.74721440183	0.0	0.74721440183	0.0	0.74721440183	0.0	0.0	0.0	0.0	0.0	0.74721440183	0.74721440183	0.0	1.49442880366
0.0	0.0	0.0	0.0	0.0	0.0	0.0	0.0	0.0	0.0	0.0	0.0	2.25129179861	0.0	0.0	0.0	0.0	0.0
0.0	0.0	0.0	0.0	2.25129179861	0.0	0.0	0.0	0.0	0.0	0.0	0.0	0.0	0.0	0.0	0.0	0.0	0.0
