0.0	0.0	0.0	0.0	0.0	0.0	0.0	0.0	0.0	0.0	0.0	0.0	0.0	2.07944154168	0.0
0.0	0.0	0.0	0.0	0.0	0.0	0.0	0.0	0.0	0.0	2.07944154168	0.0	0.0	0.0	0.0
1.67397643357	0.0	0.0	0.0	0.0	0.0	0.0	0.0	0.0	1.67397643357	0.0	0.0	0.0	0.0	0.0
0.0	0.0	0.0	1.38629436112	0.0	0.0	0.0	1.38629436112	0.0	0.0	0.0	0.0	0.0	0.0	1.38629436112
0.0	0.0	0.0	0.0	0.0	0.0	0.0	0.0	0.0	0.0	2.07944154168	0.0	0.0	0.0	0.0
0.0	0.0	0.0	0.0	0.0	0.0	0.0	0.0	0.0	0.0	0.0	2.07944154168	0.0	0.0	0.0
0.0	0.0	0.0	0.0	0.0	0.0	0.0	0.0	0.0	0.0	0.0	0.0	2.07944154168	0.0	0.0
0.0	2.32630161961	0.0	0.0	1.16315080981	0.0	2.32630161961	0.0	0.0	0.0	1.16315080981	0.0	0.0	0.0	0.0
0.0	0.0	0.0	0.0	0.0	0.0	0.0	0.0	0.0	0.0	4.15888308336	0.0	0.0	0.0	0.0
0.0	0.0	0.0	0.0	0.0	0.0	0.0	0.0	0.0	0.0	4.15888308336	0.0	0.0	0.0	0.0
0.0	0.0	0.0	0.0	0.0	0.0	0.0	0.0	0.0	0.0	0.0	2.07944154168	0.0	0.0	0.0
0.0	0.0	0.0	2.32630161961	0.0	0.0	0.0	2.32630161961	0.0	0.0	2.32630161961	0.0	0.0	0.0	2.32630161961
0.0	0.0	1.67397643357	0.0	0.0	0.0	0.0	0.0	1.67397643357	0.0	0.0	0.0	0.0	0.0	0.0
0.0	0.0	0.0	0.0	0.0	0.0	0.0	0.0	0.0	0.0	8.31776616672	0.0	0.0	0.0	0.0
0.0	0.0	0.0	1.38629436112	0.0	0.0	0.0	1.38629436112	0.0	0.0	0.0	0.0	0.0	0.0	1.38629436112
0.0	0.0	0.0	0.0	2.07944154168	0.0	0.0	0.0	0.0	0.0	0.0	0.0	0.0	0.0	0.0
0.0	0.0	0.0	0.0	0.0	0.0	0.0	0.0	0.0	0.0	0.0	2.07944154168	0.0	0.0	0.0
0.0	0.0	0.0	0.0	0.0	0.0	0.0	0.0	0.0	0.0	0.0	0.0	0.0	2.07944154168	0.0
0.0	0.0	0.0	0.0	0.0	0.0	0.0	0.0	0.0	0.0	0.0	0.0	2.07944154168	0.0	0.0
0.0	0.0	0.0	0.0	0.0	0.0	0.0	0.0	0.0	0.0	0.0	2.07944154168	0.0	0.0	0.0
0.0	0.0	0.0	1.38629436112	0.0	0.0	0.0	1.38629436112	0.0	0.0	0.0	0.0	0.0	0.0	1.38629436112
0.0	0.0	0.0	0.0	0.0	0.0	0.0	0.0	0.0	0.0	0.0	1.67397643357	0.0	8.36988216786	0.0
0.0	0.0	0.0	0.0	2.07944154168	0.0	0.0	0.0	0.0	0.0	0.0	0.0	0.0	0.0	0.0
0.0	0.0	0.0	0.0	0.0	0.0	0.0	0.0	0.0	0.0	0.0	4.15888308336	0.0	0.0	0.0
1.67397643357	0.0	0.0	0.0	0.0	0.0	0.0	0.0	0.0	1.67397643357	0.0	0.0	0.0	0.0	0.0
0.0	0.0	0.0	0.0	0.0	2.07944154168	0.0	0.0	0.0	0.0	0.0	0.0	0.0	0.0	0.0
0.0	0.0	0.0	0.0	0.0	0.0	0.0	0.0	0.0	0.0	0.0	0.0	10.3972077084	0.0	0.0
0.0	0.0	0.0	0.0	0.0	0.0	0.0	0.0	0.0	0.0	2.07944154168	0.0	0.0	0.0	0.0
0.0	0.0	0.0	0.0	0.0	0.0	0.0	0.0	0.0	0.0	2.07944154168	0.0	0.0	0.0	0.0
0.0	0.0	0.0	0.0	0.0	0.0	0.0	0.0	0.0	0.0	0.0	0.0	2.07944154168	0.0	0.0
0.0	0.0	0.0	0.0	0.0	0.0	0.0	0.0	0.0	0.0	0.0	0.0	2.07944154168	0.0	0.0
0.0	0.0	0.0	0.0	0.0	0.0	0.0	0.0	0.0	0.0	3.34795286714	0.0	3.34795286714	0.0	0.0
0.0	0.0	0.0	0.0	0.0	0.0	0.0	0.0	0.0	0.0	0.0	0.0	0.0	4.15888308336	0.0
0.0	0.0	0.0	0.0	0.0	2.07944154168	0.0	0.0	0.0	0.0	0.0	0.0	0.0	0.0	0.0
0.0	0.0	0.0	0.0	0.0	0.0	0.0	0.0	0.0	0.0	0.0	14.5560907918	0.0	0.0	0.0
0.0	1.38629436112	0.0	0.0	0.0	2.77258872224	1.38629436112	0.0	0.0	0.0	0.0	0.0	0.0	0.0	0.0
0.0	1.67397643357	0.0	0.0	0.0	0.0	1.67397643357	0.0	0.0	0.0	0.0	0.0	0.0	0.0	0.0
0.0	0.0	0.0	0.0	0.0	0.0	0.0	0.0	0.0	0.0	0.0	0.0	4.15888308336	0.0	0.0
0.0	1.38629436112	0.0	0.0	1.38629436112	0.0	1.38629436112	0.0	0.0	0.0	0.0	0.0	0.0	0.0	0.0
0.0	0.826678573184	0.0	0.826678573184	0.0	0.0	0.826678573184	0.826678573184	0.0	0.0	0.826678573184	0.0	0.0	0.0	0.826678573184
0.0	0.0	0.0	0.0	0.0	0.0	0.0	0.0	0.0	0.0	0.0	0.0	2.07944154168	0.0	0.0
0.0	0.0	0.0	0.0	0.0	0.0	0.0	0.0	0.0	0.0	4.15888308336	0.0	0.0	0.0	0.0
0.0	0.0	0.0	0.0	2.07944154168	0.0	0.0	0.0	0.0	0.0	0.0	0.0	0.0	0.0	0.0
0.0	0.0	0.0	1.38629436112	0.0	0.0	0.0	1.38629436112	0.0	0.0	0.0	0.0	0.0	0.0	1.38629436112
0.0	0.0	1.67397643357	0.0	0.0	0.0	0.0	0.0	1.67397643357	0.0	0.0	0.0	0.0	0.0	0.0
0.0	0.0	0.0	0.0	0.0	0.0	0.0	0.0	0.0	0.0	2.07944154168	0.0	0.0	0.0	0.0
0.0	0.0	0.0	0.0	0.0	0.0	0.0	0.0	0.0	0.0	0.0	0.0	0.0	2.07944154168	0.0
0.0	0.0	0.0	0.0	0.0	0.0	0.0	0.0	0.0	0.0	0.0	0.0	0.0	2.07944154168	0.0
0.0	0.0	0.0	0.0	0.0	0.0	0.0	0.0	0.0	0.0	1.67397643357	5.02192930072	0.0	0.0	0.0
0.0	0.0	1.67397643357	0.0	0.0	0.0	0.0	0.0	1.67397643357	0.0	0.0	0.0	0.0	0.0	0.0
0.0	0.0	0.0	0.0	0.0	0.0	0.0	0.0	0.0	0.0	0.0	2.07944154168	0.0	0.0	0.0
0.0	0.0	0.0	0.0	0.0	0.0	0.0	0.0	0.0	0.0	2.07944154168	0.0	0.0	0.0	0.0
0.0	0.0	0.0	2.77258872224	0.0	0.0	0.0	2.77258872224	0.0	0.0	0.0	0.0	0.0	0.0	2.77258872224
0.0	0.0	0.0	0.0	0.0	0.0	0.0	0.0	0.0	0.0	1.38629436112	1.38629436112	0.0	1.38629436112	0.0
0.0	0.0	0.0	0.0	0.0	0.0	0.0	0.0	0.0	0.0	0.0	0.0	10.3972077084	0.0	0.0
0.0	0.0	0.0	0.0	0.0	0.0	0.0	0.0	0.0	0.0	0.0	0.0	2.07944154168	0.0	0.0
0.0	0.0	1.96165850602	1.96165850602	0.0	0.0	0.0	1.96165850602	1.96165850602	0.0	0.0	0.0	0.0	0.0	1.96165850602
0.0	0.0	0.0	0.0	0.0	2.07944154168	0.0	0.0	0.0	0.0	0.0	0.0	0.0	0.0	0.0
0.0	0.0	1.67397643357	0.0	0.0	0.0	0.0	0.0	1.67397643357	0.0	0.0	0.0	0.0	0.0	0.0
0.0	0.0	0.0	1.38629436112	0.0	0.0	0.0	1.38629436112	0.0	0.0	0.0	0.0	0.0	0.0	1.38629436112
0.0	0.0	0.980829253012	0.980829253012	0.0	0.0	0.0	0.980829253012	0.980829253012	0.0	0.0	0.0	0.0	0.0	0.980829253012
1.38629436112	0.0	0.0	0.0	0.0	0.0	0.0	0.0	0.0	1.38629436112	1.38629436112	0.0	0.0	0.0	0.0
0.0	1.38629436112	0.0	0.0	0.0	0.0	1.38629436112	0.0	0.0	0.0	0.0	0.0	1.38629436112	0.0	0.0
0.0	0.0	0.0	0.0	0.0	0.0	0.0	0.0	0.0	0.0	0.0	0.0	0.0	4.15888308336	0.0
0.0	0.0	1.67397643357	0.0	0.0	0.0	0.0	0.0	1.67397643357	0.0	0.0	0.0	0.0	0.0	0.0
0.0	0.0	0.0	0.0	0.0	0.0	0.0	0.0	0.0	0.0	2.07944154168	0.0	0.0	0.0	0.0
0.0	0.0	0.0	0.0	0.0	0.0	0.0	0.0	0.0	0.0	0.0	0.0	2.07944154168	0.0	0.0
0.0	0.0	0.0	0.0	1.38629436112	1.38629436112	0.0	0.0	0.0	0.0	0.0	0.0	0.0	1.38629436112	0.0
0.0	0.0	0.0	0.0	0.0	0.0	0.0	0.0	0.0	0.0	0.0	0.0	0.0	2.07944154168	0.0
0.0	0.0	0.0	0.0	0.0	0.0	0.0	0.0	0.0	0.0	2.07944154168	0.0	0.0	0.0	0.0
0.0	0.0	0.0	0.0	0.0	0.0	0.0	0.0	0.0	0.0	0.0	0.0	2.07944154168	0.0	0.0
0.0	0.0	0.0	0.0	0.0	0.0	0.0	0.0	0.0	0.0	2.07944154168	0.0	0.0	0.0	0.0
0.0	0.0	1.67397643357	0.0	0.0	0.0	0.0	0.0	1.67397643357	0.0	0.0	0.0	0.0	0.0	0.0
0.0	0.0	0.0	1.38629436112	0.0	0.0	0.0	1.38629436112	0.0	0.0	0.0	0.0	0.0	0.0	1.38629436112
0.0	0.0	0.0	0.0	0.0	0.0	0.0	0.0	0.0	0.0	0.0	4.15888308336	0.0	0.0	0.0
0.0	0.0	0.0	1.16315080981	0.0	0.0	0.0	1.16315080981	0.0	0.0	0.0	1.16315080981	0.0	0.0	1.16315080981
0.0	0.0	0.0	0.0	0.0	0.0	0.0	0.0	0.0	0.0	0.0	2.07944154168	0.0	0.0	0.0
0.0	0.0	0.0	0.0	0.0	0.0	0.0	0.0	0.0	0.0	0.0	0.0	4.15888308336	0.0	0.0
0.0	0.0	0.0	0.0	0.0	0.0	0.0	0.0	0.0	0.0	2.07944154168	0.0	0.0	0.0	0.0
1.67397643357	0.0	0.0	0.0	0.0	0.0	0.0	0.0	0.0	1.67397643357	0.0	0.0	0.0	0.0	0.0
0.0	0.0	0.0	0.0	0.0	0.0	0.0	0.0	0.0	0.0	2.07944154168	0.0	0.0	0.0	0.0
0.0	0.0	0.0	0.0	0.0	0.0	0.0	0.0	0.0	0.0	0.0	2.07944154168	0.0	0.0	0.0
0.0	0.0	0.0	0.0	0.0	0.0	0.0	0.0	0.0	0.0	2.07944154168	0.0	0.0	0.0	0.0
0.0	0.0	0.0	0.0	0.0	0.0	0.0	0.0	0.0	0.0	0.0	2.07944154168	0.0	0.0	0.0
0.0	0.0	0.0	0.0	0.0	0.0	0.0	0.0	0.0	0.0	0.0	2.07944154168	0.0	0.0	0.0
0.0	0.0	0.0	0.0	0.0	2.07944154168	0.0	0.0	0.0	0.0	0.0	0.0	0.0	0.0	0.0
0.0	0.0	0.0	0.0	0.0	0.0	0.0	0.0	0.0	0.0	2.07944154168	0.0	0.0	0.0	0.0
1.67397643357	0.0	0.0	0.0	0.0	0.0	0.0	0.0	0.0	1.67397643357	0.0	0.0	0.0	0.0	0.0
0.0	0.0	1.67397643357	0.0	0.0	0.0	0.0	0.0	1.67397643357	0.0	0.0	0.0	0.0	0.0	0.0
0.0	0.0	0.980829253012	0.980829253012	0.0	0.0	0.0	0.980829253012	0.980829253012	0.0	0.0	0.0	0.0	0.0	0.980829253012
0.0	0.0	0.0	0.0	0.0	0.0	0.0	0.0	0.0	0.0	0.0	2.07944154168	0.0	0.0	0.0
0.0	0.0	0.0	0.0	0.0	0.0	0.0	0.0	0.0	0.0	0.0	0.0	4.15888308336	0.0	0.0
0.0	0.0	0.0	0.0	0.0	2.07944154168	0.0	0.0	0.0	0.0	0.0	0.0	0.0	0.0	0.0
0.0	1.67397643357	0.0	0.0	0.0	0.0	1.67397643357	0.0	0.0	0.0	0.0	0.0	0.0	0.0	0.0
0.0	0.0	0.0	0.0	0.0	0.0	0.0	0.0	0.0	0.0	2.07944154168	0.0	0.0	0.0	0.0
0.0	0.0	0.0	0.0	0.0	0.0	0.0	0.0	0.0	0.0	0.0	0.0	4.15888308336	0.0	0.0
0.0	0.0	0.0	0.0	0.0	0.0	0.0	0.0	0.0	0.0	0.0	0.0	0.0	2.07944154168	0.0
0.0	1.38629436112	0.0	0.0	1.38629436112	0.0	1.38629436112	0.0	0.0	0.0	0.0	0.0	0.0	0.0	0.0
0.0	0.0	0.0	0.0	0.0	0.0	0.0	0.0	0.0	0.0	0.0	0.0	2.07944154168	0.0	0.0
1.67397643357	0.0	0.0	0.0	0.0	0.0	0.0	0.0	0.0	1.67397643357	0.0	0.0	0.0	0.0	0.0
0.0	0.0	0.0	0.0	0.0	0.0	0.0	0.0	0.0	0.0	0.0	4.15888308336	0.0	0.0	0.0
0.0	0.0	0.0	0.0	2.07944154168	0.0	0.0	0.0	0.0	0.0	0.0	0.0	0.0	0.0	0.0
0.0	0.0	0.0	0.0	0.0	0.0	0.0	0.0	0.0	0.0	0.0	2.07944154168	0.0	0.0	0.0
0.0	0.0	0.0	0.0	0.0	0.0	0.0	0.0	0.0	0.0	0.0	2.07944154168	0.0	0.0	0.0
0.0	0.470003629246	0.0	0.470003629246	0.0	0.470003629246	0.470003629246	0.470003629246	0.0	0.0	0.470003629246	0.470003629246	0.940007258491	0.0	0.470003629246
0.0	0.0	0.0	1.38629436112	0.0	0.0	0.0	1.38629436112	0.0	0.0	0.0	0.0	0.0	0.0	1.38629436112
0.0	0.0	0.0	0.0	0.0	0.0	0.0	0.0	0.0	0.0	0.0	2.07944154168	0.0	0.0	0.0
0.0	0.0	1.67397643357	0.0	0.0	0.0	0.0	0.0	1.67397643357	0.0	0.0	0.0	0.0	0.0	0.0
0.0	0.0	0.0	0.0	0.0	0.0	0.0	0.0	0.0	0.0	0.0	0.0	0.0	4.15888308336	0.0
0.0	0.0	0.0	0.0	0.0	0.0	0.0	0.0	0.0	0.0	0.0	4.15888308336	0.0	0.0	0.0
1.67397643357	0.0	0.0	0.0	0.0	0.0	0.0	0.0	0.0	1.67397643357	0.0	0.0	0.0	0.0	0.0
0.0	0.0	0.0	0.0	0.0	0.0	0.0	0.0	0.0	0.0	0.0	0.0	4.15888308336	0.0	0.0
0.0	0.0	0.0	0.0	0.0	0.0	0.0	0.0	0.0	0.0	0.0	0.0	2.07944154168	0.0	0.0
0.0	0.0	0.0	0.0	0.0	0.0	0.0	0.0	0.0	0.0	0.0	2.07944154168	0.0	0.0	0.0
0.0	0.0	0.0	5.81575404903	0.0	0.0	0.0	5.81575404903	0.0	0.0	0.0	2.32630161961	0.0	0.0	5.81575404903
0.0	0.0	0.0	0.0	0.0	0.0	0.0	0.0	0.0	0.0	2.07944154168	0.0	0.0	0.0	0.0
0.0	0.0	0.0	0.0	0.0	2.07944154168	0.0	0.0	0.0	0.0	0.0	0.0	0.0	0.0	0.0
1.38629436112	0.69314718056	0.69314718056	0.0	0.69314718056	0.0	0.69314718056	0.0	0.69314718056	1.38629436112	0.0	0.0	0.0	0.0	0.0
0.0	0.0	0.0	0.0	0.0	0.0	0.0	0.0	0.0	0.0	0.0	2.07944154168	0.0	0.0	0.0
0.0	0.0	0.0	0.0	0.0	0.0	0.0	0.0	0.0	0.0	0.0	2.07944154168	0.0	0.0	0.0
0.0	0.0	0.0	0.0	0.0	0.0	0.0	0.0	0.0	0.0	0.0	4.15888308336	0.0	0.0	0.0
1.67397643357	0.0	0.0	0.0	0.0	0.0	0.0	0.0	0.0	1.67397643357	0.0	0.0	0.0	0.0	0.0
0.0	0.0	0.0	1.38629436112	0.0	0.0	0.0	1.38629436112	0.0	0.0	0.0	0.0	0.0	0.0	1.38629436112
0.0	0.0	0.0	0.0	0.0	0.0	0.0	0.0	0.0	0.0	0.0	0.0	0.0	2.07944154168	0.0
0.0	0.0	0.0	0.0	0.0	0.0	0.0	0.0	0.0	0.0	2.07944154168	0.0	0.0	0.0	0.0
0.0	0.0	0.0	0.0	0.0	0.0	0.0	0.0	0.0	0.0	0.0	2.07944154168	0.0	0.0	0.0
0.0	0.980829253012	0.980829253012	0.0	1.96165850602	0.0	0.980829253012	0.0	0.980829253012	0.0	0.0	0.0	0.0	0.0	0.0
0.0	0.0	0.0	0.0	2.07944154168	0.0	0.0	0.0	0.0	0.0	0.0	0.0	0.0	0.0	0.0
0.0	0.0	0.0	0.0	0.0	0.0	0.0	0.0	0.0	0.0	4.15888308336	0.0	0.0	0.0	0.0
5.02192930072	0.0	0.0	0.0	0.0	0.0	0.0	0.0	0.0	5.02192930072	0.0	0.0	0.0	0.0	0.0
0.0	0.0	0.0	2.77258872224	0.0	0.0	0.0	2.77258872224	0.0	0.0	0.0	0.0	0.0	0.0	2.77258872224
0.0	0.0	0.0	0.0	0.0	0.0	0.0	0.0	0.0	0.0	4.15888308336	0.0	0.0	0.0	0.0
0.0	0.0	0.0	0.0	0.0	0.0	0.0	0.0	0.0	0.0	0.0	1.67397643357	0.0	1.67397643357	0.0
3.34795286714	0.0	0.0	0.0	0.0	0.0	0.0	0.0	0.0	3.34795286714	0.0	0.0	0.0	0.0	0.0
0.0	1.38629436112	0.0	0.0	2.77258872224	0.0	1.38629436112	0.0	0.0	0.0	0.0	0.0	0.0	0.0	0.0
0.0	0.0	0.0	0.0	0.0	0.0	0.0	0.0	0.0	0.0	0.0	2.07944154168	0.0	0.0	0.0
0.0	0.0	0.0	0.0	0.0	0.0	0.0	0.0	0.0	0.0	0.0	6.23832462504	0.0	0.0	0.0
0.0	0.0	0.0	1.38629436112	0.0	0.0	0.0	1.38629436112	0.0	0.0	0.0	0.0	0.0	0.0	1.38629436112
1.67397643357	0.0	0.0	0.0	0.0	0.0	0.0	0.0	0.0	1.67397643357	0.0	0.0	0.0	0.0	0.0
0.0	0.0	0.0	1.38629436112	0.0	0.0	0.0	1.38629436112	0.0	0.0	0.0	0.0	0.0	0.0	1.38629436112
0.0	1.67397643357	0.0	0.0	0.0	0.0	1.67397643357	0.0	0.0	0.0	0.0	0.0	0.0	0.0	0.0
0.0	2.77258872224	0.0	0.0	1.38629436112	0.0	2.77258872224	0.0	0.0	0.0	0.0	0.0	0.0	0.0	0.0
0.0	0.0	0.0	0.0	0.0	2.07944154168	0.0	0.0	0.0	0.0	0.0	0.0	0.0	0.0	0.0
0.0	0.0	0.0	0.0	0.0	2.07944154168	0.0	0.0	0.0	0.0	0.0	0.0	0.0	0.0	0.0
0.0	0.0	0.0	1.38629436112	0.0	0.0	0.0	1.38629436112	0.0	0.0	0.0	0.0	0.0	0.0	1.38629436112
0.0	0.0	0.0	2.77258872224	0.0	0.0	0.0	2.77258872224	0.0	0.0	0.0	0.0	0.0	0.0	2.77258872224
0.0	1.38629436112	0.0	0.0	1.38629436112	0.0	1.38629436112	0.0	0.0	0.0	0.0	0.0	0.0	0.0	0.0
0.0	0.575364144904	0.0	1.15072828981	1.15072828981	0.575364144904	0.575364144904	1.15072828981	0.0	0.0	0.0	0.0	0.575364144904	0.0	1.15072828981
0.0	0.0	0.0	1.38629436112	0.0	0.0	0.0	1.38629436112	0.0	0.0	0.0	0.0	0.0	0.0	1.38629436112
1.67397643357	0.0	0.0	0.0	0.0	0.0	0.0	0.0	0.0	1.67397643357	0.0	0.0	0.0	0.0	0.0
0.0	0.826678573184	0.0	0.826678573184	0.0	0.0	0.826678573184	0.826678573184	0.0	0.0	0.0	0.0	0.0	0.826678573184	0.826678573184
0.0	0.0	0.0	0.0	0.0	0.0	0.0	0.0	0.0	0.0	2.07944154168	0.0	0.0	0.0	0.0
0.0	0.0	0.826678573184	0.0	0.0	0.826678573184	0.0	0.0	0.826678573184	0.0	1.65335714637	0.826678573184	4.96007143911	0.0	0.0
0.0	0.0	0.0	0.0	0.0	0.0	0.0	0.0	0.0	0.0	0.0	0.0	0.0	2.07944154168	0.0
0.0	0.0	0.0	0.0	0.0	0.0	0.0	0.0	0.0	0.0	2.07944154168	0.0	0.0	0.0	0.0
1.67397643357	0.0	0.0	0.0	0.0	0.0	0.0	0.0	0.0	1.67397643357	0.0	0.0	0.0	0.0	0.0
0.0	1.38629436112	0.0	0.0	1.38629436112	0.0	1.38629436112	0.0	0.0	0.0	0.0	0.0	0.0	0.0	0.0
0.0	0.0	0.0	0.0	0.0	0.0	0.0	0.0	0.0	0.0	0.0	0.0	0.0	2.07944154168	0.0
0.0	1.38629436112	0.0	0.0	1.38629436112	0.0	1.38629436112	0.0	0.0	0.0	0.0	0.0	0.0	0.0	0.0
0.0	0.0	0.0	0.0	0.0	0.0	0.0	0.0	0.0	0.0	0.0	0.0	0.0	2.07944154168	0.0
0.0	0.0	0.0	0.0	0.0	2.07944154168	0.0	0.0	0.0	0.0	0.0	0.0	0.0	0.0	0.0
0.0	0.0	0.0	0.0	0.0	0.0	0.0	0.0	0.0	0.0	0.0	0.0	0.0	2.07944154168	0.0
3.34795286714	0.0	0.0	0.0	0.0	0.0	0.0	0.0	0.0	3.34795286714	0.0	0.0	0.0	0.0	0.0
1.67397643357	0.0	0.0	0.0	0.0	0.0	0.0	0.0	0.0	1.67397643357	0.0	0.0	0.0	0.0	0.0
0.0	5.54517744448	0.0	0.0	6.9314718056	0.0	5.54517744448	0.0	0.0	0.0	0.0	0.0	0.0	0.0	0.0
0.0	0.0	0.0	0.0	0.0	0.0	0.0	0.0	0.0	0.0	0.0	0.0	0.0	4.15888308336	0.0
0.0	0.0	0.0	0.0	0.0	0.0	0.0	0.0	0.0	0.0	1.67397643357	1.67397643357	0.0	0.0	0.0
0.0	0.0	0.0	0.0	0.0	4.15888308336	0.0	0.0	0.0	0.0	0.0	0.0	0.0	0.0	0.0
0.0	0.0	0.0	0.0	0.0	2.07944154168	0.0	0.0	0.0	0.0	0.0	0.0	0.0	0.0	0.0
0.0	0.0	0.0	4.15888308336	0.0	0.0	0.0	4.15888308336	0.0	0.0	0.0	0.0	0.0	0.0	4.15888308336
0.0	0.0	0.0	0.0	0.0	0.0	0.0	0.0	0.0	0.0	1.16315080981	2.32630161961	1.16315080981	1.16315080981	0.0
0.0	0.0	0.0	1.38629436112	0.0	0.0	0.0	1.38629436112	0.0	0.0	0.0	0.0	0.0	0.0	1.38629436112
0.0	1.38629436112	0.0	0.0	0.0	1.38629436112	1.38629436112	0.0	0.0	0.0	0.0	0.0	0.0	0.0	0.0
0.0	0.0	0.0	0.0	2.07944154168	0.0	0.0	0.0	0.0	0.0	0.0	0.0	0.0	0.0	0.0
0.0	0.0	0.0	0.0	0.0	2.07944154168	0.0	0.0	0.0	0.0	0.0	0.0	0.0	0.0	0.0
0.0	0.0	0.0	0.0	0.0	0.0	0.0	0.0	0.0	0.0	0.0	0.0	4.15888308336	0.0	0.0
0.0	1.16315080981	0.0	0.0	0.0	0.0	1.16315080981	0.0	0.0	0.0	1.16315080981	0.0	1.16315080981	0.0	0.0
0.0	0.0	0.0	0.0	0.0	0.0	0.0	0.0	0.0	0.0	0.0	0.0	2.07944154168	0.0	0.0
0.0	0.0	1.67397643357	0.0	0.0	0.0	0.0	0.0	1.67397643357	0.0	0.0	0.0	0.0	0.0	0.0
0.0	0.0	0.0	0.0	0.0	0.0	0.0	0.0	0.0	0.0	0.0	4.15888308336	0.0	0.0	0.0
0.0	0.0	0.0	1.38629436112	0.0	0.0	0.0	1.38629436112	0.0	0.0	0.0	0.0	0.0	0.0	1.38629436112
0.0	0.0	0.0	0.0	0.0	0.0	0.0	0.0	0.0	0.0	0.0	0.0	2.07944154168	0.0	0.0
1.67397643357	0.0	0.0	0.0	0.0	0.0	0.0	0.0	0.0	1.67397643357	0.0	0.0	0.0	0.0	0.0
0.0	0.0	0.0	0.0	2.07944154168	0.0	0.0	0.0	0.0	0.0	0.0	0.0	0.0	0.0	0.0
0.0	0.0	1.67397643357	0.0	0.0	0.0	0.0	0.0	1.67397643357	0.0	0.0	0.0	0.0	0.0	0.0
0.0	1.67397643357	0.0	0.0	0.0	0.0	1.67397643357	0.0	0.0	0.0	0.0	0.0	0.0	0.0	0.0
0.0	0.0	1.67397643357	0.0	0.0	0.0	0.0	0.0	1.67397643357	0.0	0.0	0.0	0.0	0.0	0.0
0.980829253012	0.0	0.0	0.980829253012	0.0	0.0	0.0	0.980829253012	0.0	0.980829253012	0.0	0.0	0.0	0.0	0.980829253012
0.0	0.0	0.0	0.0	0.0	0.0	0.0	0.0	0.0	0.0	1.38629436112	2.77258872224	0.0	1.38629436112	0.0
0.0	0.0	0.0	0.0	0.0	0.0	0.0	0.0	0.0	0.0	0.0	2.07944154168	0.0	0.0	0.0
0.0	0.0	0.0	0.0	0.0	0.0	0.0	0.0	0.0	0.0	0.0	0.0	0.0	8.31776616672	0.0
0.0	0.0	0.0	0.0	0.0	0.0	0.0	0.0	0.0	0.0	2.07944154168	0.0	0.0	0.0	0.0
0.0	0.0	1.38629436112	0.0	0.0	1.38629436112	0.0	0.0	1.38629436112	0.0	0.0	0.0	0.0	0.0	0.0
0.0	0.0	0.0	0.0	0.0	0.0	0.0	0.0	0.0	0.0	0.0	0.0	0.0	2.07944154168	0.0
0.0	0.0	0.0	1.38629436112	0.0	0.0	0.0	1.38629436112	0.0	0.0	0.0	0.0	0.0	0.0	1.38629436112
0.0	0.0	0.0	0.0	0.0	0.0	0.0	0.0	0.0	0.0	2.07944154168	0.0	0.0	0.0	0.0
0.0	0.0	0.0	0.0	0.0	4.15888308336	0.0	0.0	0.0	0.0	0.0	0.0	0.0	0.0	0.0
0.0	0.0	0.0	0.0	0.0	0.0	0.0	0.0	0.0	0.0	0.0	2.07944154168	0.0	0.0	0.0
0.0	0.0	0.0	0.0	0.0	0.0	0.0	0.0	0.0	0.0	0.0	2.07944154168	0.0	0.0	0.0
0.0	0.0	0.0	0.0	0.0	0.0	0.0	0.0	0.0	0.0	0.0	0.0	0.0	2.07944154168	0.0
0.0	0.0	0.0	0.0	0.0	0.0	0.0	0.0	0.0	0.0	2.07944154168	0.0	0.0	0.0	0.0
0.0	0.0	0.0	0.0	2.07944154168	0.0	0.0	0.0	0.0	0.0	0.0	0.0	0.0	0.0	0.0
0.0	0.0	0.0	0.0	0.0	2.07944154168	0.0	0.0	0.0	0.0	0.0	0.0	0.0	0.0	0.0
0.0	0.0	0.0	0.0	2.07944154168	0.0	0.0	0.0	0.0	0.0	0.0	0.0	0.0	0.0	0.0
1.67397643357	0.0	0.0	0.0	0.0	0.0	0.0	0.0	0.0	1.67397643357	0.0	0.0	0.0	0.0	0.0
0.0	0.0	0.0	0.0	0.0	2.07944154168	0.0	0.0	0.0	0.0	0.0	0.0	0.0	0.0	0.0
0.0	0.0	0.0	0.0	0.0	0.0	0.0	0.0	0.0	0.0	0.0	0.0	2.07944154168	0.0	0.0
0.0	0.0	0.0	0.0	0.0	0.0	0.0	0.0	0.0	0.0	0.0	0.0	14.5560907918	0.0	0.0
0.0	0.0	0.0	0.0	2.07944154168	0.0	0.0	0.0	0.0	0.0	0.0	0.0	0.0	0.0	0.0
1.67397643357	0.0	0.0	0.0	0.0	0.0	0.0	0.0	0.0	1.67397643357	0.0	0.0	0.0	0.0	0.0
0.0	0.0	0.0	0.0	0.0	0.0	0.0	0.0	0.0	0.0	0.0	2.07944154168	0.0	0.0	0.0
0.0	0.0	0.69314718056	0.69314718056	0.0	0.0	0.0	0.69314718056	0.69314718056	0.0	0.0	0.69314718056	0.0	1.38629436112	0.69314718056
1.67397643357	0.0	0.0	0.0	0.0	0.0	0.0	0.0	0.0	1.67397643357	0.0	0.0	0.0	0.0	0.0
0.0	0.0	0.0	0.0	0.0	0.0	0.0	0.0	0.0	0.0	0.0	0.0	2.07944154168	0.0	0.0
0.0	1.67397643357	0.0	0.0	0.0	0.0	1.67397643357	0.0	0.0	0.0	0.0	0.0	0.0	0.0	0.0
0.0	1.67397643357	0.0	0.0	0.0	0.0	1.67397643357	0.0	0.0	0.0	0.0	0.0	0.0	0.0	0.0
0.0	0.0	0.0	0.0	0.0	0.0	0.0	0.0	0.0	0.0	2.07944154168	0.0	0.0	0.0	0.0
0.0	0.0	0.0	0.0	2.07944154168	0.0	0.0	0.0	0.0	0.0	0.0	0.0	0.0	0.0	0.0
0.0	0.0	0.0	0.0	0.0	0.0	0.0	0.0	0.0	0.0	0.0	0.0	0.0	2.07944154168	0.0
0.0	0.0	1.38629436112	0.0	0.0	0.0	0.0	0.0	1.38629436112	0.0	0.0	1.38629436112	0.0	0.0	0.0
0.0	0.0	0.0	0.0	2.07944154168	0.0	0.0	0.0	0.0	0.0	0.0	0.0	0.0	0.0	0.0
0.0	2.94248775904	3.92331701205	0.0	4.90414626506	0.0	2.94248775904	0.0	3.92331701205	0.0	0.0	0.0	0.0	0.0	0.0
0.0	0.0	0.0	0.0	0.0	0.0	0.0	0.0	0.0	0.0	0.0	2.07944154168	0.0	0.0	0.0
0.0	0.0	0.0	0.0	0.0	0.0	0.0	0.0	0.0	0.0	2.07944154168	0.0	0.0	0.0	0.0
0.0	0.0	0.0	0.0	0.0	0.0	0.0	0.0	0.0	0.0	2.77258872224	1.38629436112	0.0	1.38629436112	0.0
0.0	0.0	0.0	0.0	0.0	0.0	0.0	0.0	0.0	0.0	2.07944154168	0.0	0.0	0.0	0.0
0.0	1.67397643357	0.0	0.0	0.0	0.0	1.67397643357	0.0	0.0	0.0	0.0	0.0	0.0	0.0	0.0
0.0	0.0	0.0	0.0	0.0	0.0	0.0	0.0	0.0	0.0	0.0	0.0	2.07944154168	0.0	0.0
0.0	0.0	0.0	1.38629436112	0.0	0.0	0.0	1.38629436112	0.0	0.0	0.0	0.0	0.0	0.0	1.38629436112
0.0	0.0	0.0	0.0	0.0	0.0	0.0	0.0	0.0	0.0	2.07944154168	0.0	0.0	0.0	0.0
0.0	0.0	1.67397643357	0.0	0.0	0.0	0.0	0.0	1.67397643357	0.0	0.0	0.0	0.0	0.0	0.0
0.0	0.0	0.0	0.0	0.0	0.0	0.0	0.0	0.0	0.0	2.07944154168	0.0	0.0	0.0	0.0
0.0	0.0	1.67397643357	0.0	0.0	0.0	0.0	0.0	1.67397643357	0.0	0.0	0.0	0.0	0.0	0.0
0.0	0.0	0.0	0.0	0.0	0.0	0.0	0.0	0.0	0.0	0.0	0.0	0.0	2.07944154168	0.0
0.0	0.0	0.0	0.0	0.0	0.0	0.0	0.0	0.0	0.0	0.0	2.07944154168	0.0	0.0	0.0
0.0	1.67397643357	0.0	0.0	0.0	0.0	1.67397643357	0.0	0.0	0.0	0.0	0.0	0.0	0.0	0.0
0.0	0.0	0.0	0.0	0.0	0.0	0.0	0.0	0.0	0.0	0.0	0.0	4.15888308336	0.0	0.0
0.0	0.0	0.0	0.0	0.0	0.0	0.0	0.0	0.0	0.0	2.07944154168	0.0	0.0	0.0	0.0
0.0	0.0	0.0	0.0	0.0	0.0	0.0	0.0	0.0	0.0	0.0	0.0	0.0	2.07944154168	0.0
0.0	0.0	0.0	1.38629436112	0.0	0.0	0.0	1.38629436112	0.0	0.0	0.0	0.0	0.0	0.0	1.38629436112
0.0	0.0	0.0	1.38629436112	0.0	0.0	0.0	1.38629436112	0.0	0.0	0.0	0.0	0.0	0.0	1.38629436112
0.0	0.0	0.0	0.0	0.0	0.0	0.0	0.0	0.0	0.0	0.0	0.0	4.15888308336	0.0	0.0
0.0	0.0	0.0	1.38629436112	0.0	0.0	0.0	1.38629436112	0.0	0.0	0.0	0.0	0.0	0.0	1.38629436112
0.0	0.0	0.0	0.0	0.0	0.0	0.0	0.0	0.0	0.0	0.0	2.07944154168	0.0	0.0	0.0
0.0	0.0	0.0	0.0	2.07944154168	0.0	0.0	0.0	0.0	0.0	0.0	0.0	0.0	0.0	0.0
0.0	0.0	0.0	0.0	0.0	0.0	0.0	0.0	0.0	0.0	2.07944154168	0.0	0.0	0.0	0.0
0.0	0.0	0.0	0.0	0.0	2.07944154168	0.0	0.0	0.0	0.0	0.0	0.0	0.0	0.0	0.0
0.0	0.0	0.0	1.38629436112	0.0	0.0	0.0	1.38629436112	0.0	0.0	0.0	0.0	0.0	0.0	1.38629436112
0.0	1.67397643357	0.0	0.0	0.0	0.0	1.67397643357	0.0	0.0	0.0	0.0	0.0	0.0	0.0	0.0
0.0	0.0	0.0	0.0	0.0	0.0	0.0	0.0	0.0	0.0	0.0	2.07944154168	0.0	0.0	0.0
0.0	1.67397643357	0.0	0.0	0.0	0.0	1.67397643357	0.0	0.0	0.0	0.0	0.0	0.0	0.0	0.0
0.0	0.0	0.0	0.0	0.0	0.0	0.0	0.0	0.0	0.0	2.07944154168	0.0	0.0	0.0	0.0
0.0	0.0	0.0	0.0	0.0	0.0	0.0	0.0	0.0	0.0	2.07944154168	0.0	0.0	0.0	0.0
0.0	0.0	0.0	0.0	0.0	0.0	0.0	0.0	0.0	0.0	2.07944154168	0.0	0.0	0.0	0.0
0.0	0.0	3.34795286714	0.0	0.0	0.0	0.0	0.0	3.34795286714	0.0	0.0	0.0	0.0	0.0	0.0
0.980829253012	0.980829253012	0.0	0.0	0.0	0.0	0.980829253012	0.0	0.0	0.980829253012	0.980829253012	0.0	0.0	0.0	0.0
0.0	0.0	0.0	0.0	4.15888308336	0.0	0.0	0.0	0.0	0.0	0.0	0.0	0.0	0.0	0.0
0.0	0.0	0.0	0.0	0.0	0.0	0.0	0.0	0.0	0.0	2.07944154168	0.0	0.0	0.0	0.0
0.0	0.0	0.0	0.0	2.07944154168	0.0	0.0	0.0	0.0	0.0	0.0	0.0	0.0	0.0	0.0
0.0	0.0	0.0	1.38629436112	0.0	0.0	0.0	1.38629436112	0.0	0.0	0.0	0.0	0.0	0.0	1.38629436112
0.0	0.0	0.0	0.980829253012	0.980829253012	0.0	0.0	0.980829253012	0.0	0.0	0.0	1.96165850602	0.0	0.0	0.980829253012
0.0	0.0	0.0	0.0	0.0	0.0	0.0	0.0	0.0	0.0	2.07944154168	0.0	0.0	0.0	0.0
0.0	0.0	0.0	1.38629436112	0.0	0.0	0.0	1.38629436112	0.0	0.0	0.0	0.0	0.0	0.0	1.38629436112
0.0	0.0	0.0	0.0	0.0	0.0	0.0	0.0	0.0	0.0	0.0	0.0	0.0	4.15888308336	0.0
0.0	0.0	0.0	1.16315080981	0.0	0.0	0.0	1.16315080981	0.0	0.0	6.97890485883	0.0	0.0	0.0	1.16315080981
0.0	0.0	0.0	0.0	0.0	0.0	0.0	0.0	0.0	0.0	0.0	0.0	8.31776616672	0.0	0.0
0.0	0.0	0.0	0.0	0.0	0.0	0.0	0.0	0.0	0.0	0.0	0.0	4.15888308336	0.0	0.0
0.0	0.0	0.0	0.0	0.0	0.0	0.0	0.0	0.0	0.0	0.0	2.07944154168	0.0	0.0	0.0
0.0	0.0	0.0	0.0	0.0	0.0	0.0	0.0	0.0	0.0	2.07944154168	0.0	0.0	0.0	0.0
0.0	0.0	0.0	0.0	0.0	0.0	0.0	0.0	0.0	0.0	0.0	0.0	2.07944154168	0.0	0.0
0.0	0.0	0.0	0.0	0.0	0.0	0.0	0.0	0.0	0.0	0.0	0.0	0.0	10.3972077084	0.0
0.0	0.0	0.0	0.0	0.0	0.0	0.0	0.0	0.0	0.0	2.07944154168	0.0	0.0	0.0	0.0
0.0	0.0	0.0	0.0	0.0	0.0	0.0	0.0	0.0	0.0	0.0	4.15888308336	0.0	0.0	0.0
0.0	0.0	0.0	0.0	0.0	0.0	0.0	0.0	0.0	0.0	0.0	0.0	1.67397643357	1.67397643357	0.0
0.0	0.0	0.0	0.0	0.0	0.0	0.0	0.0	0.0	0.0	0.0	1.38629436112	2.77258872224	2.77258872224	0.0
0.0	0.0	0.0	0.0	0.0	0.0	0.0	0.0	0.0	0.0	2.07944154168	0.0	0.0	0.0	0.0
1.38629436112	0.0	0.0	0.0	0.0	0.0	0.0	0.0	0.0	1.38629436112	0.0	0.0	1.38629436112	0.0	0.0
0.0	0.0	0.0	0.0	0.0	0.0	0.0	0.0	0.0	0.0	2.07944154168	0.0	0.0	0.0	0.0
0.0	0.0	0.0	1.38629436112	0.0	0.0	0.0	1.38629436112	0.0	0.0	0.0	0.0	0.0	0.0	1.38629436112
0.980829253012	0.980829253012	0.0	0.0	0.0	0.0	0.980829253012	0.0	0.0	0.980829253012	0.0	0.980829253012	0.0	0.0	0.0
0.0	0.0	0.0	0.0	0.0	0.0	0.0	0.0	0.0	0.0	0.0	0.0	2.07944154168	0.0	0.0
0.0	0.287682072452	0.287682072452	0.287682072452	0.287682072452	0.0	0.287682072452	0.287682072452	0.287682072452	0.0	0.287682072452	0.287682072452	0.0	0.287682072452	0.287682072452
0.0	1.67397643357	0.0	0.0	0.0	0.0	1.67397643357	0.0	0.0	0.0	0.0	0.0	0.0	0.0	0.0
0.0	0.0	0.0	1.38629436112	0.0	0.0	0.0	1.38629436112	0.0	0.0	0.0	0.0	0.0	0.0	1.38629436112
0.0	0.0	0.0	0.0	0.0	0.0	0.0	0.0	0.0	0.0	0.0	0.0	0.0	2.07944154168	0.0
0.0	0.0	0.0	0.0	0.0	2.07944154168	0.0	0.0	0.0	0.0	0.0	0.0	0.0	0.0	0.0
0.0	0.0	0.0	0.0	0.0	0.0	0.0	0.0	0.0	0.0	0.0	0.0	2.07944154168	0.0	0.0
0.0	0.0	0.0	0.0	0.0	0.0	0.0	0.0	0.0	0.0	0.0	0.0	0.0	4.15888308336	0.0
0.0	0.0	0.0	0.0	0.0	0.0	0.0	0.0	0.0	0.0	2.07944154168	0.0	0.0	0.0	0.0
0.0	0.0	0.0	0.0	0.0	0.0	0.0	0.0	0.0	0.0	4.15888308336	0.0	0.0	0.0	0.0
0.0	0.0	0.0	0.0	0.0	0.0	0.0	0.0	0.0	0.0	2.07944154168	0.0	0.0	0.0	0.0
0.0	0.0	0.0	0.0	0.0	0.0	0.0	0.0	0.0	0.0	0.0	0.0	0.0	2.07944154168	0.0
0.0	0.0	0.0	0.0	0.0	0.0	0.0	0.0	0.0	0.0	2.07944154168	0.0	0.0	0.0	0.0
0.0	0.0	0.0	0.0	0.0	0.0	0.0	0.0	0.0	0.0	0.0	3.34795286714	3.34795286714	0.0	0.0
0.0	0.0	0.0	0.0	0.0	0.0	0.0	0.0	0.0	0.0	0.0	1.67397643357	0.0	1.67397643357	0.0
0.0	0.0	0.0	0.0	0.0	0.0	0.0	0.0	0.0	0.0	0.0	2.07944154168	0.0	0.0	0.0
0.0	1.67397643357	0.0	0.0	0.0	0.0	1.67397643357	0.0	0.0	0.0	0.0	0.0	0.0	0.0	0.0
0.0	0.0	0.0	0.0	0.0	0.0	0.0	0.0	0.0	0.0	0.0	0.0	0.0	2.07944154168	0.0
0.0	0.0	0.0	0.0	0.0	0.0	0.0	0.0	0.0	0.0	0.0	2.07944154168	0.0	0.0	0.0
0.0	0.0	0.0	0.0	0.0	0.0	0.0	0.0	0.0	0.0	2.07944154168	0.0	0.0	0.0	0.0
0.0	1.67397643357	0.0	0.0	0.0	0.0	1.67397643357	0.0	0.0	0.0	0.0	0.0	0.0	0.0	0.0
0.0	0.0	0.0	0.0	0.0	0.0	0.0	0.0	0.0	0.0	2.07944154168	0.0	0.0	0.0	0.0
0.0	0.0	0.0	0.0	0.0	0.0	0.0	0.0	0.0	0.0	4.15888308336	0.0	0.0	0.0	0.0
0.0	1.38629436112	0.0	0.0	1.38629436112	0.0	1.38629436112	0.0	0.0	0.0	0.0	0.0	0.0	0.0	0.0
0.0	0.0	3.34795286714	0.0	0.0	0.0	0.0	0.0	3.34795286714	0.0	0.0	0.0	0.0	0.0	0.0
0.0	0.0	0.0	0.0	0.0	0.0	0.0	0.0	0.0	0.0	0.0	2.07944154168	0.0	0.0	0.0
0.0	0.0	0.0	0.0	0.0	0.0	0.0	0.0	0.0	0.0	2.07944154168	0.0	0.0	0.0	0.0
0.0	1.67397643357	0.0	0.0	0.0	0.0	1.67397643357	0.0	0.0	0.0	0.0	0.0	0.0	0.0	0.0
0.0	0.0	0.0	0.0	0.0	0.0	0.0	0.0	0.0	0.0	2.07944154168	0.0	0.0	0.0	0.0
0.0	0.0	0.0	0.0	0.0	0.0	0.0	0.0	0.0	0.0	2.07944154168	0.0	0.0	0.0	0.0
0.0	0.0	0.980829253012	0.980829253012	0.0	0.0	0.0	0.980829253012	0.980829253012	0.0	0.0	0.0	0.0	0.0	0.980829253012
2.94248775904	0.0	0.0	0.980829253012	0.0	0.0	0.0	0.980829253012	0.0	2.94248775904	0.0	0.0	0.0	0.0	0.980829253012
0.0	1.67397643357	0.0	0.0	0.0	0.0	1.67397643357	0.0	0.0	0.0	0.0	0.0	0.0	0.0	0.0
0.0	0.0	0.0	0.826678573184	0.0	0.0	0.0	0.826678573184	0.0	0.0	0.826678573184	2.48003571955	0.0	0.826678573184	0.826678573184
0.0	0.0	0.0	0.0	0.0	0.0	0.0	0.0	0.0	0.0	2.07944154168	0.0	0.0	0.0	0.0
0.0	0.0	0.0	0.0	0.0	0.0	0.0	0.0	0.0	0.0	2.07944154168	0.0	0.0	0.0	0.0
0.0	0.0	0.0	0.0	0.0	0.0	0.0	0.0	0.0	0.0	0.0	0.0	0.0	2.07944154168	0.0
0.0	0.0	0.0	1.38629436112	0.0	0.0	0.0	1.38629436112	0.0	0.0	0.0	0.0	0.0	0.0	1.38629436112
0.0	1.67397643357	0.0	0.0	0.0	0.0	1.67397643357	0.0	0.0	0.0	0.0	0.0	0.0	0.0	0.0
1.67397643357	0.0	0.0	0.0	0.0	0.0	0.0	0.0	0.0	1.67397643357	0.0	0.0	0.0	0.0	0.0
0.0	0.0	0.0	0.0	0.0	0.0	0.0	0.0	0.0	0.0	0.0	0.0	4.15888308336	0.0	0.0
0.0	0.0	0.0	0.0	0.0	0.0	0.0	0.0	0.0	0.0	0.0	2.07944154168	0.0	0.0	0.0
1.67397643357	0.0	0.0	0.0	0.0	0.0	0.0	0.0	0.0	1.67397643357	0.0	0.0	0.0	0.0	0.0
0.0	0.0	0.0	0.0	0.0	0.0	0.0	0.0	0.0	0.0	2.07944154168	0.0	0.0	0.0	0.0
0.0	0.0	0.0	0.0	0.0	0.0	0.0	0.0	0.0	0.0	0.0	0.0	0.0	10.3972077084	0.0
0.0	2.94248775904	1.96165850602	0.0	2.94248775904	0.0	2.94248775904	0.0	1.96165850602	0.0	0.0	0.0	0.0	0.0	0.0
0.0	0.0	0.0	0.0	0.0	0.0	0.0	0.0	0.0	0.0	0.0	0.0	0.0	4.15888308336	0.0
0.0	0.980829253012	0.0	0.980829253012	0.0	0.0	0.980829253012	0.980829253012	0.0	0.0	0.0	0.0	0.0	0.0	0.980829253012
0.0	1.67397643357	0.0	0.0	0.0	0.0	1.67397643357	0.0	0.0	0.0	0.0	0.0	0.0	0.0	0.0
1.67397643357	0.0	0.0	0.0	0.0	0.0	0.0	0.0	0.0	1.67397643357	0.0	0.0	0.0	0.0	0.0
0.0	0.0	0.0	0.0	0.0	0.0	0.0	0.0	0.0	0.0	0.0	0.0	0.0	2.07944154168	0.0
0.0	0.0	0.0	1.38629436112	0.0	0.0	0.0	1.38629436112	0.0	0.0	0.0	0.0	0.0	0.0	1.38629436112
0.0	0.0	0.0	0.0	0.0	0.0	0.0	0.0	0.0	0.0	4.15888308336	0.0	0.0	0.0	0.0
0.0	0.980829253012	0.0	0.980829253012	0.0	0.0	0.980829253012	0.980829253012	0.0	0.0	0.0	0.0	0.0	0.0	0.980829253012
0.0	0.0	0.0	0.0	0.0	0.0	0.0	0.0	0.0	0.0	0.0	0.0	1.67397643357	1.67397643357	0.0
0.0	0.0	0.0	0.0	2.07944154168	0.0	0.0	0.0	0.0	0.0	0.0	0.0	0.0	0.0	0.0
0.0	0.0	0.0	0.0	0.0	0.0	0.0	0.0	0.0	0.0	1.38629436112	1.38629436112	0.0	1.38629436112	0.0
0.0	0.0	0.0	0.0	0.0	0.0	0.0	0.0	0.0	0.0	2.07944154168	0.0	0.0	0.0	0.0
0.0	0.0	0.0	0.0	0.0	0.0	0.0	0.0	0.0	0.0	0.0	1.67397643357	0.0	1.67397643357	0.0
0.0	0.0	0.0	1.38629436112	0.0	0.0	0.0	1.38629436112	0.0	0.0	0.0	0.0	0.0	0.0	1.38629436112
0.0	1.38629436112	0.0	0.0	0.0	0.0	1.38629436112	0.0	0.0	0.0	1.38629436112	0.0	0.0	0.0	0.0
0.0	0.0	0.0	0.0	0.0	0.0	0.0	0.0	0.0	0.0	0.0	0.0	0.0	2.07944154168	0.0
0.0	0.0	0.0	1.38629436112	0.0	0.0	0.0	1.38629436112	0.0	0.0	0.0	0.0	0.0	0.0	1.38629436112
0.0	0.0	0.0	0.0	0.0	0.0	0.0	0.0	0.0	0.0	0.0	0.0	2.07944154168	0.0	0.0
0.0	0.0	1.67397643357	0.0	0.0	0.0	0.0	0.0	1.67397643357	0.0	0.0	0.0	0.0	0.0	0.0
0.0	0.0	0.0	0.0	0.0	0.0	0.0	0.0	0.0	0.0	0.0	0.0	0.0	2.07944154168	0.0
0.0	0.0	0.0	0.0	0.0	0.0	0.0	0.0	0.0	0.0	1.67397643357	0.0	0.0	1.67397643357	0.0
0.0	0.0	0.980829253012	0.980829253012	0.0	0.0	0.0	0.980829253012	0.980829253012	0.0	0.0	0.0	0.0	0.0	0.980829253012
0.0	0.0	0.0	0.0	0.0	0.0	0.0	0.0	0.0	0.0	2.07944154168	0.0	0.0	0.0	0.0
0.0	0.0	0.0	0.0	0.0	0.0	0.0	0.0	0.0	0.0	0.0	2.07944154168	0.0	0.0	0.0
1.67397643357	0.0	0.0	0.0	0.0	0.0	0.0	0.0	0.0	1.67397643357	0.0	0.0	0.0	0.0	0.0
0.0	0.0	0.0	0.0	0.0	0.0	0.0	0.0	0.0	0.0	0.0	2.07944154168	0.0	0.0	0.0
0.0	0.0	0.0	1.16315080981	0.0	0.0	0.0	1.16315080981	0.0	0.0	0.0	0.0	2.32630161961	0.0	1.16315080981
0.575364144904	2.30145657961	0.0	0.0	0.575364144904	1.72609243471	2.30145657961	0.0	0.0	0.575364144904	0.0	2.30145657961	1.15072828981	0.0	0.0
0.0	0.0	0.0	0.0	0.0	0.0	0.0	0.0	0.0	0.0	0.0	0.0	6.23832462504	0.0	0.0
0.0	0.0	0.0	0.0	0.0	0.0	0.0	0.0	0.0	0.0	0.0	1.67397643357	0.0	1.67397643357	0.0
1.67397643357	0.0	0.0	0.0	0.0	0.0	0.0	0.0	0.0	1.67397643357	0.0	0.0	0.0	0.0	0.0
0.0	0.0	0.0	0.0	0.0	0.0	0.0	0.0	0.0	0.0	1.67397643357	1.67397643357	0.0	0.0	0.0
0.0	0.0	0.0	0.0	0.0	0.0	0.0	0.0	0.0	0.0	0.0	8.31776616672	0.0	0.0	0.0
0.980829253012	0.0	0.0	0.0	0.0	0.0	0.0	0.0	0.0	0.980829253012	0.0	1.96165850602	0.980829253012	6.86580477108	0.0
0.0	0.0	1.67397643357	0.0	0.0	0.0	0.0	0.0	1.67397643357	0.0	0.0	0.0	0.0	0.0	0.0
0.0	0.0	0.0	0.0	0.0	0.0	0.0	0.0	0.0	0.0	2.07944154168	0.0	0.0	0.0	0.0
3.34795286714	0.0	0.0	0.0	0.0	0.0	0.0	0.0	0.0	3.34795286714	0.0	0.0	0.0	0.0	0.0
0.0	0.0	0.0	0.0	0.0	0.0	0.0	0.0	0.0	0.0	0.0	10.3972077084	0.0	0.0	0.0
0.0	0.0	1.67397643357	0.0	0.0	0.0	0.0	0.0	1.67397643357	0.0	0.0	0.0	0.0	0.0	0.0
0.0	0.0	0.0	0.0	0.0	0.0	0.0	0.0	0.0	0.0	0.0	12.4766492501	0.0	0.0	0.0
0.0	0.0	0.0	0.0	0.0	0.0	0.0	0.0	0.0	0.0	0.0	2.07944154168	0.0	0.0	0.0
0.0	0.0	0.0	1.16315080981	0.0	0.0	0.0	1.16315080981	0.0	0.0	0.0	2.32630161961	0.0	0.0	1.16315080981
0.0	0.0	0.0	0.0	2.07944154168	0.0	0.0	0.0	0.0	0.0	0.0	0.0	0.0	0.0	0.0
0.0	0.980829253012	0.980829253012	0.0	0.980829253012	0.0	0.980829253012	0.0	0.980829253012	0.0	0.0	0.0	0.0	0.0	0.0
0.0	0.0	1.16315080981	0.0	0.0	0.0	0.0	0.0	1.16315080981	0.0	1.16315080981	1.16315080981	0.0	0.0	0.0
0.0	0.0	0.0	0.0	0.0	0.0	0.0	0.0	0.0	0.0	0.0	0.0	2.07944154168	0.0	0.0
0.0	0.0	0.0	0.0	0.0	0.0	0.0	0.0	0.0	0.0	0.0	2.07944154168	0.0	0.0	0.0
0.0	0.0	0.0	0.0	2.07944154168	0.0	0.0	0.0	0.0	0.0	0.0	0.0	0.0	0.0	0.0
0.0	0.749386898883	0.0	1.12408034832	0.374693449441	0.374693449441	0.749386898883	1.12408034832	0.0	0.0	0.374693449441	0.749386898883	2.99754759553	0.0	1.12408034832
0.0	0.0	0.0	0.0	0.0	0.0	0.0	0.0	0.0	0.0	0.0	2.07944154168	0.0	0.0	0.0
0.0	0.575364144904	0.575364144904	0.575364144904	0.575364144904	0.0	0.575364144904	0.575364144904	0.575364144904	0.0	0.0	0.0	0.0	0.0	0.575364144904
0.0	0.0	0.0	0.0	2.07944154168	0.0	0.0	0.0	0.0	0.0	0.0	0.0	0.0	0.0	0.0
0.0	0.0	0.0	0.0	1.38629436112	0.0	0.0	0.0	0.0	0.0	0.0	1.38629436112	0.0	1.38629436112	0.0
0.0	0.0	0.0	0.0	0.0	0.0	0.0	0.0	0.0	0.0	0.0	2.07944154168	0.0	0.0	0.0
0.0	0.0	0.0	0.0	0.0	0.0	0.0	0.0	0.0	0.0	0.0	2.07944154168	0.0	0.0	0.0
0.0	0.0	0.0	0.0	1.67397643357	0.0	0.0	0.0	0.0	0.0	1.67397643357	0.0	0.0	0.0	0.0
0.0	0.0	0.0	0.0	0.0	0.0	0.0	0.0	0.0	0.0	0.0	1.67397643357	0.0	1.67397643357	0.0
0.0	0.0	0.0	0.0	0.0	2.07944154168	0.0	0.0	0.0	0.0	0.0	0.0	0.0	0.0	0.0
0.0	0.0	0.0	0.0	0.0	0.0	0.0	0.0	0.0	0.0	0.0	2.07944154168	0.0	0.0	0.0
0.0	0.0	0.0	0.0	0.0	0.0	0.0	0.0	0.0	0.0	0.0	2.07944154168	0.0	0.0	0.0
0.0	0.0	0.0	0.0	0.0	0.0	0.0	0.0	0.0	0.0	2.07944154168	0.0	0.0	0.0	0.0
0.0	0.0	0.0	0.0	0.0	0.0	0.0	0.0	0.0	0.0	0.0	0.0	0.0	4.15888308336	0.0
