0.0	0.0	0.0	0.0	0.0	0.0	0.0	2.1400661635	0.0	0.0	0.0	0.0	0.0	0.0	0.0	0.0
0.0	1.22377543162	1.22377543162	0.0	0.0	1.22377543162	0.0	0.0	0.0	0.0	0.0	1.22377543162	0.0	0.0	0.0	0.0
0.0	0.0	0.0	0.0	0.0	2.1400661635	0.0	0.0	0.0	0.0	0.0	0.0	0.0	0.0	0.0	0.0
0.0	0.0	0.0	0.0	0.0	0.0	0.0	0.0	2.1400661635	0.0	0.0	0.0	0.0	0.0	0.0	0.0
0.0	2.1400661635	0.0	0.0	0.0	0.0	0.0	0.0	0.0	0.0	0.0	0.0	0.0	0.0	0.0	0.0
0.0	0.0	0.0	1.73460105539	0.0	0.0	0.0	0.0	0.0	1.73460105539	0.0	0.0	0.0	0.0	0.0	0.0
0.0	0.0	0.0	0.0	0.0	0.0	0.0	0.0	0.0	0.0	0.0	0.0	0.0	0.0	0.0	2.1400661635
0.0	1.73460105539	0.0	0.0	0.0	0.0	0.0	0.0	0.0	0.0	0.0	0.0	0.0	3.46920211078	0.0	0.0
2.89383796587	0.0	0.0	0.0	0.0	0.0	0.0	1.44691898294	0.0	0.0	0.0	0.0	0.0	2.89383796587	0.0	0.0
0.0	0.0	0.0	2.1400661635	0.0	0.0	0.0	0.0	0.0	0.0	0.0	0.0	0.0	0.0	0.0	0.0
0.0	0.0	0.0	0.0	0.0	0.0	0.0	0.0	0.0	0.0	0.0	0.0	0.0	2.1400661635	0.0	0.0
0.0	2.1400661635	0.0	0.0	0.0	0.0	0.0	0.0	0.0	0.0	0.0	0.0	0.0	0.0	0.0	0.0
0.0	0.0	0.0	0.0	0.0	0.0	0.0	0.0	2.1400661635	0.0	0.0	0.0	0.0	0.0	0.0	0.0
2.1400661635	0.0	0.0	0.0	0.0	0.0	0.0	0.0	0.0	0.0	0.0	0.0	0.0	0.0	0.0	0.0
0.0	0.0	0.0	2.1400661635	0.0	0.0	0.0	0.0	0.0	0.0	0.0	0.0	0.0	0.0	0.0	0.0
0.0	0.0	0.0	0.0	0.0	0.0	0.0	6.93840422155	0.0	3.46920211078	0.0	0.0	0.0	0.0	0.0	0.0
4.28013232699	0.0	0.0	0.0	0.0	0.0	0.0	0.0	0.0	0.0	0.0	0.0	0.0	0.0	0.0	0.0
0.0	0.0	0.0	0.0	0.0	0.0	0.0	0.0	2.1400661635	0.0	0.0	0.0	0.0	0.0	0.0	0.0
0.0	0.0	1.73460105539	0.0	0.0	0.0	0.0	0.0	0.0	0.0	0.0	1.73460105539	0.0	0.0	0.0	0.0
0.0	0.0	2.1400661635	0.0	0.0	0.0	0.0	0.0	0.0	0.0	0.0	0.0	0.0	0.0	0.0	0.0
0.0	0.0	0.0	0.0	0.0	0.0	0.0	0.0	0.0	0.0	0.0	0.0	0.0	2.1400661635	0.0	0.0
0.0	0.0	0.0	0.0	0.0	0.0	0.0	0.0	0.0	0.0	2.1400661635	0.0	0.0	0.0	0.0	0.0
0.0	0.0	0.0	0.0	0.0	2.1400661635	0.0	0.0	0.0	0.0	0.0	0.0	0.0	0.0	0.0	0.0
0.0	0.0	0.0	0.0	0.0	0.0	2.1400661635	0.0	0.0	0.0	0.0	0.0	0.0	0.0	0.0	0.0
0.0	0.0	0.0	0.0	0.0	0.0	1.44691898294	0.0	0.0	0.0	0.0	0.0	0.0	0.0	1.44691898294	1.44691898294
0.0	0.0	0.0	0.0	0.0	0.0	0.0	0.0	0.0	0.0	2.1400661635	0.0	0.0	0.0	0.0	0.0
0.0	0.0	0.0	0.0	2.1400661635	0.0	0.0	0.0	0.0	0.0	0.0	0.0	0.0	0.0	0.0	0.0
0.0	0.0	0.0	0.0	0.0	0.0	0.0	0.0	0.0	0.0	0.0	0.0	0.0	2.1400661635	0.0	0.0
0.0	0.0	0.0	0.0	0.0	0.0	2.1400661635	0.0	0.0	0.0	0.0	0.0	0.0	0.0	0.0	0.0
0.0	2.1400661635	0.0	0.0	0.0	0.0	0.0	0.0	0.0	0.0	0.0	0.0	0.0	0.0	0.0	0.0
0.0	0.0	0.0	0.0	0.0	0.0	0.0	0.0	0.0	0.0	0.0	0.0	0.0	2.1400661635	0.0	0.0
0.0	0.0	2.1400661635	0.0	0.0	0.0	0.0	0.0	0.0	0.0	0.0	0.0	0.0	0.0	0.0	0.0
0.0	0.0	0.0	0.0	0.0	0.0	2.1400661635	0.0	0.0	0.0	0.0	0.0	0.0	0.0	0.0	0.0
0.0	0.0	0.0	0.0	0.0	0.0	0.0	0.0	0.0	0.0	2.1400661635	0.0	0.0	0.0	0.0	0.0
0.0	0.887303195001	1.77460639	0.0	0.0	0.0	0.887303195001	4.436515975	0.0	0.0	0.0	2.661909585	0.0	0.0	0.0	1.77460639
0.0	2.1400661635	0.0	0.0	0.0	0.0	0.0	0.0	0.0	0.0	0.0	0.0	0.0	0.0	0.0	0.0
0.0	0.0	0.0	0.0	0.0	0.0	0.0	0.0	0.0	0.0	0.0	0.0	0.0	0.0	0.0	2.1400661635
0.0	0.0	0.0	0.0	2.1400661635	0.0	0.0	0.0	0.0	0.0	0.0	0.0	0.0	0.0	0.0	0.0
0.0	0.0	0.0	0.0	0.0	0.0	0.0	0.0	1.73460105539	0.0	0.0	0.0	0.0	0.0	0.0	1.73460105539
0.0	2.1400661635	0.0	0.0	0.0	0.0	0.0	0.0	0.0	0.0	0.0	0.0	0.0	0.0	0.0	0.0
0.0	0.0	0.0	0.0	2.1400661635	0.0	0.0	0.0	0.0	0.0	0.0	0.0	0.0	0.0	0.0	0.0
0.0	0.0	0.0	0.0	1.73460105539	0.0	0.0	0.0	0.0	0.0	0.0	0.0	0.0	0.0	0.0	1.73460105539
0.0	0.0	0.0	0.0	0.0	2.1400661635	0.0	0.0	0.0	0.0	0.0	0.0	0.0	0.0	0.0	0.0
0.0	0.0	0.0	0.0	0.0	0.0	2.1400661635	0.0	0.0	0.0	0.0	0.0	0.0	0.0	0.0	0.0
0.0	0.0	0.0	0.0	0.0	0.0	0.0	0.0	0.0	0.0	2.1400661635	0.0	0.0	0.0	0.0	0.0
0.0	0.0	0.0	0.0	0.0	0.0	0.0	0.0	2.1400661635	0.0	0.0	0.0	0.0	0.0	0.0	0.0
0.0	0.0	0.0	0.0	0.0	0.0	0.0	0.0	0.0	0.0	2.1400661635	0.0	0.0	0.0	0.0	0.0
0.0	0.0	0.0	0.0	0.0	0.0	0.0	0.0	0.0	0.0	2.1400661635	0.0	0.0	0.0	0.0	0.0
0.0	0.0	1.04145387483	0.0	1.04145387483	0.0	1.04145387483	0.0	1.04145387483	0.0	0.0	1.04145387483	0.0	0.0	0.0	0.0
0.0	0.0	0.0	0.0	0.0	0.0	0.0	0.0	0.0	1.73460105539	0.0	0.0	0.0	0.0	1.73460105539	0.0
0.0	4.28013232699	0.0	0.0	0.0	0.0	0.0	0.0	0.0	0.0	0.0	0.0	0.0	0.0	0.0	0.0
0.0	0.0	0.0	0.0	0.0	0.0	0.0	0.0	0.0	0.0	0.0	0.0	0.0	0.0	0.0	2.1400661635
0.0	0.0	0.0	0.0	2.1400661635	0.0	0.0	0.0	0.0	0.0	0.0	0.0	0.0	0.0	0.0	0.0
0.0	0.0	0.0	0.0	0.0	0.0	0.0	0.0	0.0	2.1400661635	0.0	0.0	0.0	0.0	0.0	0.0
0.0	4.28013232699	0.0	0.0	0.0	0.0	0.0	0.0	0.0	0.0	0.0	0.0	0.0	0.0	0.0	0.0
0.0	0.0	0.0	0.0	0.0	2.1400661635	0.0	0.0	0.0	0.0	0.0	0.0	0.0	0.0	0.0	0.0
0.0	0.0	0.0	0.0	0.0	0.0	0.0	0.0	0.0	0.0	0.0	0.0	0.0	12.840396981	0.0	0.0
0.0	0.0	0.0	0.0	0.0	0.0	0.0	0.0	1.73460105539	0.0	5.20380316616	0.0	0.0	0.0	0.0	0.0
0.0	0.0	0.0	0.0	1.44691898294	1.44691898294	0.0	0.0	0.0	0.0	0.0	0.0	0.0	0.0	1.44691898294	0.0
1.22377543162	0.0	0.0	0.0	0.0	0.0	1.22377543162	1.22377543162	0.0	1.22377543162	0.0	0.0	0.0	0.0	0.0	0.0
0.0	0.0	0.0	0.0	0.0	0.0	0.0	0.0	0.0	0.0	0.0	0.0	0.0	0.0	2.1400661635	0.0
0.0	1.73460105539	0.0	0.0	0.0	0.0	1.73460105539	0.0	0.0	0.0	0.0	0.0	0.0	0.0	0.0	0.0
0.0	0.0	0.0	0.0	0.0	0.0	0.0	0.0	0.0	0.0	0.0	0.0	0.0	2.1400661635	0.0	0.0
0.0	0.0	0.0	0.0	0.0	0.0	0.0	0.0	0.0	0.0	2.1400661635	0.0	0.0	0.0	0.0	0.0
0.0	0.0	0.0	0.0	0.0	0.0	0.0	0.0	4.28013232699	0.0	0.0	0.0	0.0	0.0	0.0	0.0
0.0	0.0	0.0	0.0	0.0	0.0	0.0	0.0	0.0	0.0	4.28013232699	0.0	0.0	0.0	0.0	0.0
0.0	0.0	1.73460105539	0.0	0.0	0.0	0.0	0.0	0.0	0.0	0.0	1.73460105539	0.0	0.0	0.0	0.0
0.0	1.22377543162	0.0	0.0	2.44755086324	0.0	1.22377543162	1.22377543162	0.0	0.0	0.0	0.0	0.0	0.0	0.0	0.0
2.1400661635	0.0	0.0	0.0	0.0	0.0	0.0	0.0	0.0	0.0	0.0	0.0	0.0	0.0	0.0	0.0
0.0	0.0	0.0	2.1400661635	0.0	0.0	0.0	0.0	0.0	0.0	0.0	0.0	0.0	0.0	0.0	0.0
0.0	3.46920211078	0.0	0.0	0.0	0.0	0.0	0.0	0.0	0.0	1.73460105539	0.0	0.0	0.0	0.0	0.0
0.0	0.0	2.89383796587	0.0	2.89383796587	0.0	0.0	0.0	0.0	0.0	0.0	2.89383796587	0.0	0.0	0.0	0.0
0.0	0.0	2.1400661635	0.0	0.0	0.0	0.0	0.0	0.0	0.0	0.0	0.0	0.0	0.0	0.0	0.0
0.0	0.0	0.0	0.0	0.0	2.1400661635	0.0	0.0	0.0	0.0	0.0	0.0	0.0	0.0	0.0	0.0
0.0	0.0	1.73460105539	0.0	0.0	0.0	0.0	0.0	0.0	0.0	0.0	1.73460105539	0.0	0.0	0.0	0.0
0.0	0.0	0.0	0.0	0.0	0.0	2.1400661635	0.0	0.0	0.0	0.0	0.0	0.0	0.0	0.0	0.0
0.0	0.0	0.0	4.28013232699	0.0	0.0	0.0	0.0	0.0	0.0	0.0	0.0	0.0	0.0	0.0	0.0
0.0	0.0	0.0	0.0	0.0	2.1400661635	0.0	0.0	0.0	0.0	0.0	0.0	0.0	0.0	0.0	0.0
0.0	0.0	0.0	0.0	0.0	0.0	0.0	0.0	0.0	2.1400661635	0.0	0.0	0.0	0.0	0.0	0.0
0.0	0.0	0.0	0.0	0.0	0.0	0.0	2.1400661635	0.0	0.0	0.0	0.0	0.0	0.0	0.0	0.0
0.0	2.1400661635	0.0	0.0	0.0	0.0	0.0	0.0	0.0	0.0	0.0	0.0	0.0	0.0	0.0	0.0
0.0	0.0	2.1400661635	0.0	0.0	0.0	0.0	0.0	0.0	0.0	0.0	0.0	0.0	0.0	0.0	0.0
0.0	0.0	0.0	0.0	0.0	0.0	0.0	0.0	0.0	0.0	0.0	0.0	0.0	0.0	2.1400661635	0.0
4.28013232699	0.0	0.0	0.0	0.0	0.0	0.0	0.0	0.0	0.0	0.0	0.0	0.0	0.0	0.0	0.0
0.0	0.0	0.0	0.0	0.0	0.0	0.0	1.73460105539	0.0	0.0	1.73460105539	0.0	0.0	0.0	0.0	0.0
0.0	0.0	0.0	0.0	0.0	0.0	0.0	0.0	0.0	0.0	2.1400661635	0.0	0.0	0.0	0.0	0.0
0.0	0.0	0.0	0.0	0.0	0.0	0.0	0.0	0.0	0.0	2.1400661635	0.0	0.0	0.0	0.0	0.0
0.0	0.0	0.0	0.0	0.0	2.1400661635	0.0	0.0	0.0	0.0	0.0	0.0	0.0	0.0	0.0	0.0
0.0	0.0	0.0	0.0	0.0	2.1400661635	0.0	0.0	0.0	0.0	0.0	0.0	0.0	0.0	0.0	0.0
0.0	0.0	0.0	0.0	0.0	0.0	2.1400661635	0.0	0.0	0.0	0.0	0.0	0.0	0.0	0.0	0.0
0.0	0.0	0.0	0.0	0.0	0.0	0.0	0.0	0.0	0.0	0.0	0.0	0.0	2.1400661635	0.0	0.0
0.0	0.0	0.0	0.0	0.0	2.1400661635	0.0	0.0	0.0	0.0	0.0	0.0	0.0	0.0	0.0	0.0
0.0	0.0	0.0	0.0	0.0	0.0	0.0	0.0	0.0	0.0	0.0	0.0	0.0	2.1400661635	0.0	0.0
0.0	0.0	0.0	1.73460105539	0.0	0.0	0.0	0.0	0.0	0.0	0.0	0.0	0.0	0.0	1.73460105539	0.0
0.0	0.753771802376	0.753771802376	0.0	0.0	0.753771802376	0.753771802376	0.0	0.0	0.0	0.753771802376	0.753771802376	0.0	0.0	0.0	0.753771802376
0.0	0.0	0.0	0.0	0.0	2.1400661635	0.0	0.0	0.0	0.0	0.0	0.0	0.0	0.0	0.0	0.0
0.0	0.0	0.0	0.0	0.0	0.0	0.0	0.0	0.0	0.0	0.0	0.0	0.0	2.1400661635	0.0	0.0
0.0	2.1400661635	0.0	0.0	0.0	0.0	0.0	0.0	0.0	0.0	0.0	0.0	0.0	0.0	0.0	0.0
0.0	0.0	0.0	0.0	0.0	0.0	0.0	0.0	0.0	1.73460105539	0.0	0.0	0.0	1.73460105539	0.0	0.0
0.0	0.0	0.0	0.0	0.0	0.0	0.0	0.0	0.0	0.0	2.1400661635	0.0	0.0	0.0	0.0	0.0
0.0	0.0	0.0	2.1400661635	0.0	0.0	0.0	0.0	0.0	0.0	0.0	0.0	0.0	0.0	0.0	0.0
0.0	0.0	0.0	0.0	0.0	0.0	0.0	0.0	0.0	0.0	0.0	0.0	0.0	0.0	2.1400661635	0.0
0.0	0.0	0.0	0.0	0.0	0.0	0.0	0.0	0.0	2.1400661635	0.0	0.0	0.0	0.0	0.0	0.0
0.0	1.73460105539	0.0	0.0	0.0	0.0	0.0	0.0	0.0	0.0	0.0	0.0	0.0	0.0	0.0	1.73460105539
0.0	0.0	0.0	0.0	0.0	0.0	0.0	0.0	0.0	0.0	2.1400661635	0.0	0.0	0.0	0.0	0.0
0.0	0.0	1.73460105539	0.0	0.0	0.0	0.0	0.0	0.0	0.0	0.0	1.73460105539	0.0	0.0	0.0	0.0
0.0	0.0	0.0	2.1400661635	0.0	0.0	0.0	0.0	0.0	0.0	0.0	0.0	0.0	0.0	0.0	0.0
0.0	0.0	0.0	2.1400661635	0.0	0.0	0.0	0.0	0.0	0.0	0.0	0.0	0.0	0.0	0.0	0.0
0.0	0.0	0.0	0.0	0.0	0.0	0.0	0.0	2.1400661635	0.0	0.0	0.0	0.0	0.0	0.0	0.0
0.0	0.0	0.0	0.0	0.0	0.0	0.0	0.0	2.1400661635	0.0	0.0	0.0	0.0	0.0	0.0	0.0
0.0	0.0	1.73460105539	0.0	0.0	0.0	0.0	0.0	0.0	0.0	0.0	1.73460105539	0.0	0.0	0.0	0.0
0.0	0.0	0.0	0.0	0.0	0.0	0.0	0.0	0.0	0.0	0.0	0.0	0.0	2.1400661635	0.0	0.0
0.0	0.0	0.0	0.0	0.0	0.0	0.0	0.0	0.0	0.0	0.0	0.0	0.0	2.1400661635	0.0	0.0
0.0	0.0	0.0	0.0	0.0	0.0	0.0	0.0	2.1400661635	0.0	0.0	0.0	0.0	0.0	0.0	0.0
0.0	0.0	1.73460105539	0.0	0.0	0.0	0.0	0.0	0.0	0.0	0.0	1.73460105539	0.0	0.0	0.0	0.0
0.0	0.0	0.0	0.0	0.0	0.0	0.0	2.1400661635	0.0	0.0	0.0	0.0	0.0	0.0	0.0	0.0
0.0	0.0	0.0	0.0	1.44691898294	1.44691898294	1.44691898294	0.0	0.0	0.0	0.0	0.0	0.0	0.0	0.0	0.0
0.0	0.0	0.0	0.0	0.0	6.42019849049	0.0	0.0	0.0	0.0	0.0	0.0	0.0	0.0	0.0	0.0
0.0	0.0	0.0	0.0	0.0	0.0	0.0	0.0	0.0	0.0	2.1400661635	0.0	0.0	0.0	0.0	0.0
0.0	0.0	0.0	0.0	0.0	0.0	0.0	0.0	0.0	0.0	0.0	0.0	0.0	0.0	0.0	2.1400661635
0.0	0.0	1.73460105539	0.0	0.0	0.0	0.0	0.0	0.0	0.0	0.0	1.73460105539	0.0	0.0	0.0	0.0
0.435318071258	0.435318071258	0.435318071258	0.435318071258	0.435318071258	0.435318071258	0.435318071258	0.435318071258	0.0	0.0	0.435318071258	0.0	0.0	0.0	0.0	0.435318071258
0.0	2.1400661635	0.0	0.0	0.0	0.0	0.0	0.0	0.0	0.0	0.0	0.0	0.0	0.0	0.0	0.0
0.0	0.0	0.0	0.0	0.0	0.0	0.0	0.0	0.0	0.0	0.0	0.0	0.0	4.28013232699	0.0	0.0
0.0	0.0	0.0	0.0	0.0	0.0	0.0	0.0	0.0	0.0	2.1400661635	0.0	0.0	0.0	0.0	0.0
0.0	0.0	0.0	0.0	0.0	5.20380316616	0.0	5.20380316616	0.0	0.0	0.0	0.0	0.0	0.0	0.0	0.0
0.0	0.0	0.0	0.0	0.0	0.0	0.0	0.0	0.0	0.0	0.0	0.0	0.0	2.1400661635	0.0	0.0
0.0	0.0	0.0	0.0	0.0	0.0	0.0	0.0	0.0	0.0	2.1400661635	0.0	0.0	0.0	0.0	0.0
0.0	0.887303195001	0.887303195001	0.0	0.0	0.0	0.887303195001	0.0	0.887303195001	0.0	0.0	0.887303195001	0.0	0.0	0.887303195001	0.0
0.0	0.0	0.0	0.0	0.0	0.0	0.0	0.0	0.0	0.0	2.1400661635	0.0	0.0	0.0	0.0	0.0
0.0	0.0	0.0	0.0	0.0	2.1400661635	0.0	0.0	0.0	0.0	0.0	0.0	0.0	0.0	0.0	0.0
0.0	0.0	0.0	0.0	2.1400661635	0.0	0.0	0.0	0.0	0.0	0.0	0.0	0.0	0.0	0.0	0.0
0.0	0.0	0.0	0.0	0.0	0.0	0.0	0.0	0.0	0.0	0.0	0.0	0.0	0.0	0.0	2.1400661635
0.0	0.0	0.0	0.0	0.0	1.73460105539	0.0	0.0	0.0	0.0	0.0	0.0	0.0	1.73460105539	0.0	0.0
0.0	0.0	0.0	0.0	0.0	4.28013232699	0.0	0.0	0.0	0.0	0.0	0.0	0.0	0.0	0.0	0.0
0.0	0.0	0.0	0.0	0.0	0.0	0.0	0.0	0.0	0.0	2.1400661635	0.0	0.0	0.0	0.0	0.0
0.0	2.1400661635	0.0	0.0	0.0	0.0	0.0	0.0	0.0	0.0	0.0	0.0	0.0	0.0	0.0	0.0
0.0	2.1400661635	0.0	0.0	0.0	0.0	0.0	0.0	0.0	0.0	0.0	0.0	0.0	0.0	0.0	0.0
0.0	0.0	0.0	0.0	0.0	0.0	0.0	0.0	0.0	0.0	0.0	0.0	0.0	0.0	0.0	2.1400661635
0.0	0.0	2.1400661635	0.0	0.0	0.0	0.0	0.0	0.0	0.0	0.0	0.0	0.0	0.0	0.0	0.0
2.1400661635	0.0	0.0	0.0	0.0	0.0	0.0	0.0	0.0	0.0	0.0	0.0	0.0	0.0	0.0	0.0
0.0	0.0	0.0	0.0	0.0	0.0	0.0	0.0	0.0	0.0	0.0	0.0	0.0	2.1400661635	0.0	0.0
0.0	0.0	0.0	0.0	0.0	0.0	2.1400661635	0.0	0.0	0.0	0.0	0.0	0.0	0.0	0.0	0.0
0.0	0.0	0.0	0.0	0.0	0.0	0.0	0.0	0.0	0.0	0.0	0.0	0.0	0.0	2.1400661635	0.0
0.0	0.0	0.0	0.0	0.0	0.0	0.0	0.0	0.0	0.0	2.1400661635	0.0	0.0	0.0	0.0	0.0
0.0	0.0	2.1400661635	0.0	0.0	0.0	0.0	0.0	0.0	0.0	0.0	0.0	0.0	0.0	0.0	0.0
0.0	0.0	0.0	0.0	0.0	0.0	0.0	0.0	2.1400661635	0.0	0.0	0.0	0.0	0.0	0.0	0.0
0.0	0.0	1.73460105539	0.0	0.0	0.0	0.0	0.0	0.0	0.0	0.0	1.73460105539	0.0	0.0	0.0	0.0
0.0	0.0	0.0	2.1400661635	0.0	0.0	0.0	0.0	0.0	0.0	0.0	0.0	0.0	0.0	0.0	0.0
0.0	0.0	0.0	0.0	0.0	0.0	0.0	0.0	0.0	0.0	0.0	0.0	0.0	2.1400661635	0.0	0.0
0.0	0.0	0.0	0.0	0.0	0.0	0.0	0.0	2.1400661635	0.0	0.0	0.0	0.0	0.0	0.0	0.0
0.0	2.1400661635	0.0	0.0	0.0	0.0	0.0	0.0	0.0	0.0	0.0	0.0	0.0	0.0	0.0	0.0
0.0	2.1400661635	0.0	0.0	0.0	0.0	0.0	0.0	0.0	0.0	0.0	0.0	0.0	0.0	0.0	0.0
0.0	0.0	0.887303195001	0.0	0.0	0.887303195001	0.0	1.77460639	1.77460639	0.0	0.887303195001	0.0	0.0	0.0	0.0	0.887303195001
0.0	0.0	0.0	0.0	0.0	0.0	0.0	2.1400661635	0.0	0.0	0.0	0.0	0.0	0.0	0.0	0.0
0.0	0.0	0.0	0.0	0.0	0.0	0.0	0.0	0.0	0.0	0.0	0.0	0.0	6.42019849049	0.0	0.0
0.0	0.0	0.0	0.0	0.0	0.0	0.0	0.0	0.0	0.0	2.1400661635	0.0	0.0	0.0	0.0	0.0
0.0	0.0	0.0	0.0	0.0	0.0	0.0	0.0	0.0	0.0	1.73460105539	0.0	0.0	1.73460105539	0.0	0.0
2.1400661635	0.0	0.0	0.0	0.0	0.0	0.0	0.0	0.0	0.0	0.0	0.0	0.0	0.0	0.0	0.0
0.0	0.0	0.0	0.0	0.0	0.0	0.0	0.0	0.0	0.0	0.0	0.0	0.0	2.1400661635	0.0	0.0
0.0	0.0	0.0	0.0	0.0	0.0	0.0	0.0	0.0	0.0	0.0	0.0	0.0	0.0	0.0	2.1400661635
0.0	1.44691898294	0.0	1.44691898294	0.0	0.0	0.0	0.0	1.44691898294	0.0	0.0	0.0	0.0	0.0	0.0	0.0
0.0	0.0	1.73460105539	0.0	0.0	0.0	0.0	0.0	0.0	0.0	0.0	1.73460105539	0.0	0.0	0.0	0.0
2.1400661635	0.0	0.0	0.0	0.0	0.0	0.0	0.0	0.0	0.0	0.0	0.0	0.0	0.0	0.0	0.0
0.0	0.0	2.1400661635	0.0	0.0	0.0	0.0	0.0	0.0	0.0	0.0	0.0	0.0	0.0	0.0	0.0
0.0	0.0	0.0	0.0	0.0	0.0	0.0	0.0	0.0	0.0	0.0	0.0	0.0	0.0	0.0	2.1400661635
0.0	0.0	0.0	0.0	0.0	0.0	0.0	2.1400661635	0.0	0.0	0.0	0.0	0.0	0.0	0.0	0.0
0.0	0.0	0.0	0.0	0.0	0.0	6.93840422155	0.0	1.73460105539	0.0	0.0	0.0	0.0	0.0	0.0	0.0
0.0	1.73460105539	0.0	0.0	0.0	1.73460105539	0.0	0.0	0.0	0.0	0.0	0.0	0.0	0.0	0.0	0.0
0.0	0.0	0.0	0.0	0.0	0.0	0.0	0.0	0.0	0.0	0.0	0.0	0.0	4.28013232699	0.0	0.0
0.0	0.0	0.0	0.0	5.20380316616	1.73460105539	0.0	0.0	0.0	0.0	0.0	0.0	0.0	0.0	0.0	0.0
0.0	1.04145387483	2.08290774966	0.0	2.08290774966	0.0	1.04145387483	0.0	0.0	0.0	0.0	2.08290774966	0.0	0.0	0.0	0.0
0.0	0.0	1.22377543162	1.22377543162	0.0	0.0	0.0	0.0	2.44755086324	0.0	0.0	1.22377543162	0.0	0.0	0.0	0.0
0.0	0.0	0.0	0.0	0.0	0.0	0.0	0.0	0.0	0.0	2.1400661635	0.0	0.0	0.0	0.0	0.0
0.0	2.1400661635	0.0	0.0	0.0	0.0	0.0	0.0	0.0	0.0	0.0	0.0	0.0	0.0	0.0	0.0
0.0	0.0	1.44691898294	1.44691898294	0.0	0.0	0.0	0.0	0.0	0.0	0.0	1.44691898294	0.0	0.0	0.0	0.0
0.0	0.0	0.0	0.0	0.0	0.0	0.0	0.0	0.0	0.0	4.28013232699	0.0	0.0	0.0	0.0	0.0
0.0	0.0	0.0	0.0	0.0	0.0	0.0	0.0	0.0	2.1400661635	0.0	0.0	0.0	0.0	0.0	0.0
0.0	0.0	0.0	0.0	0.0	0.0	0.0	0.0	0.0	0.0	2.1400661635	0.0	0.0	0.0	0.0	0.0
0.0	0.0	0.0	0.0	0.0	0.0	0.0	0.0	0.0	0.0	0.0	0.0	0.0	0.0	0.0	2.1400661635
0.0	0.0	0.0	0.0	2.1400661635	0.0	0.0	0.0	0.0	0.0	0.0	0.0	0.0	0.0	0.0	0.0
0.0	0.0	0.0	2.1400661635	0.0	0.0	0.0	0.0	0.0	0.0	0.0	0.0	0.0	0.0	0.0	0.0
0.0	0.0	0.0	0.0	0.0	2.1400661635	0.0	0.0	0.0	0.0	0.0	0.0	0.0	0.0	0.0	0.0
0.0	0.0	0.0	0.0	0.0	0.0	0.0	0.0	0.0	0.0	0.0	0.0	0.0	0.0	0.0	2.1400661635
0.0	0.0	0.0	0.0	0.0	0.0	0.0	2.1400661635	0.0	0.0	0.0	0.0	0.0	0.0	0.0	0.0
0.0	0.887303195001	0.887303195001	0.0	0.0	0.0	0.887303195001	0.0	0.0	0.887303195001	0.0	0.887303195001	0.0	0.0	0.0	0.887303195001
0.0	0.0	0.0	0.0	0.0	0.0	0.0	0.0	0.0	0.0	0.0	0.0	0.0	0.0	2.1400661635	0.0
0.0	0.0	0.0	0.0	0.0	1.73460105539	0.0	0.0	0.0	0.0	0.0	0.0	0.0	0.0	1.73460105539	0.0
0.0	0.0	0.0	0.0	0.0	0.0	0.0	2.1400661635	0.0	0.0	0.0	0.0	0.0	0.0	0.0	0.0
0.0	0.0	1.22377543162	0.0	0.0	0.0	0.0	1.22377543162	0.0	0.0	0.0	1.22377543162	0.0	0.0	1.22377543162	0.0
0.0	0.0	0.0	0.0	0.0	4.28013232699	0.0	0.0	0.0	0.0	0.0	0.0	0.0	0.0	0.0	0.0
0.0	0.0	0.0	0.0	0.0	0.0	0.0	0.0	2.1400661635	0.0	0.0	0.0	0.0	0.0	0.0	0.0
0.0	0.0	1.73460105539	0.0	0.0	0.0	0.0	0.0	0.0	0.0	0.0	1.73460105539	0.0	0.0	0.0	0.0
0.0	0.0	0.0	0.0	0.0	2.1400661635	0.0	0.0	0.0	0.0	0.0	0.0	0.0	0.0	0.0	0.0
0.0	1.22377543162	1.22377543162	0.0	1.22377543162	0.0	0.0	0.0	0.0	0.0	0.0	1.22377543162	0.0	0.0	0.0	0.0
0.0	0.0	0.0	0.0	0.0	0.0	2.1400661635	0.0	0.0	0.0	0.0	0.0	0.0	0.0	0.0	0.0
0.0	1.34131993297	0.804791959784	0.0	0.268263986595	0.536527973189	0.536527973189	0.536527973189	0.804791959784	0.268263986595	0.0	0.804791959784	0.0	0.536527973189	0.268263986595	0.804791959784
0.0	0.0	0.0	0.0	0.0	0.0	0.0	0.0	0.0	0.0	0.0	0.0	0.0	8.56026465399	0.0	0.0
0.0	0.0	0.0	0.0	0.0	0.0	0.0	0.0	0.0	2.1400661635	0.0	0.0	0.0	0.0	0.0	0.0
0.0	0.0	1.44691898294	0.0	1.44691898294	0.0	0.0	0.0	0.0	0.0	0.0	1.44691898294	0.0	0.0	0.0	0.0
0.0	0.0	0.0	0.0	0.0	0.0	0.0	0.0	0.0	0.0	2.1400661635	0.0	0.0	0.0	0.0	0.0
0.0	0.0	0.0	2.1400661635	0.0	0.0	0.0	0.0	0.0	0.0	0.0	0.0	0.0	0.0	0.0	0.0
0.0	0.0	0.0	0.0	3.46920211078	0.0	0.0	0.0	0.0	0.0	0.0	0.0	0.0	0.0	0.0	1.73460105539
0.0	0.0	0.0	2.1400661635	0.0	0.0	0.0	0.0	0.0	0.0	0.0	0.0	0.0	0.0	0.0	0.0
0.0	0.0	0.0	0.0	0.0	0.0	0.0	1.73460105539	3.46920211078	0.0	0.0	0.0	0.0	0.0	0.0	0.0
0.0	0.0	0.0	0.0	0.0	0.0	2.1400661635	0.0	0.0	0.0	0.0	0.0	0.0	0.0	0.0	0.0
0.0	0.0	0.0	0.0	0.0	0.0	0.0	0.0	1.73460105539	0.0	0.0	0.0	0.0	0.0	0.0	1.73460105539
0.0	0.0	0.0	1.22377543162	0.0	0.0	1.22377543162	0.0	0.0	3.67132629487	0.0	0.0	0.0	0.0	0.0	1.22377543162
0.0	0.0	0.0	0.0	0.0	0.0	0.0	0.0	0.0	0.0	0.0	0.0	0.0	0.0	0.0	2.1400661635
0.0	0.0	0.0	0.0	0.0	0.0	0.0	0.0	0.0	0.0	0.0	0.0	2.1400661635	0.0	0.0	0.0
0.0	0.0	0.0	0.0	0.0	0.0	0.0	2.1400661635	0.0	0.0	0.0	0.0	0.0	0.0	0.0	0.0
0.0	0.0	1.73460105539	0.0	0.0	0.0	0.0	0.0	0.0	0.0	0.0	1.73460105539	0.0	0.0	0.0	0.0
0.0	0.0	0.0	0.0	0.0	0.0	0.0	2.1400661635	0.0	0.0	0.0	0.0	0.0	0.0	0.0	0.0
0.0	0.0	0.0	0.0	4.28013232699	0.0	0.0	0.0	0.0	0.0	0.0	0.0	0.0	0.0	0.0	0.0
0.0	0.0	0.0	0.0	0.0	0.0	0.0	0.0	0.0	0.0	0.0	0.0	0.0	0.0	2.1400661635	0.0
0.0	0.0	0.0	0.0	1.73460105539	0.0	1.73460105539	0.0	0.0	0.0	0.0	0.0	0.0	0.0	0.0	0.0
0.0	0.0	0.0	0.0	0.0	0.0	0.0	0.0	0.0	0.0	0.0	0.0	0.0	0.0	0.0	2.1400661635
0.0	0.0	0.0	0.0	0.0	0.0	0.0	0.0	0.0	0.0	0.0	0.0	0.0	2.1400661635	0.0	0.0
0.0	0.0	0.0	2.1400661635	0.0	0.0	0.0	0.0	0.0	0.0	0.0	0.0	0.0	0.0	0.0	0.0
0.0	0.0	0.0	0.0	0.0	0.0	0.0	2.1400661635	0.0	0.0	0.0	0.0	0.0	0.0	0.0	0.0
0.0	2.1400661635	0.0	0.0	0.0	0.0	0.0	0.0	0.0	0.0	0.0	0.0	0.0	0.0	0.0	0.0
0.0	0.0	0.0	0.0	0.0	0.0	0.0	0.0	0.0	1.73460105539	0.0	1.73460105539	0.0	0.0	0.0	0.0
0.0	0.0	0.0	0.0	0.0	0.0	0.0	0.0	0.0	0.0	0.0	0.0	0.0	0.0	2.1400661635	0.0
0.0	2.1400661635	0.0	0.0	0.0	0.0	0.0	0.0	0.0	0.0	0.0	0.0	0.0	0.0	0.0	0.0
0.0	0.0	0.0	0.0	0.0	0.0	0.0	0.0	2.1400661635	0.0	0.0	0.0	0.0	0.0	0.0	0.0
0.0	0.0	0.0	0.0	0.0	0.0	0.0	0.0	0.0	0.0	0.0	0.0	0.0	0.0	2.1400661635	0.0
0.0	0.0	0.0	0.0	0.0	0.0	0.0	0.0	0.0	0.0	2.1400661635	0.0	0.0	0.0	0.0	0.0
0.0	0.0	0.0	0.0	2.1400661635	0.0	0.0	0.0	0.0	0.0	0.0	0.0	0.0	0.0	0.0	0.0
0.0	0.0	0.0	0.0	4.28013232699	0.0	0.0	0.0	0.0	0.0	0.0	0.0	0.0	0.0	0.0	0.0
0.0	0.0	0.0	0.0	0.0	0.0	0.0	0.0	0.0	0.0	0.0	0.0	0.0	2.1400661635	0.0	0.0
0.0	0.0	0.0	0.0	0.0	0.0	0.0	0.0	0.0	0.0	0.0	2.1400661635	0.0	0.0	0.0	0.0
0.0	0.0	0.0	0.0	1.73460105539	0.0	0.0	0.0	0.0	0.0	0.0	0.0	0.0	0.0	0.0	1.73460105539
0.0	0.0	0.0	0.0	0.0	0.0	0.0	0.0	0.0	0.0	0.0	0.0	0.0	0.0	2.1400661635	0.0
0.0	0.0	0.0	0.0	0.0	0.0	0.0	0.0	0.0	0.0	2.1400661635	0.0	0.0	0.0	0.0	0.0
0.0	0.0	0.0	0.0	0.0	0.0	0.0	0.0	0.0	0.0	2.1400661635	0.0	0.0	0.0	0.0	0.0
0.0	0.0	1.73460105539	1.73460105539	0.0	0.0	0.0	0.0	0.0	0.0	0.0	0.0	0.0	0.0	0.0	0.0
0.0	0.0	0.0	0.0	0.0	0.0	0.0	0.0	0.0	0.0	2.1400661635	0.0	0.0	0.0	0.0	0.0
0.0	0.0	0.0	0.0	0.0	0.0	0.0	0.0	0.0	0.0	0.0	0.0	0.0	0.0	2.1400661635	0.0
0.0	0.0	0.0	0.0	0.0	0.0	0.0	3.46920211078	0.0	0.0	1.73460105539	0.0	0.0	0.0	0.0	0.0
0.0	4.28013232699	0.0	0.0	0.0	0.0	0.0	0.0	0.0	0.0	0.0	0.0	0.0	0.0	0.0	0.0
0.0	0.0	0.0	0.0	1.73460105539	0.0	0.0	0.0	0.0	0.0	1.73460105539	0.0	0.0	0.0	0.0	0.0
0.0	0.0	0.0	0.0	0.0	0.0	0.0	0.0	0.0	0.0	4.28013232699	0.0	0.0	0.0	0.0	0.0
0.0	0.0	0.0	0.0	0.0	0.0	0.0	0.0	0.0	0.0	0.0	0.0	0.0	2.1400661635	0.0	0.0
0.0	0.0	0.0	0.0	0.0	0.0	0.0	0.0	0.0	0.0	2.1400661635	0.0	0.0	0.0	0.0	0.0
0.0	0.887303195001	0.0	0.0	0.887303195001	0.0	0.887303195001	1.77460639	0.0	0.0	1.77460639	0.0	0.0	0.0	0.887303195001	0.0
0.0	0.0	0.0	0.0	0.0	0.0	0.0	0.0	0.0	0.0	0.0	0.0	0.0	0.0	2.1400661635	0.0
0.0	0.0	0.0	0.0	0.0	0.0	0.0	0.0	0.0	0.0	0.0	0.0	0.0	2.1400661635	0.0	0.0
0.0	2.1400661635	0.0	0.0	0.0	0.0	0.0	0.0	0.0	0.0	0.0	0.0	0.0	0.0	0.0	0.0
0.0	4.28013232699	0.0	0.0	0.0	0.0	0.0	0.0	0.0	0.0	0.0	0.0	0.0	0.0	0.0	0.0
0.0	0.0	0.0	0.0	0.0	0.0	0.0	0.0	0.0	0.0	2.1400661635	0.0	0.0	0.0	0.0	0.0
0.0	0.0	0.0	0.0	0.0	0.0	0.0	0.0	0.0	0.0	0.0	0.0	0.0	0.0	2.1400661635	0.0
0.0	0.0	0.0	0.0	0.0	0.0	0.0	0.0	2.1400661635	0.0	0.0	0.0	0.0	0.0	0.0	0.0
0.0	0.63598876672	0.63598876672	0.0	0.63598876672	0.0	0.63598876672	0.0	0.0	0.0	1.27197753344	0.63598876672	0.0	0.0	0.63598876672	0.63598876672
0.0	2.1400661635	0.0	0.0	0.0	0.0	0.0	0.0	0.0	0.0	0.0	0.0	0.0	0.0	0.0	0.0
0.0	0.0	0.0	0.0	0.0	0.0	0.0	0.0	0.0	0.0	2.1400661635	0.0	0.0	0.0	0.0	0.0
0.0	2.1400661635	0.0	0.0	0.0	0.0	0.0	0.0	0.0	0.0	0.0	0.0	0.0	0.0	0.0	0.0
0.0	1.73460105539	0.0	0.0	0.0	1.73460105539	0.0	0.0	0.0	0.0	0.0	0.0	0.0	0.0	0.0	0.0
0.0	0.0	0.0	0.0	4.28013232699	0.0	0.0	0.0	0.0	0.0	0.0	0.0	0.0	0.0	0.0	0.0
0.0	0.0	0.0	0.0	1.22377543162	0.0	0.0	0.0	1.22377543162	0.0	0.0	0.0	0.0	1.22377543162	0.0	1.22377543162
0.0	0.0	0.0	0.0	0.0	0.0	2.1400661635	0.0	0.0	0.0	0.0	0.0	0.0	0.0	0.0	0.0
0.0	1.73460105539	0.0	0.0	0.0	0.0	0.0	0.0	0.0	0.0	1.73460105539	0.0	0.0	0.0	0.0	0.0
0.0	0.0	0.0	0.0	0.0	0.0	0.0	0.0	0.0	0.0	0.0	0.0	0.0	2.1400661635	0.0	0.0
0.0	0.0	0.0	0.0	0.0	0.0	0.0	0.0	0.0	0.0	0.0	0.0	0.0	2.1400661635	0.0	0.0
0.0	1.73460105539	0.0	0.0	1.73460105539	0.0	0.0	0.0	0.0	0.0	0.0	0.0	0.0	0.0	0.0	0.0
0.0	0.0	1.44691898294	0.0	0.0	0.0	0.0	0.0	1.44691898294	0.0	0.0	1.44691898294	0.0	0.0	0.0	0.0
0.0	0.0	0.0	2.1400661635	0.0	0.0	0.0	0.0	0.0	0.0	0.0	0.0	0.0	0.0	0.0	0.0
0.0	0.0	0.0	2.89383796587	0.0	1.44691898294	0.0	1.44691898294	0.0	0.0	0.0	0.0	0.0	0.0	0.0	0.0
2.1400661635	0.0	0.0	0.0	0.0	0.0	0.0	0.0	0.0	0.0	0.0	0.0	0.0	0.0	0.0	0.0
0.0	0.0	2.1400661635	0.0	0.0	0.0	0.0	0.0	0.0	0.0	0.0	0.0	0.0	0.0	0.0	0.0
0.0	0.0	0.0	0.0	0.0	0.0	0.0	0.0	0.0	0.0	0.0	0.0	0.0	2.1400661635	0.0	0.0
0.0	1.90796630016	0.63598876672	0.0	0.0	0.63598876672	0.63598876672	0.63598876672	1.90796630016	0.0	0.0	0.0	0.0	0.0	1.90796630016	0.63598876672
0.0	0.0	0.0	0.0	0.0	0.0	0.0	0.0	2.1400661635	0.0	0.0	0.0	0.0	0.0	0.0	0.0
0.0	0.0	0.0	0.0	0.0	0.0	0.0	0.0	2.1400661635	0.0	0.0	0.0	0.0	0.0	0.0	0.0
0.0	0.0	0.0	0.0	0.0	0.0	0.0	0.0	0.0	0.0	0.0	0.0	0.0	2.1400661635	0.0	0.0
0.0	2.1400661635	0.0	0.0	0.0	0.0	0.0	0.0	0.0	0.0	0.0	0.0	0.0	0.0	0.0	0.0
0.0	1.73460105539	0.0	0.0	0.0	0.0	0.0	0.0	1.73460105539	0.0	0.0	0.0	0.0	0.0	0.0	0.0
0.0	0.0	0.0	0.0	0.0	0.0	0.0	0.0	0.0	0.0	2.1400661635	0.0	0.0	0.0	0.0	0.0
0.0	0.0	0.0	0.0	0.0	2.1400661635	0.0	0.0	0.0	0.0	0.0	0.0	0.0	0.0	0.0	0.0
0.0	0.0	0.0	0.0	0.0	0.0	0.0	0.0	0.0	0.0	0.0	0.0	0.0	2.1400661635	0.0	0.0
2.1400661635	0.0	0.0	0.0	0.0	0.0	0.0	0.0	0.0	0.0	0.0	0.0	0.0	0.0	0.0	0.0
0.0	0.0	0.0	0.0	0.0	0.0	0.0	0.0	0.0	0.0	0.0	0.0	0.0	6.42019849049	0.0	0.0
0.0	0.0	0.0	0.0	6.42019849049	0.0	0.0	0.0	0.0	0.0	0.0	0.0	0.0	0.0	0.0	0.0
1.44691898294	0.0	0.0	0.0	0.0	0.0	0.0	0.0	1.44691898294	0.0	0.0	0.0	0.0	4.34075694881	0.0	0.0
0.0	0.0	0.0	0.0	0.0	0.0	0.0	0.0	0.0	0.0	2.1400661635	0.0	0.0	0.0	0.0	0.0
0.0	0.0	0.0	0.0	2.1400661635	0.0	0.0	0.0	0.0	0.0	0.0	0.0	0.0	0.0	0.0	0.0
0.0	0.0	0.0	0.0	0.0	0.0	0.0	0.0	0.0	0.0	0.0	0.0	0.0	2.1400661635	0.0	0.0
0.0	2.1400661635	0.0	0.0	0.0	0.0	0.0	0.0	0.0	0.0	0.0	0.0	0.0	0.0	0.0	0.0
0.0	0.0	0.0	1.73460105539	0.0	0.0	1.73460105539	0.0	0.0	0.0	0.0	0.0	0.0	0.0	0.0	0.0
0.0	0.0	0.0	0.0	0.0	0.0	0.0	0.0	2.1400661635	0.0	0.0	0.0	0.0	0.0	0.0	0.0
0.0	0.0	0.0	0.0	2.1400661635	0.0	0.0	0.0	0.0	0.0	0.0	0.0	0.0	0.0	0.0	0.0
0.0	0.0	0.0	0.0	0.0	0.0	0.0	0.0	0.0	0.0	0.0	0.0	0.0	2.1400661635	0.0	0.0
0.0	0.0	0.0	0.0	0.0	0.0	0.0	0.0	0.0	2.1400661635	0.0	0.0	0.0	0.0	0.0	0.0
0.0	2.44755086324	0.0	0.0	0.0	0.0	0.0	0.0	0.0	1.22377543162	0.0	1.22377543162	0.0	0.0	1.22377543162	0.0
0.0	0.0	0.0	0.0	0.0	0.0	0.0	0.0	0.0	0.0	0.0	0.0	0.0	2.1400661635	0.0	0.0
0.0	0.0	0.0	0.0	0.0	0.0	2.1400661635	0.0	0.0	0.0	0.0	0.0	0.0	0.0	0.0	0.0
0.0	0.0	0.0	0.0	0.0	0.0	0.0	2.1400661635	0.0	0.0	0.0	0.0	0.0	0.0	0.0	0.0
0.0	0.0	0.0	0.0	0.0	0.0	0.0	0.0	0.0	0.0	0.0	0.0	0.0	0.0	0.0	2.1400661635
0.0	0.0	0.0	1.73460105539	0.0	0.0	0.0	0.0	0.0	0.0	0.0	0.0	0.0	0.0	0.0	1.73460105539
0.0	0.0	0.0	0.0	0.0	0.0	0.0	2.1400661635	0.0	0.0	0.0	0.0	0.0	0.0	0.0	0.0
0.0	1.44691898294	1.44691898294	0.0	0.0	0.0	0.0	0.0	0.0	0.0	0.0	1.44691898294	0.0	0.0	0.0	0.0
0.0	0.0	0.0	0.0	0.0	0.0	0.0	0.0	0.0	0.0	0.0	0.0	0.0	2.1400661635	0.0	0.0
0.0	0.0	0.0	0.0	2.1400661635	0.0	0.0	0.0	0.0	0.0	0.0	0.0	0.0	0.0	0.0	0.0
0.0	2.89383796587	0.0	0.0	0.0	0.0	1.44691898294	0.0	1.44691898294	0.0	0.0	0.0	0.0	0.0	0.0	0.0
0.0	0.0	0.0	0.0	0.0	0.0	0.0	2.1400661635	0.0	0.0	0.0	0.0	0.0	0.0	0.0	0.0
0.0	1.44691898294	0.0	0.0	1.44691898294	1.44691898294	0.0	0.0	0.0	0.0	0.0	0.0	0.0	0.0	0.0	0.0
0.0	0.0	0.0	0.0	2.1400661635	0.0	0.0	0.0	0.0	0.0	0.0	0.0	0.0	0.0	0.0	0.0
0.0	0.0	0.0	3.46920211078	0.0	0.0	0.0	0.0	0.0	0.0	3.46920211078	0.0	0.0	0.0	0.0	0.0
0.0	0.0	0.0	0.0	0.0	0.0	0.0	0.0	0.0	0.0	0.0	0.0	0.0	2.1400661635	0.0	0.0
0.0	0.0	0.0	0.0	0.0	0.0	0.0	0.0	0.0	0.0	0.0	0.0	0.0	0.0	2.1400661635	0.0
0.0	0.0	0.0	0.0	0.0	0.0	0.0	0.0	0.0	2.1400661635	0.0	0.0	0.0	0.0	0.0	0.0
0.0	0.0	0.0	0.0	0.0	0.0	0.0	2.1400661635	0.0	0.0	0.0	0.0	0.0	0.0	0.0	0.0
0.0	1.44691898294	0.0	1.44691898294	1.44691898294	0.0	0.0	0.0	0.0	0.0	0.0	0.0	0.0	0.0	0.0	0.0
0.0	2.1400661635	0.0	0.0	0.0	0.0	0.0	0.0	0.0	0.0	0.0	0.0	0.0	0.0	0.0	0.0
0.0	0.0	0.0	0.0	0.0	0.0	0.0	0.0	0.0	0.0	0.0	2.1400661635	0.0	0.0	0.0	0.0
0.0	0.0	0.0	0.0	0.0	0.0	0.0	0.0	0.0	0.0	0.0	0.0	0.0	2.1400661635	0.0	0.0
0.0	0.0	0.0	0.0	0.0	0.0	0.0	2.1400661635	0.0	0.0	0.0	0.0	0.0	0.0	0.0	0.0
0.0	0.0	0.0	0.0	0.0	0.0	0.0	0.0	0.0	0.0	0.0	0.0	2.1400661635	0.0	0.0	0.0
0.0	0.0	0.0	0.0	0.0	0.0	0.0	0.0	0.0	0.0	2.1400661635	0.0	0.0	0.0	0.0	0.0
0.0	0.0	0.0	0.0	0.0	0.0	2.1400661635	0.0	0.0	0.0	0.0	0.0	0.0	0.0	0.0	0.0
0.0	0.0	0.0	0.0	0.0	0.0	0.0	2.1400661635	0.0	0.0	0.0	0.0	0.0	0.0	0.0	0.0
0.0	0.0	0.0	0.0	0.0	0.0	0.0	0.0	0.0	0.0	0.0	1.73460105539	1.73460105539	0.0	0.0	0.0
2.1400661635	0.0	0.0	0.0	0.0	0.0	0.0	0.0	0.0	0.0	0.0	0.0	0.0	0.0	0.0	0.0
0.0	0.0	0.0	0.0	0.0	0.0	0.0	0.0	0.0	0.0	0.0	0.0	0.0	2.1400661635	0.0	0.0
0.0	0.0	0.0	0.0	0.0	0.0	0.0	0.0	0.0	0.0	0.0	0.0	2.1400661635	0.0	0.0	0.0
0.0	0.0	0.0	0.0	0.0	4.28013232699	0.0	0.0	0.0	0.0	0.0	0.0	0.0	0.0	0.0	0.0
0.0	0.0	0.0	0.0	0.0	0.0	0.0	2.1400661635	0.0	0.0	0.0	0.0	0.0	0.0	0.0	0.0
0.0	0.0	1.73460105539	0.0	0.0	0.0	0.0	0.0	0.0	0.0	0.0	1.73460105539	0.0	0.0	0.0	0.0
0.0	0.0	0.0	0.0	0.0	2.1400661635	0.0	0.0	0.0	0.0	0.0	0.0	0.0	0.0	0.0	0.0
0.0	0.0	0.0	1.73460105539	0.0	0.0	0.0	0.0	0.0	0.0	1.73460105539	0.0	0.0	0.0	0.0	0.0
0.0	0.0	0.0	0.0	0.0	0.0	0.0	0.0	0.0	0.0	4.28013232699	0.0	0.0	0.0	0.0	0.0
0.0	0.0	0.0	0.0	1.73460105539	0.0	0.0	0.0	0.0	0.0	0.0	0.0	0.0	1.73460105539	0.0	0.0
0.0	0.0	0.0	0.0	2.1400661635	0.0	0.0	0.0	0.0	0.0	0.0	0.0	0.0	0.0	0.0	0.0
0.0	0.0	0.0	0.0	0.0	0.0	0.0	0.0	0.0	0.0	0.0	0.0	0.0	0.0	0.0	2.1400661635
0.0	0.0	0.0	0.0	0.0	0.0	2.1400661635	0.0	0.0	0.0	0.0	0.0	0.0	0.0	0.0	0.0
0.0	0.0	0.0	0.0	0.0	0.0	0.0	0.0	0.0	0.0	0.0	0.0	2.1400661635	0.0	0.0	0.0
0.0	0.0	1.44691898294	0.0	0.0	0.0	1.44691898294	0.0	0.0	0.0	0.0	2.89383796587	0.0	0.0	0.0	0.0
0.0	0.0	0.0	0.0	0.0	0.0	0.0	0.0	0.0	0.0	0.0	0.0	0.0	2.1400661635	0.0	0.0
0.0	0.0	0.0	0.0	0.0	0.0	0.0	0.0	0.0	0.0	0.0	2.1400661635	0.0	0.0	0.0	0.0
0.0	0.0	0.0	0.0	0.0	0.0	2.1400661635	0.0	0.0	0.0	0.0	0.0	0.0	0.0	0.0	0.0
2.1400661635	0.0	0.0	0.0	0.0	0.0	0.0	0.0	0.0	0.0	0.0	0.0	0.0	0.0	0.0	0.0
0.0	0.0	0.0	0.0	0.0	0.0	0.0	0.0	0.0	0.0	0.0	0.0	0.0	0.0	0.0	4.28013232699
0.0	0.0	0.0	0.0	0.0	0.0	0.0	0.0	0.0	0.0	0.0	0.0	2.1400661635	0.0	0.0	0.0
0.0	0.0	0.0	0.0	0.0	2.1400661635	0.0	0.0	0.0	0.0	0.0	0.0	0.0	0.0	0.0	0.0
0.0	0.0	1.04145387483	0.0	0.0	0.0	0.0	0.0	0.0	0.0	1.04145387483	1.04145387483	1.04145387483	1.04145387483	0.0	0.0
0.0	0.0	0.0	0.0	0.0	0.0	0.0	0.0	1.44691898294	0.0	1.44691898294	0.0	0.0	0.0	1.44691898294	0.0
0.0	0.0	0.0	0.0	0.0	0.0	0.0	0.0	0.0	0.0	0.0	0.0	0.0	0.0	2.1400661635	0.0
0.0	1.73460105539	0.0	0.0	0.0	0.0	0.0	1.73460105539	0.0	0.0	0.0	0.0	0.0	0.0	0.0	0.0
0.0	0.0	0.0	0.0	0.0	0.0	0.0	0.0	0.0	0.0	0.0	0.0	0.0	0.0	1.73460105539	1.73460105539
0.0	0.0	0.0	0.0	0.0	0.0	0.0	0.0	0.0	0.0	0.0	0.0	0.0	2.1400661635	0.0	0.0
0.0	4.28013232699	0.0	0.0	0.0	0.0	0.0	0.0	0.0	0.0	0.0	0.0	0.0	0.0	0.0	0.0
0.0	0.0	0.0	0.0	0.0	0.0	1.73460105539	0.0	0.0	0.0	0.0	0.0	0.0	0.0	1.73460105539	0.0
0.0	0.0	0.0	0.0	0.0	0.0	0.0	2.1400661635	0.0	0.0	0.0	0.0	0.0	0.0	0.0	0.0
0.0	0.0	0.0	0.0	2.1400661635	0.0	0.0	0.0	0.0	0.0	0.0	0.0	0.0	0.0	0.0	0.0
0.0	0.0	0.0	0.0	2.1400661635	0.0	0.0	0.0	0.0	0.0	0.0	0.0	0.0	0.0	0.0	0.0
0.0	0.0	0.0	0.0	0.0	0.0	0.0	2.1400661635	0.0	0.0	0.0	0.0	0.0	0.0	0.0	0.0
0.0	0.0	1.73460105539	0.0	0.0	0.0	0.0	0.0	0.0	0.0	0.0	1.73460105539	0.0	0.0	0.0	0.0
0.0	2.1400661635	0.0	0.0	0.0	0.0	0.0	0.0	0.0	0.0	0.0	0.0	0.0	0.0	0.0	0.0
0.0	0.0	0.0	0.0	0.0	0.0	0.0	0.0	2.1400661635	0.0	0.0	0.0	0.0	0.0	0.0	0.0
0.0	0.0	0.0	0.0	0.0	0.0	0.0	0.0	0.0	0.0	0.0	0.0	0.0	4.28013232699	0.0	0.0
0.0	0.0	0.0	0.0	1.73460105539	0.0	1.73460105539	0.0	0.0	0.0	0.0	0.0	0.0	0.0	0.0	0.0
0.0	0.0	0.0	1.73460105539	0.0	1.73460105539	0.0	0.0	0.0	0.0	0.0	0.0	0.0	0.0	0.0	0.0
0.0	0.0	0.0	0.0	0.0	0.0	0.0	0.0	0.0	0.0	0.0	0.0	0.0	0.0	0.0	4.28013232699
0.0	0.0	1.73460105539	0.0	0.0	0.0	0.0	0.0	0.0	0.0	0.0	1.73460105539	0.0	0.0	0.0	0.0
0.0	0.0	0.0	0.0	0.0	0.0	0.0	2.1400661635	0.0	0.0	0.0	0.0	0.0	0.0	0.0	0.0
0.0	0.0	0.0	0.0	0.0	0.0	0.0	0.0	0.0	2.1400661635	0.0	0.0	0.0	0.0	0.0	0.0
0.0	0.0	0.0	0.0	0.0	0.0	0.0	0.0	2.1400661635	0.0	0.0	0.0	0.0	0.0	0.0	0.0
0.0	0.0	0.0	0.0	2.1400661635	0.0	0.0	0.0	0.0	0.0	0.0	0.0	0.0	0.0	0.0	0.0
2.1400661635	0.0	0.0	0.0	0.0	0.0	0.0	0.0	0.0	0.0	0.0	0.0	0.0	0.0	0.0	0.0
0.0	0.0	0.0	0.0	2.1400661635	0.0	0.0	0.0	0.0	0.0	0.0	0.0	0.0	0.0	0.0	0.0
0.0	0.0	0.0	0.0	0.0	0.0	0.0	0.0	0.0	0.0	0.0	0.0	0.0	0.0	0.0	2.1400661635
0.0	0.0	0.0	1.73460105539	0.0	0.0	1.73460105539	0.0	0.0	0.0	0.0	0.0	0.0	0.0	0.0	0.0
0.0	0.0	0.0	0.0	0.0	0.0	0.0	0.0	0.0	2.1400661635	0.0	0.0	0.0	0.0	0.0	0.0
0.0	0.0	0.0	0.0	0.0	0.0	1.44691898294	0.0	0.0	0.0	1.44691898294	0.0	0.0	0.0	0.0	1.44691898294
0.0	0.0	0.0	1.73460105539	0.0	0.0	0.0	0.0	1.73460105539	0.0	0.0	0.0	0.0	0.0	0.0	0.0
0.0	0.0	0.0	0.0	0.0	0.0	0.0	0.0	0.0	0.0	0.0	0.0	0.0	0.0	0.0	2.1400661635
0.0	0.0	1.22377543162	0.0	0.0	0.0	0.0	0.0	0.0	0.0	2.44755086324	1.22377543162	0.0	0.0	0.0	1.22377543162
0.0	0.0	0.0	0.0	0.0	0.0	0.0	0.0	0.0	0.0	0.0	0.0	2.1400661635	0.0	0.0	0.0
0.0	0.0	0.0	0.0	0.0	0.0	0.0	0.0	0.0	0.0	2.1400661635	0.0	0.0	0.0	0.0	0.0
0.0	2.1400661635	0.0	0.0	0.0	0.0	0.0	0.0	0.0	0.0	0.0	0.0	0.0	0.0	0.0	0.0
0.0	0.0	0.0	0.0	0.0	0.0	0.0	0.0	0.0	0.0	0.0	0.0	2.1400661635	0.0	0.0	0.0
0.0	0.0	0.0	0.0	0.0	0.0	0.0	0.0	0.0	0.0	2.1400661635	0.0	0.0	0.0	0.0	0.0
0.0	0.0	0.0	2.1400661635	0.0	0.0	0.0	0.0	0.0	0.0	0.0	0.0	0.0	0.0	0.0	0.0
0.0	2.1400661635	0.0	0.0	0.0	0.0	0.0	0.0	0.0	0.0	0.0	0.0	0.0	0.0	0.0	0.0
0.0	0.0	0.0	0.0	0.0	0.0	0.0	0.0	0.0	0.0	0.0	0.0	0.0	0.0	0.0	2.1400661635
0.0	0.0	0.0	0.0	0.0	0.0	0.0	0.0	0.0	0.0	2.1400661635	0.0	0.0	0.0	0.0	0.0
0.0	0.0	0.0	0.0	0.0	0.0	0.0	1.73460105539	1.73460105539	0.0	0.0	0.0	0.0	0.0	0.0	0.0
0.0	0.0	0.0	0.0	0.0	0.0	0.0	0.0	0.0	0.0	2.1400661635	0.0	0.0	0.0	0.0	0.0
0.0	0.0	0.0	0.0	0.0	0.0	0.0	0.0	0.0	0.0	2.1400661635	0.0	0.0	0.0	0.0	0.0
2.1400661635	0.0	0.0	0.0	0.0	0.0	0.0	0.0	0.0	0.0	0.0	0.0	0.0	0.0	0.0	0.0
2.1400661635	0.0	0.0	0.0	0.0	0.0	0.0	0.0	0.0	0.0	0.0	0.0	0.0	0.0	0.0	0.0
0.0	0.0	0.0	0.0	0.0	0.0	0.0	0.0	0.0	0.0	0.0	0.0	0.0	0.0	2.1400661635	0.0
2.1400661635	0.0	0.0	0.0	0.0	0.0	0.0	0.0	0.0	0.0	0.0	0.0	0.0	0.0	0.0	0.0
0.0	0.0	1.22377543162	0.0	1.22377543162	0.0	1.22377543162	0.0	0.0	0.0	0.0	1.22377543162	0.0	0.0	0.0	0.0
0.0	0.0	0.0	0.0	0.0	0.0	1.44691898294	1.44691898294	0.0	0.0	0.0	0.0	0.0	0.0	0.0	1.44691898294
0.0	0.0	0.0	0.0	0.0	0.0	0.0	0.0	0.0	0.0	2.1400661635	0.0	0.0	0.0	0.0	0.0
0.0	0.0	0.0	0.0	0.0	0.0	0.0	0.0	0.0	0.0	2.1400661635	0.0	0.0	0.0	0.0	0.0
0.0	2.1400661635	0.0	0.0	0.0	0.0	0.0	0.0	0.0	0.0	0.0	0.0	0.0	0.0	0.0	0.0
0.0	0.0	0.0	0.0	0.0	0.0	0.0	0.0	0.0	0.0	2.1400661635	0.0	0.0	0.0	0.0	0.0
0.0	0.0	0.0	0.0	0.0	0.0	0.0	0.0	0.0	0.0	2.1400661635	0.0	0.0	0.0	0.0	0.0
0.0	0.0	1.73460105539	0.0	0.0	0.0	0.0	0.0	0.0	0.0	0.0	1.73460105539	0.0	0.0	0.0	0.0
0.0	0.0	0.0	0.0	0.0	0.0	0.0	0.0	0.0	0.0	2.1400661635	0.0	0.0	0.0	0.0	0.0
0.0	0.0	0.0	0.0	0.0	0.0	0.0	0.0	0.0	0.0	0.0	0.0	0.0	0.0	2.1400661635	0.0
0.0	0.0	0.0	0.0	2.1400661635	0.0	0.0	0.0	0.0	0.0	0.0	0.0	0.0	0.0	0.0	0.0
0.0	0.0	0.0	0.0	0.0	0.0	0.0	0.0	0.0	0.0	2.1400661635	0.0	0.0	0.0	0.0	0.0
0.0	0.0	0.0	2.1400661635	0.0	0.0	0.0	0.0	0.0	0.0	0.0	0.0	0.0	0.0	0.0	0.0
0.0	0.0	1.44691898294	0.0	0.0	0.0	0.0	1.44691898294	0.0	0.0	0.0	1.44691898294	0.0	0.0	0.0	0.0
0.0	0.0	0.0	0.0	0.0	0.0	0.0	0.0	0.0	0.0	0.0	0.0	0.0	2.1400661635	0.0	0.0
0.0	0.0	0.0	0.0	0.0	0.0	0.0	0.0	0.0	0.0	0.0	0.0	0.0	0.0	2.1400661635	0.0
0.0	0.0	0.0	0.0	0.0	0.0	0.0	0.0	0.0	0.0	0.0	0.0	0.0	0.0	0.0	2.1400661635
0.0	0.0	0.0	0.0	0.0	0.0	0.0	0.0	0.0	0.0	0.0	0.0	0.0	0.0	0.0	4.28013232699
0.0	0.0	0.0	2.1400661635	0.0	0.0	0.0	0.0	0.0	0.0	0.0	0.0	0.0	0.0	0.0	0.0
0.0	0.0	0.0	0.0	0.0	0.0	0.0	0.0	2.1400661635	0.0	0.0	0.0	0.0	0.0	0.0	0.0
0.0	0.0	0.0	0.0	0.0	0.0	0.0	0.0	2.1400661635	0.0	0.0	0.0	0.0	0.0	0.0	0.0
0.0	0.0	0.0	0.0	0.0	0.0	0.0	0.0	0.0	2.1400661635	0.0	0.0	0.0	0.0	0.0	0.0
0.0	0.0	2.1400661635	0.0	0.0	0.0	0.0	0.0	0.0	0.0	0.0	0.0	0.0	0.0	0.0	0.0
0.0	4.28013232699	0.0	0.0	0.0	0.0	0.0	0.0	0.0	0.0	0.0	0.0	0.0	0.0	0.0	0.0
0.0	4.28013232699	0.0	0.0	0.0	0.0	0.0	0.0	0.0	0.0	0.0	0.0	0.0	0.0	0.0	0.0
0.0	0.0	0.0	0.0	0.0	0.0	0.0	0.0	1.73460105539	0.0	0.0	0.0	0.0	0.0	1.73460105539	0.0
0.0	0.0	0.0	0.0	0.0	0.0	0.0	0.0	0.0	0.0	0.0	0.0	0.0	4.28013232699	0.0	0.0
0.0	0.0	1.77460639	0.0	1.77460639	0.887303195001	0.887303195001	0.0	0.0	0.0	0.0	2.661909585	0.0	0.0	0.887303195001	0.0
0.0	0.0	0.0	0.0	0.0	0.0	0.0	0.0	0.0	0.0	2.1400661635	0.0	0.0	0.0	0.0	0.0
0.0	0.0	0.0	0.0	0.0	0.0	0.0	0.0	2.1400661635	0.0	0.0	0.0	0.0	0.0	0.0	0.0
0.0	0.0	0.0	0.0	0.0	0.0	0.0	0.0	0.0	0.0	4.28013232699	0.0	0.0	0.0	0.0	0.0
0.0	0.0	0.0	0.0	0.0	0.0	0.0	0.0	0.0	0.0	2.1400661635	0.0	0.0	0.0	0.0	0.0
0.0	0.0	0.0	0.0	0.0	1.73460105539	0.0	3.46920211078	0.0	0.0	0.0	0.0	0.0	0.0	0.0	0.0
0.0	0.0	0.0	0.0	0.0	0.0	0.0	0.0	0.0	0.0	0.0	0.0	0.0	0.0	2.1400661635	0.0
0.0	0.0	0.0	0.0	0.0	0.0	0.0	0.0	0.0	2.1400661635	0.0	0.0	0.0	0.0	0.0	0.0
0.0	0.0	1.44691898294	0.0	0.0	0.0	0.0	1.44691898294	0.0	0.0	0.0	1.44691898294	0.0	0.0	0.0	0.0
0.0	0.0	0.0	0.0	0.0	0.0	0.0	0.0	0.0	0.0	0.0	0.0	0.0	2.1400661635	0.0	0.0
0.0	0.0	0.0	0.0	0.0	0.0	0.0	0.0	2.1400661635	0.0	0.0	0.0	0.0	0.0	0.0	0.0
0.0	0.0	0.0	0.0	0.0	0.0	0.0	0.0	0.0	0.0	0.0	0.0	2.1400661635	0.0	0.0	0.0
0.0	0.0	0.0	0.0	0.0	0.0	1.73460105539	0.0	0.0	0.0	3.46920211078	0.0	0.0	0.0	0.0	0.0
0.0	0.0	0.0	0.0	0.0	0.0	0.0	0.0	0.0	0.0	6.42019849049	0.0	0.0	0.0	0.0	0.0
0.0	0.0	0.0	0.0	0.0	0.0	0.0	0.0	0.0	0.0	2.1400661635	0.0	0.0	0.0	0.0	0.0
0.0	0.0	0.0	0.0	0.0	2.1400661635	0.0	0.0	0.0	0.0	0.0	0.0	0.0	0.0	0.0	0.0
0.0	0.0	0.0	0.0	0.0	0.0	0.0	0.0	0.0	0.0	0.0	2.1400661635	0.0	0.0	0.0	0.0
0.0	0.0	0.0	0.0	0.0	0.0	0.0	0.0	0.0	0.0	0.0	0.0	0.0	4.28013232699	0.0	0.0
0.0	0.0	0.0	0.0	0.0	0.0	0.0	0.0	0.0	0.0	2.1400661635	0.0	0.0	0.0	0.0	0.0
0.0	0.0	1.44691898294	0.0	0.0	0.0	0.0	0.0	1.44691898294	0.0	0.0	1.44691898294	0.0	0.0	0.0	0.0
0.0	0.0	1.44691898294	0.0	1.44691898294	0.0	0.0	0.0	0.0	0.0	0.0	1.44691898294	0.0	0.0	0.0	0.0
0.0	0.0	0.0	0.0	0.0	0.0	0.0	0.0	0.0	0.0	0.0	2.1400661635	0.0	0.0	0.0	0.0
0.0	0.0	0.0	0.0	0.0	0.0	4.28013232699	0.0	0.0	0.0	0.0	0.0	0.0	0.0	0.0	0.0
0.0	1.73460105539	0.0	0.0	0.0	0.0	0.0	0.0	0.0	0.0	0.0	0.0	0.0	0.0	0.0	1.73460105539
0.0	0.0	0.0	0.0	0.0	2.1400661635	0.0	0.0	0.0	0.0	0.0	0.0	0.0	0.0	0.0	0.0
0.0	0.0	0.0	0.0	0.0	0.0	0.0	0.0	0.0	0.0	0.0	0.0	0.0	2.1400661635	0.0	0.0
0.0	0.0	0.0	0.0	0.0	0.0	0.0	0.0	0.0	0.0	0.0	0.0	0.0	2.1400661635	0.0	0.0
0.0	0.0	0.0	0.0	0.0	0.0	0.0	0.0	0.0	0.0	2.1400661635	0.0	0.0	0.0	0.0	0.0
0.0	0.0	0.0	0.0	0.0	0.0	0.0	0.0	2.1400661635	0.0	0.0	0.0	0.0	0.0	0.0	0.0
0.0	0.0	0.0	0.0	0.0	0.0	0.0	0.0	0.0	0.0	2.1400661635	0.0	0.0	0.0	0.0	0.0
0.0	0.0	0.0	0.0	0.0	0.0	0.0	0.0	0.0	0.0	0.0	0.0	0.0	2.1400661635	0.0	0.0
0.0	0.0	0.0	0.0	0.0	0.0	0.0	0.0	2.1400661635	0.0	0.0	0.0	0.0	0.0	0.0	0.0
0.0	0.0	1.44691898294	1.44691898294	0.0	0.0	0.0	0.0	0.0	0.0	0.0	1.44691898294	0.0	0.0	0.0	0.0
0.0	2.12251300425	2.12251300425	0.0	0.530628251062	1.06125650212	0.530628251062	4.2450260085	0.0	0.0	0.0	2.12251300425	0.0	0.0	1.06125650212	2.12251300425
0.0	0.0	0.0	0.0	0.0	2.1400661635	0.0	0.0	0.0	0.0	0.0	0.0	0.0	0.0	0.0	0.0
0.0	0.0	1.73460105539	0.0	0.0	0.0	0.0	0.0	0.0	0.0	0.0	1.73460105539	0.0	0.0	0.0	0.0
0.0	0.0	0.0	0.0	0.0	2.1400661635	0.0	0.0	0.0	0.0	0.0	0.0	0.0	0.0	0.0	0.0
0.0	0.0	0.0	0.0	0.0	0.0	2.1400661635	0.0	0.0	0.0	0.0	0.0	0.0	0.0	0.0	0.0
0.0	0.0	0.0	0.0	0.0	0.0	2.1400661635	0.0	0.0	0.0	0.0	0.0	0.0	0.0	0.0	0.0
0.0	0.0	0.0	0.0	0.0	0.0	0.0	0.0	0.0	0.0	0.0	0.0	0.0	2.1400661635	0.0	0.0
0.0	0.0	1.06125650212	1.06125650212	0.530628251062	0.530628251062	0.0	2.12251300425	0.0	0.0	0.0	1.59188475319	0.530628251062	0.0	1.59188475319	1.06125650212
0.0	0.0	0.0	0.0	0.0	0.0	0.0	0.0	2.1400661635	0.0	0.0	0.0	0.0	0.0	0.0	0.0
0.0	0.0	0.0	0.0	0.0	0.0	0.0	0.0	0.0	0.0	0.0	0.0	2.1400661635	0.0	0.0	0.0
0.0	0.0	0.0	0.0	2.89383796587	0.0	1.44691898294	0.0	0.0	0.0	0.0	0.0	0.0	0.0	0.0	1.44691898294
0.0	0.0	0.0	0.0	0.0	0.0	0.0	0.0	0.0	0.0	12.840396981	0.0	0.0	0.0	0.0	0.0
0.0	0.0	0.0	0.0	0.0	0.0	0.0	1.73460105539	0.0	0.0	3.46920211078	0.0	0.0	0.0	0.0	0.0
2.1400661635	0.0	0.0	0.0	0.0	0.0	0.0	0.0	0.0	0.0	0.0	0.0	0.0	0.0	0.0	0.0
0.0	0.0	0.0	0.0	0.0	0.0	0.0	0.0	0.0	0.0	2.1400661635	0.0	0.0	0.0	0.0	0.0
0.0	0.0	0.0	0.0	0.0	0.0	0.0	0.0	0.0	0.0	2.1400661635	0.0	0.0	0.0	0.0	0.0
0.0	0.0	0.0	0.0	0.0	0.0	0.0	0.0	0.0	0.0	0.0	0.0	0.0	2.1400661635	0.0	0.0
0.0	0.0	0.0	0.0	0.0	0.0	0.0	0.0	0.0	0.0	0.0	0.0	0.0	2.1400661635	0.0	0.0
0.0	0.0	0.0	0.0	1.73460105539	0.0	0.0	3.46920211078	0.0	0.0	0.0	0.0	0.0	0.0	0.0	0.0
0.0	0.0	0.0	0.0	0.0	0.0	0.0	0.0	0.0	0.0	0.0	0.0	0.0	2.1400661635	0.0	0.0
0.0	0.0	0.0	0.0	0.0	0.0	0.0	0.0	0.0	0.0	0.0	0.0	0.0	2.1400661635	0.0	0.0
0.0	0.0	0.0	0.0	0.0	0.0	0.0	0.0	0.0	0.0	4.28013232699	0.0	0.0	0.0	0.0	0.0
0.0	0.0	0.0	0.0	0.0	0.0	0.0	0.0	0.0	0.0	0.0	0.0	0.0	2.1400661635	0.0	0.0
0.0	0.0	0.0	0.0	0.0	0.0	0.0	0.0	0.0	0.0	2.1400661635	0.0	0.0	0.0	0.0	0.0
0.0	0.0	0.0	0.0	0.0	0.0	0.0	0.0	0.0	0.0	4.28013232699	0.0	0.0	0.0	0.0	0.0
0.0	1.22377543162	1.22377543162	0.0	0.0	1.22377543162	0.0	0.0	0.0	0.0	0.0	1.22377543162	0.0	0.0	0.0	0.0
0.0	0.0	0.0	0.0	0.0	0.0	1.73460105539	0.0	0.0	0.0	0.0	0.0	0.0	0.0	0.0	1.73460105539
0.0	0.0	0.0	0.0	0.0	0.0	0.0	0.0	0.0	0.0	0.0	0.0	0.0	0.0	2.1400661635	0.0
0.0	0.0	0.0	0.0	2.1400661635	0.0	0.0	0.0	0.0	0.0	0.0	0.0	0.0	0.0	0.0	0.0
0.0	0.0	0.0	0.0	0.0	0.0	0.0	0.0	0.0	0.0	4.28013232699	0.0	0.0	0.0	0.0	0.0
0.0	0.0	0.0	0.0	2.1400661635	0.0	0.0	0.0	0.0	0.0	0.0	0.0	0.0	0.0	0.0	0.0
0.0	0.0	0.0	0.0	1.73460105539	1.73460105539	0.0	0.0	0.0	0.0	0.0	0.0	0.0	0.0	0.0	0.0
0.0	0.0	0.0	0.0	0.0	0.0	0.0	0.0	0.0	0.0	2.1400661635	0.0	0.0	0.0	0.0	0.0
0.0	0.0	0.0	0.0	0.0	0.0	0.0	0.0	2.1400661635	0.0	0.0	0.0	0.0	0.0	0.0	0.0
0.0	0.0	0.0	0.0	0.0	0.0	0.0	0.0	0.0	2.1400661635	0.0	0.0	0.0	0.0	0.0	0.0
0.0	0.0	0.0	0.0	2.1400661635	0.0	0.0	0.0	0.0	0.0	0.0	0.0	0.0	0.0	0.0	0.0
0.0	0.0	0.0	0.0	0.0	0.0	0.0	0.0	0.0	0.0	0.0	0.0	0.0	0.0	2.1400661635	0.0
0.0	0.0	0.0	0.0	0.0	0.0	0.0	0.0	2.1400661635	0.0	0.0	0.0	0.0	0.0	0.0	0.0
0.0	0.0	0.0	2.1400661635	0.0	0.0	0.0	0.0	0.0	0.0	0.0	0.0	0.0	0.0	0.0	0.0
0.0	0.0	0.530628251062	0.530628251062	0.530628251062	0.0	0.530628251062	0.0	0.0	0.530628251062	1.59188475319	0.530628251062	0.0	1.59188475319	0.0	0.530628251062
0.0	0.0	0.0	2.1400661635	0.0	0.0	0.0	0.0	0.0	0.0	0.0	0.0	0.0	0.0	0.0	0.0
2.1400661635	0.0	0.0	0.0	0.0	0.0	0.0	0.0	0.0	0.0	0.0	0.0	0.0	0.0	0.0	0.0
0.0	0.0	0.0	0.0	0.0	0.0	0.0	0.0	0.0	0.0	0.0	0.0	0.0	0.0	1.73460105539	1.73460105539
0.0	0.0	0.0	0.0	2.1400661635	0.0	0.0	0.0	0.0	0.0	0.0	0.0	0.0	0.0	0.0	0.0
0.0	0.0	0.0	0.0	0.0	0.0	0.0	1.22377543162	1.22377543162	0.0	1.22377543162	0.0	0.0	0.0	2.44755086324	0.0
0.0	0.0	0.0	0.0	0.0	0.0	0.0	0.0	0.0	0.0	2.1400661635	0.0	0.0	0.0	0.0	0.0
0.0	0.0	0.887303195001	0.0	0.0	0.0	0.887303195001	0.887303195001	0.0	0.0	0.0	0.887303195001	0.887303195001	0.0	0.887303195001	0.0
0.0	2.1400661635	0.0	0.0	0.0	0.0	0.0	0.0	0.0	0.0	0.0	0.0	0.0	0.0	0.0	0.0
0.0	2.1400661635	0.0	0.0	0.0	0.0	0.0	0.0	0.0	0.0	0.0	0.0	0.0	0.0	0.0	0.0
0.0	0.0	0.0	0.0	2.1400661635	0.0	0.0	0.0	0.0	0.0	0.0	0.0	0.0	0.0	0.0	0.0
0.0	0.0	0.0	0.0	0.0	0.0	0.0	0.0	0.0	0.0	0.0	0.0	0.0	2.1400661635	0.0	0.0
0.0	0.0	0.0	0.0	0.0	2.1400661635	0.0	0.0	0.0	0.0	0.0	0.0	0.0	0.0	0.0	0.0
0.0	0.0	1.44691898294	0.0	0.0	0.0	0.0	0.0	1.44691898294	0.0	0.0	1.44691898294	0.0	0.0	0.0	0.0
0.0	0.0	0.0	1.73460105539	0.0	0.0	0.0	0.0	0.0	0.0	1.73460105539	0.0	0.0	0.0	0.0	0.0
0.0	0.0	2.44755086324	0.0	1.22377543162	0.0	0.0	0.0	0.0	0.0	1.22377543162	2.44755086324	0.0	0.0	0.0	0.0
0.0	0.0	0.0	0.0	0.0	0.0	2.1400661635	0.0	0.0	0.0	0.0	0.0	0.0	0.0	0.0	0.0
0.0	0.0	0.0	0.0	0.0	0.0	0.0	0.0	0.0	0.0	2.1400661635	0.0	0.0	0.0	0.0	0.0
2.1400661635	0.0	0.0	0.0	0.0	0.0	0.0	0.0	0.0	0.0	0.0	0.0	0.0	0.0	0.0	0.0
0.0	0.0	0.0	0.0	0.0	2.1400661635	0.0	0.0	0.0	0.0	0.0	0.0	0.0	0.0	0.0	0.0
0.0	2.1400661635	0.0	0.0	0.0	0.0	0.0	0.0	0.0	0.0	0.0	0.0	0.0	0.0	0.0	0.0
0.0	0.0	0.0	0.0	0.0	0.0	0.0	0.0	0.0	0.0	1.73460105539	0.0	0.0	0.0	0.0	1.73460105539
0.0	0.0	0.0	0.0	0.0	2.1400661635	0.0	0.0	0.0	0.0	0.0	0.0	0.0	0.0	0.0	0.0
0.0	0.0	0.63598876672	0.63598876672	0.0	0.0	0.63598876672	0.63598876672	0.0	0.0	0.63598876672	0.63598876672	0.0	0.63598876672	0.63598876672	0.0
0.0	0.0	0.0	0.0	2.1400661635	0.0	0.0	0.0	0.0	0.0	0.0	0.0	0.0	0.0	0.0	0.0
1.22377543162	1.22377543162	1.22377543162	0.0	0.0	0.0	0.0	0.0	1.22377543162	0.0	0.0	0.0	0.0	0.0	0.0	0.0
0.0	0.0	0.0	0.0	0.0	0.0	0.0	0.0	0.0	2.1400661635	0.0	0.0	0.0	0.0	0.0	0.0
0.0	0.0	0.0	0.0	0.0	0.0	0.0	0.0	0.0	0.0	2.1400661635	0.0	0.0	0.0	0.0	0.0
0.0	0.0	0.0	0.0	0.0	0.0	0.0	0.0	0.0	0.0	1.73460105539	0.0	0.0	1.73460105539	0.0	0.0
0.0	2.1400661635	0.0	0.0	0.0	0.0	0.0	0.0	0.0	0.0	0.0	0.0	0.0	0.0	0.0	0.0
0.0	0.0	0.0	0.0	0.0	0.0	0.0	0.0	0.0	0.0	0.0	0.0	0.0	0.0	2.1400661635	0.0
0.0	0.0	0.0	0.0	0.0	0.0	2.1400661635	0.0	0.0	0.0	0.0	0.0	0.0	0.0	0.0	0.0
0.0	0.0	0.0	0.0	0.0	0.0	0.0	0.0	0.0	0.0	0.0	0.0	0.0	2.1400661635	0.0	0.0
0.0	1.73460105539	0.0	0.0	0.0	0.0	0.0	0.0	0.0	0.0	0.0	0.0	0.0	0.0	1.73460105539	0.0
0.0	0.0	0.0	0.0	0.0	0.0	0.0	0.0	0.0	0.0	2.1400661635	0.0	0.0	0.0	0.0	0.0
0.0	3.46920211078	0.0	0.0	0.0	0.0	0.0	0.0	0.0	0.0	0.0	0.0	0.0	3.46920211078	0.0	0.0
0.0	0.0	0.0	0.0	0.0	0.0	4.28013232699	0.0	0.0	0.0	0.0	0.0	0.0	0.0	0.0	0.0
