0.0	0.0	0.0	0.0	0.0	0.0	0.0	0.0	0.0	0.0	0.0	0.0	0.0	6.42019849049	0.0	0.0
1.22377543162	0.0	0.0	0.0	0.0	1.22377543162	1.22377543162	0.0	0.0	0.0	0.0	0.0	0.0	0.0	0.0	2.44755086324
0.0	0.0	0.0	0.0	0.0	0.0	0.0	0.0	2.1400661635	0.0	0.0	0.0	0.0	0.0	0.0	0.0
0.0	0.0	0.0	0.0	0.0	0.0	0.0	0.0	6.42019849049	0.0	0.0	0.0	0.0	0.0	0.0	0.0
0.0	1.44691898294	0.0	0.0	0.0	0.0	0.0	0.0	0.0	1.44691898294	0.0	1.44691898294	0.0	0.0	0.0	0.0
0.0	0.0	0.0	0.0	0.0	0.0	0.0	0.0	0.0	0.0	0.0	0.0	0.0	1.73460105539	1.73460105539	0.0
0.0	0.0	0.0	0.0	0.0	0.0	0.0	0.0	2.1400661635	0.0	0.0	0.0	0.0	0.0	0.0	0.0
0.0	0.0	0.0	0.0	0.0	0.0	0.0	0.0	0.0	0.0	0.0	0.0	0.0	0.0	2.1400661635	0.0
0.0	0.0	0.0	0.0	0.0	0.0	0.0	1.44691898294	0.0	0.0	0.0	5.78767593175	0.0	0.0	1.44691898294	0.0
0.0	0.0	0.0	0.0	0.0	0.0	0.0	0.0	0.0	2.1400661635	0.0	0.0	0.0	0.0	0.0	0.0
0.0	0.0	0.0	0.0	0.0	0.0	0.0	2.1400661635	0.0	0.0	0.0	0.0	0.0	0.0	0.0	0.0
1.22377543162	1.22377543162	0.0	0.0	0.0	0.0	2.44755086324	0.0	0.0	0.0	0.0	0.0	0.0	0.0	0.0	3.67132629487
0.0	0.0	0.0	0.0	0.0	0.0	0.0	0.0	0.0	0.0	0.0	0.0	2.1400661635	0.0	0.0	0.0
2.1400661635	0.0	0.0	0.0	0.0	0.0	0.0	0.0	0.0	0.0	0.0	0.0	0.0	0.0	0.0	0.0
0.0	0.0	0.0	0.0	0.0	0.0	0.0	0.0	0.0	2.1400661635	0.0	0.0	0.0	0.0	0.0	0.0
1.73460105539	0.0	1.73460105539	0.0	0.0	0.0	0.0	0.0	0.0	0.0	0.0	0.0	0.0	0.0	0.0	0.0
0.0	2.1400661635	0.0	0.0	0.0	0.0	0.0	0.0	0.0	0.0	0.0	0.0	0.0	0.0	0.0	0.0
0.0	0.0	0.0	0.0	0.0	0.0	0.0	1.73460105539	0.0	0.0	0.0	1.73460105539	0.0	0.0	0.0	0.0
2.89383796587	1.44691898294	0.0	0.0	0.0	0.0	0.0	0.0	0.0	0.0	0.0	0.0	0.0	5.78767593175	0.0	0.0
0.0	0.0	0.0	0.0	0.0	0.0	0.0	0.0	6.42019849049	0.0	0.0	0.0	0.0	0.0	0.0	0.0
0.0	0.0	0.0	0.0	2.1400661635	0.0	0.0	0.0	0.0	0.0	0.0	0.0	0.0	0.0	0.0	0.0
2.1400661635	0.0	0.0	0.0	0.0	0.0	0.0	0.0	0.0	0.0	0.0	0.0	0.0	0.0	0.0	0.0
0.0	0.0	0.0	0.0	0.0	0.0	0.0	0.0	0.0	0.0	0.0	0.0	0.0	4.28013232699	0.0	0.0
0.0	0.0	0.0	0.0	0.0	0.0	0.0	0.0	0.0	0.0	0.0	0.0	0.0	2.1400661635	0.0	0.0
0.0	0.0	0.0	0.0	0.0	0.0	0.0	0.0	0.0	0.0	2.1400661635	0.0	0.0	0.0	0.0	0.0
0.0	0.0	0.0	0.0	0.0	4.28013232699	0.0	0.0	0.0	0.0	0.0	0.0	0.0	0.0	0.0	0.0
0.0	0.0	0.0	0.0	0.0	0.0	1.73460105539	0.0	0.0	0.0	0.0	0.0	0.0	0.0	0.0	1.73460105539
0.0	0.0	0.0	0.0	0.0	0.0	4.28013232699	0.0	0.0	0.0	0.0	0.0	0.0	0.0	0.0	0.0
0.0	0.0	0.0	0.0	2.1400661635	0.0	0.0	0.0	0.0	0.0	0.0	0.0	0.0	0.0	0.0	0.0
0.0	0.0	0.0	0.0	0.0	0.0	0.0	0.0	0.0	0.0	0.0	0.0	2.1400661635	0.0	0.0	0.0
0.0	0.0	0.0	0.0	0.0	0.0	0.0	0.0	0.0	0.0	0.0	2.1400661635	0.0	0.0	0.0	0.0
0.0	1.44691898294	0.0	0.0	0.0	0.0	1.44691898294	0.0	0.0	0.0	0.0	0.0	0.0	0.0	0.0	1.44691898294
0.0	0.0	0.0	0.0	0.0	0.0	0.0	2.1400661635	0.0	0.0	0.0	0.0	0.0	0.0	0.0	0.0
0.0	0.0	0.0	0.0	0.0	0.0	1.44691898294	0.0	0.0	0.0	0.0	0.0	0.0	2.89383796587	0.0	1.44691898294
0.0	0.0	0.0	0.0	4.28013232699	0.0	0.0	0.0	0.0	0.0	0.0	0.0	0.0	0.0	0.0	0.0
0.0	0.0	0.0	0.0	0.0	0.0	0.0	0.0	0.0	0.0	0.0	2.1400661635	0.0	0.0	0.0	0.0
0.0	0.0	2.1400661635	0.0	0.0	0.0	0.0	0.0	0.0	0.0	0.0	0.0	0.0	0.0	0.0	0.0
0.0	0.0	0.0	0.0	0.0	0.0	0.0	0.0	0.0	0.0	0.0	0.0	0.0	0.0	0.0	2.1400661635
0.0	0.0	0.0	0.0	0.0	0.0	1.73460105539	0.0	0.0	0.0	0.0	0.0	0.0	0.0	0.0	1.73460105539
1.22377543162	0.0	0.0	0.0	0.0	2.44755086324	0.0	0.0	0.0	0.0	0.0	1.22377543162	0.0	0.0	0.0	3.67132629487
0.0	0.0	0.0	0.0	0.0	0.0	0.0	0.0	2.1400661635	0.0	0.0	0.0	0.0	0.0	0.0	0.0
1.73460105539	0.0	1.73460105539	0.0	0.0	0.0	0.0	0.0	0.0	0.0	0.0	0.0	0.0	0.0	0.0	0.0
0.0	0.0	0.0	0.0	0.0	0.0	1.73460105539	0.0	0.0	0.0	0.0	0.0	0.0	0.0	0.0	1.73460105539
0.0	0.0	0.0	0.0	0.0	0.0	4.28013232699	0.0	0.0	0.0	0.0	0.0	0.0	0.0	0.0	0.0
0.0	0.0	0.0	0.0	0.0	0.0	0.0	1.22377543162	1.22377543162	0.0	0.0	1.22377543162	0.0	1.22377543162	0.0	0.0
0.0	0.0	0.0	0.0	0.0	0.0	2.89383796587	0.0	0.0	0.0	0.0	0.0	0.0	4.34075694881	0.0	2.89383796587
0.0	0.0	0.0	0.0	0.0	0.0	0.0	0.0	0.0	0.0	0.0	0.0	0.0	2.1400661635	0.0	0.0
0.0	0.0	0.0	0.0	0.0	0.0	2.1400661635	0.0	0.0	0.0	0.0	0.0	0.0	0.0	0.0	0.0
0.0	0.0	1.73460105539	0.0	1.73460105539	0.0	0.0	0.0	0.0	0.0	0.0	0.0	0.0	0.0	0.0	0.0
0.0	0.0	0.0	0.0	0.0	2.89383796587	0.0	0.0	1.44691898294	0.0	0.0	0.0	0.0	4.34075694881	0.0	0.0
0.0	0.0	0.0	0.0	0.0	2.1400661635	0.0	0.0	0.0	0.0	0.0	0.0	0.0	0.0	0.0	0.0
1.73460105539	0.0	1.73460105539	0.0	0.0	0.0	0.0	0.0	0.0	0.0	0.0	0.0	0.0	0.0	0.0	0.0
0.0	0.0	0.0	0.0	0.0	0.0	0.0	0.0	1.22377543162	0.0	1.22377543162	0.0	0.0	1.22377543162	1.22377543162	0.0
0.0	0.0	0.0	0.0	0.0	0.0	0.0	0.0	0.0	0.0	0.0	0.0	0.0	0.0	0.0	2.1400661635
0.0	0.0	0.0	0.0	0.0	0.0	0.0	0.0	2.1400661635	0.0	0.0	0.0	0.0	0.0	0.0	0.0
0.0	3.46920211078	0.0	0.0	0.0	0.0	0.0	0.0	0.0	0.0	0.0	0.0	0.0	0.0	1.73460105539	0.0
0.0	0.0	0.0	0.0	0.0	0.0	1.73460105539	0.0	0.0	0.0	0.0	0.0	0.0	0.0	0.0	1.73460105539
0.0	0.0	0.0	0.0	1.73460105539	0.0	0.0	0.0	0.0	0.0	1.73460105539	0.0	0.0	0.0	0.0	0.0
0.0	0.0	0.0	0.0	0.0	0.0	0.0	0.0	0.0	2.1400661635	0.0	0.0	0.0	0.0	0.0	0.0
2.1400661635	0.0	0.0	0.0	0.0	0.0	0.0	0.0	0.0	0.0	0.0	0.0	0.0	0.0	0.0	0.0
0.0	0.0	0.0	0.0	0.0	2.1400661635	0.0	0.0	0.0	0.0	0.0	0.0	0.0	0.0	0.0	0.0
4.28013232699	0.0	0.0	0.0	0.0	0.0	0.0	0.0	0.0	0.0	0.0	0.0	0.0	0.0	0.0	0.0
0.0	0.0	0.0	0.0	0.0	0.0	0.0	0.0	0.0	0.0	2.1400661635	0.0	0.0	0.0	0.0	0.0
0.0	0.0	0.0	0.0	0.0	0.0	0.0	0.0	0.0	0.0	0.0	0.0	0.0	2.1400661635	0.0	0.0
0.0	0.0	0.0	0.0	0.0	2.1400661635	0.0	0.0	0.0	0.0	0.0	0.0	0.0	0.0	0.0	0.0
0.0	0.0	2.1400661635	0.0	0.0	0.0	0.0	0.0	0.0	0.0	0.0	0.0	0.0	0.0	0.0	0.0
0.0	0.0	0.0	0.0	0.0	0.0	0.0	0.0	0.0	0.0	0.0	1.73460105539	0.0	0.0	1.73460105539	0.0
0.0	0.0	0.0	0.0	0.0	0.0	0.0	1.73460105539	0.0	0.0	0.0	1.73460105539	0.0	0.0	0.0	0.0
0.0	0.0	1.73460105539	0.0	0.0	0.0	0.0	5.20380316616	0.0	0.0	0.0	0.0	0.0	0.0	0.0	0.0
0.0	0.0	0.0	0.0	0.0	0.0	1.44691898294	0.0	0.0	0.0	5.78767593175	0.0	0.0	0.0	0.0	1.44691898294
1.73460105539	0.0	0.0	0.0	0.0	0.0	0.0	0.0	1.73460105539	0.0	0.0	0.0	0.0	0.0	0.0	0.0
3.46920211078	0.0	1.73460105539	0.0	0.0	0.0	0.0	0.0	0.0	0.0	0.0	0.0	0.0	0.0	0.0	0.0
0.0	0.0	0.0	0.0	0.0	0.0	0.0	2.1400661635	0.0	0.0	0.0	0.0	0.0	0.0	0.0	0.0
0.0	0.0	0.0	0.0	0.0	0.0	0.0	0.0	0.0	0.0	0.0	2.1400661635	0.0	0.0	0.0	0.0
0.0	2.1400661635	0.0	0.0	0.0	0.0	0.0	0.0	0.0	0.0	0.0	0.0	0.0	0.0	0.0	0.0
0.0	0.0	0.0	0.0	0.0	0.0	0.0	0.0	1.73460105539	0.0	0.0	0.0	0.0	1.73460105539	0.0	0.0
0.0	0.0	0.0	0.0	0.0	0.0	0.0	0.0	0.0	0.0	0.0	0.0	0.0	0.0	0.0	2.1400661635
0.0	0.0	0.0	0.0	0.0	0.0	0.0	0.0	0.0	0.0	0.0	0.0	0.0	0.0	0.0	2.1400661635
0.0	0.0	0.0	0.0	0.0	0.0	1.73460105539	0.0	0.0	0.0	0.0	0.0	0.0	0.0	0.0	1.73460105539
0.0	2.1400661635	0.0	0.0	0.0	0.0	0.0	0.0	0.0	0.0	0.0	0.0	0.0	0.0	0.0	0.0
0.0	0.0	0.0	0.0	0.0	0.0	0.0	0.0	4.28013232699	0.0	0.0	0.0	0.0	0.0	0.0	0.0
1.22377543162	0.0	1.22377543162	0.0	0.0	0.0	7.34265258973	0.0	0.0	0.0	0.0	0.0	0.0	0.0	0.0	11.0139788846
0.0	1.44691898294	1.44691898294	0.0	0.0	0.0	0.0	0.0	1.44691898294	0.0	0.0	0.0	0.0	0.0	0.0	0.0
0.0	2.1400661635	0.0	0.0	0.0	0.0	0.0	0.0	0.0	0.0	0.0	0.0	0.0	0.0	0.0	0.0
0.0	0.0	0.0	0.0	0.0	0.0	0.0	0.0	0.0	2.1400661635	0.0	0.0	0.0	0.0	0.0	0.0
0.0	0.0	0.0	0.0	0.0	0.0	0.0	2.89383796587	0.0	0.0	0.0	7.23459491468	0.0	0.0	1.44691898294	0.0
0.0	1.73460105539	0.0	0.0	1.73460105539	0.0	0.0	0.0	0.0	0.0	0.0	0.0	0.0	0.0	0.0	0.0
0.0	0.0	0.0	0.0	0.0	0.0	1.73460105539	0.0	0.0	0.0	0.0	0.0	0.0	0.0	0.0	1.73460105539
0.0	0.0	0.0	0.0	0.0	0.0	0.0	0.0	0.0	2.1400661635	0.0	0.0	0.0	0.0	0.0	0.0
0.0	0.0	0.0	0.0	0.0	0.0	0.0	0.0	2.1400661635	0.0	0.0	0.0	0.0	0.0	0.0	0.0
0.0	0.0	0.0	0.0	0.0	0.0	0.0	2.1400661635	0.0	0.0	0.0	0.0	0.0	0.0	0.0	0.0
0.0	0.0	0.0	0.0	2.1400661635	0.0	0.0	0.0	0.0	0.0	0.0	0.0	0.0	0.0	0.0	0.0
1.22377543162	0.0	1.22377543162	0.0	0.0	0.0	0.0	2.44755086324	0.0	0.0	0.0	4.89510172649	0.0	0.0	0.0	0.0
0.0	0.0	0.0	0.0	0.0	0.0	0.0	0.0	0.0	0.0	0.0	2.1400661635	0.0	0.0	0.0	0.0
0.0	0.0	0.0	0.0	2.1400661635	0.0	0.0	0.0	0.0	0.0	0.0	0.0	0.0	0.0	0.0	0.0
0.0	0.0	0.0	0.0	0.0	0.0	0.0	0.0	0.0	0.0	0.0	0.0	0.0	0.0	2.1400661635	0.0
5.20380316616	0.0	1.73460105539	0.0	0.0	0.0	0.0	0.0	0.0	0.0	0.0	0.0	0.0	0.0	0.0	0.0
1.22377543162	0.0	1.22377543162	0.0	0.0	0.0	0.0	1.22377543162	0.0	0.0	0.0	2.44755086324	0.0	0.0	0.0	0.0
0.0	0.0	0.0	0.0	0.0	0.0	0.0	0.0	0.0	0.0	2.1400661635	0.0	0.0	0.0	0.0	0.0
0.0	0.0	0.0	0.0	2.1400661635	0.0	0.0	0.0	0.0	0.0	0.0	0.0	0.0	0.0	0.0	0.0
0.0	0.0	0.0	0.0	0.0	0.0	0.0	0.0	4.28013232699	0.0	0.0	0.0	0.0	0.0	0.0	0.0
0.0	0.0	0.0	0.0	2.1400661635	0.0	0.0	0.0	0.0	0.0	0.0	0.0	0.0	0.0	0.0	0.0
0.0	2.1400661635	0.0	0.0	0.0	0.0	0.0	0.0	0.0	0.0	0.0	0.0	0.0	0.0	0.0	0.0
1.27197753344	1.27197753344	0.63598876672	0.0	0.0	0.0	1.27197753344	0.63598876672	0.0	0.0	0.0	0.63598876672	0.0	0.0	0.63598876672	1.27197753344
0.0	0.0	0.0	0.0	0.0	0.0	0.0	0.0	0.0	0.0	0.0	2.1400661635	0.0	0.0	0.0	0.0
1.73460105539	0.0	0.0	0.0	0.0	1.73460105539	0.0	0.0	0.0	0.0	0.0	0.0	0.0	0.0	0.0	0.0
0.0	0.0	0.0	0.0	0.0	0.0	0.0	0.0	0.0	0.0	0.0	0.0	0.0	0.0	2.1400661635	0.0
0.0	0.0	0.0	0.0	0.0	0.0	0.0	0.0	0.0	0.0	0.0	0.0	0.0	6.42019849049	0.0	0.0
1.44691898294	0.0	1.44691898294	0.0	8.68151389762	0.0	0.0	0.0	0.0	0.0	0.0	0.0	0.0	0.0	0.0	0.0
0.0	0.0	0.0	0.0	0.0	0.0	0.0	0.0	0.0	0.0	0.0	0.0	0.0	0.0	2.1400661635	0.0
0.0	0.0	0.0	0.0	0.0	0.0	0.0	0.0	2.1400661635	0.0	0.0	0.0	0.0	0.0	0.0	0.0
0.0	0.0	0.0	0.0	2.1400661635	0.0	0.0	0.0	0.0	0.0	0.0	0.0	0.0	0.0	0.0	0.0
0.0	6.42019849049	0.0	0.0	0.0	0.0	0.0	0.0	0.0	0.0	0.0	0.0	0.0	0.0	0.0	0.0
0.0	0.0	0.0	0.0	0.0	0.0	0.0	0.0	2.1400661635	0.0	0.0	0.0	0.0	0.0	0.0	0.0
0.0	0.0	0.0	0.0	0.0	0.0	0.0	0.0	0.0	0.0	0.0	3.46920211078	0.0	1.73460105539	0.0	0.0
0.0	0.0	0.0	0.0	0.0	0.0	0.0	0.0	0.0	2.1400661635	0.0	0.0	0.0	0.0	0.0	0.0
0.0	0.0	0.0	0.0	2.1400661635	0.0	0.0	0.0	0.0	0.0	0.0	0.0	0.0	0.0	0.0	0.0
0.0	0.0	0.0	0.0	0.0	0.0	0.0	1.73460105539	0.0	0.0	0.0	1.73460105539	0.0	0.0	0.0	0.0
0.0	0.0	0.0	0.0	0.0	0.0	0.0	0.0	0.0	0.0	0.0	2.1400661635	0.0	0.0	0.0	0.0
0.0	0.0	0.0	0.0	0.0	0.0	0.0	0.0	0.0	0.0	0.0	0.0	0.0	2.1400661635	0.0	0.0
0.0	0.0	0.0	0.0	0.0	0.0	0.0	0.0	0.0	1.73460105539	0.0	0.0	0.0	1.73460105539	0.0	0.0
0.0	0.0	0.0	0.0	2.1400661635	0.0	0.0	0.0	0.0	0.0	0.0	0.0	0.0	0.0	0.0	0.0
0.0	0.0	0.0	0.0	6.42019849049	0.0	0.0	0.0	0.0	0.0	0.0	0.0	0.0	0.0	0.0	0.0
0.0	0.0	0.0	0.0	2.1400661635	0.0	0.0	0.0	0.0	0.0	0.0	0.0	0.0	0.0	0.0	0.0
0.0	0.0	0.0	0.0	1.73460105539	0.0	0.0	0.0	1.73460105539	0.0	0.0	0.0	0.0	0.0	0.0	0.0
1.73460105539	0.0	1.73460105539	0.0	0.0	0.0	0.0	0.0	0.0	0.0	0.0	0.0	0.0	0.0	0.0	0.0
0.0	0.0	0.0	0.0	0.0	0.0	1.44691898294	0.0	0.0	0.0	0.0	1.44691898294	0.0	0.0	0.0	1.44691898294
2.1400661635	0.0	0.0	0.0	0.0	0.0	0.0	0.0	0.0	0.0	0.0	0.0	0.0	0.0	0.0	0.0
0.0	0.0	0.0	0.0	0.0	0.0	0.0	0.0	0.0	0.0	0.0	2.1400661635	0.0	0.0	0.0	0.0
0.435318071258	0.435318071258	0.0	0.0	0.0	0.0	0.870636142516	0.435318071258	0.435318071258	0.870636142516	0.0	0.435318071258	0.0	0.435318071258	0.435318071258	0.870636142516
0.0	0.0	0.0	0.0	0.0	0.0	0.0	0.0	0.0	0.0	0.0	0.0	0.0	2.1400661635	0.0	0.0
0.0	0.0	0.0	0.0	0.0	0.0	0.0	0.0	0.0	0.0	0.0	0.0	0.0	2.1400661635	0.0	0.0
0.0	0.0	0.0	0.0	0.0	0.0	0.0	0.0	0.0	0.0	0.0	2.1400661635	0.0	0.0	0.0	0.0
0.0	0.0	0.0	0.0	0.0	0.0	0.0	0.0	0.0	0.0	0.0	0.0	0.0	2.1400661635	0.0	0.0
0.0	0.0	0.0	0.0	0.0	0.0	0.0	0.0	2.1400661635	0.0	0.0	0.0	0.0	0.0	0.0	0.0
0.0	6.42019849049	0.0	0.0	0.0	0.0	0.0	0.0	0.0	0.0	0.0	0.0	0.0	0.0	0.0	0.0
0.0	0.0	0.0	0.0	2.1400661635	0.0	0.0	0.0	0.0	0.0	0.0	0.0	0.0	0.0	0.0	0.0
0.0	0.0	0.0	0.0	0.0	0.0	0.0	2.1400661635	0.0	0.0	0.0	0.0	0.0	0.0	0.0	0.0
0.0	0.0	1.73460105539	0.0	0.0	0.0	0.0	0.0	0.0	0.0	0.0	1.73460105539	0.0	0.0	0.0	0.0
0.0	0.0	0.0	0.0	2.1400661635	0.0	0.0	0.0	0.0	0.0	0.0	0.0	0.0	0.0	0.0	0.0
0.0	0.0	0.0	0.0	0.0	0.0	0.0	0.0	0.0	0.0	0.0	0.0	0.0	2.1400661635	0.0	0.0
0.0	0.0	0.0	0.0	0.0	0.0	0.0	0.0	0.0	0.0	0.0	2.1400661635	0.0	0.0	0.0	0.0
0.0	0.0	0.0	0.0	0.0	0.0	0.0	0.0	0.0	2.1400661635	0.0	0.0	0.0	0.0	0.0	0.0
0.0	0.0	0.0	0.0	0.0	0.0	2.1400661635	0.0	0.0	0.0	0.0	0.0	0.0	0.0	0.0	0.0
0.0	0.0	0.0	0.0	0.0	0.0	1.44691898294	1.44691898294	0.0	0.0	0.0	0.0	0.0	0.0	0.0	1.44691898294
2.1400661635	0.0	0.0	0.0	0.0	0.0	0.0	0.0	0.0	0.0	0.0	0.0	0.0	0.0	0.0	0.0
0.0	0.0	0.0	0.0	0.0	0.0	0.0	0.0	0.0	0.0	0.0	0.0	0.0	0.0	0.0	2.1400661635
0.0	0.0	0.0	0.0	0.0	0.0	0.0	0.0	0.0	0.0	0.0	0.0	2.1400661635	0.0	0.0	0.0
0.0	2.1400661635	0.0	0.0	0.0	0.0	0.0	0.0	0.0	0.0	0.0	0.0	0.0	0.0	0.0	0.0
0.0	0.0	0.0	0.0	0.0	0.0	0.0	0.0	0.0	0.0	0.0	2.1400661635	0.0	0.0	0.0	0.0
1.04145387483	0.0	1.04145387483	0.0	0.0	0.0	1.04145387483	0.0	0.0	0.0	0.0	0.0	0.0	0.0	1.04145387483	1.04145387483
0.0	0.0	0.0	0.0	0.0	0.0	0.0	0.0	0.0	0.0	0.0	2.1400661635	0.0	0.0	0.0	0.0
0.0	0.0	0.0	0.0	0.0	0.0	0.0	0.0	0.0	0.0	0.0	0.0	0.0	2.1400661635	0.0	0.0
0.0	0.0	0.0	0.0	0.0	0.0	4.28013232699	0.0	0.0	0.0	0.0	0.0	0.0	0.0	0.0	0.0
0.0	0.0	0.0	0.0	0.0	0.0	0.0	1.73460105539	0.0	0.0	0.0	1.73460105539	0.0	0.0	0.0	0.0
0.0	0.0	0.0	0.0	0.0	0.0	0.0	0.0	2.1400661635	0.0	0.0	0.0	0.0	0.0	0.0	0.0
0.0	0.0	2.1400661635	0.0	0.0	0.0	0.0	0.0	0.0	0.0	0.0	0.0	0.0	0.0	0.0	0.0
0.0	0.0	0.0	0.0	0.0	0.0	0.0	2.1400661635	0.0	0.0	0.0	0.0	0.0	0.0	0.0	0.0
0.0	0.0	0.0	0.0	0.0	0.0	0.0	0.0	0.0	0.0	0.0	0.0	0.0	2.1400661635	0.0	0.0
0.0	0.0	0.0	0.0	0.0	2.1400661635	0.0	0.0	0.0	0.0	0.0	0.0	0.0	0.0	0.0	0.0
0.0	0.0	0.0	0.0	0.0	0.0	1.73460105539	0.0	0.0	0.0	0.0	0.0	0.0	0.0	0.0	1.73460105539
0.0	0.0	0.0	0.0	0.0	0.0	0.0	0.0	0.0	0.0	2.1400661635	0.0	0.0	0.0	0.0	0.0
0.0	0.0	2.1400661635	0.0	0.0	0.0	0.0	0.0	0.0	0.0	0.0	0.0	0.0	0.0	0.0	0.0
0.0	0.0	0.0	0.0	0.0	0.0	0.0	0.0	1.73460105539	0.0	0.0	0.0	0.0	1.73460105539	0.0	0.0
1.44691898294	0.0	0.0	0.0	0.0	0.0	0.0	1.44691898294	0.0	0.0	0.0	1.44691898294	0.0	0.0	0.0	0.0
0.0	0.0	0.0	0.0	0.0	0.0	0.0	0.0	0.0	2.1400661635	0.0	0.0	0.0	0.0	0.0	0.0
2.1400661635	0.0	0.0	0.0	0.0	0.0	0.0	0.0	0.0	0.0	0.0	0.0	0.0	0.0	0.0	0.0
2.1400661635	0.0	0.0	0.0	0.0	0.0	0.0	0.0	0.0	0.0	0.0	0.0	0.0	0.0	0.0	0.0
0.0	0.0	0.0	0.0	0.0	0.0	0.0	0.0	1.73460105539	0.0	0.0	0.0	0.0	1.73460105539	0.0	0.0
0.0	0.0	0.0	0.0	0.0	2.1400661635	0.0	0.0	0.0	0.0	0.0	0.0	0.0	0.0	0.0	0.0
0.0	0.0	0.0	0.0	0.0	0.0	0.0	0.0	0.0	0.0	0.0	0.0	2.1400661635	0.0	0.0	0.0
0.0	0.0	0.0	0.0	0.0	0.0	2.08290774966	0.0	0.0	1.04145387483	0.0	0.0	1.04145387483	0.0	1.04145387483	2.08290774966
0.0	0.0	0.0	0.0	0.0	2.1400661635	0.0	0.0	0.0	0.0	0.0	0.0	0.0	0.0	0.0	0.0
0.0	0.0	0.0	0.0	0.0	0.0	0.0	0.0	0.0	0.0	0.0	2.1400661635	0.0	0.0	0.0	0.0
0.0	0.0	0.0	0.0	0.0	1.04145387483	0.0	2.08290774966	0.0	0.0	0.0	2.08290774966	0.0	1.04145387483	1.04145387483	0.0
0.0	0.0	0.0	0.0	0.0	0.0	0.0	0.0	0.0	0.0	0.0	2.1400661635	0.0	0.0	0.0	0.0
0.0	0.0	0.0	0.0	0.0	0.0	2.1400661635	0.0	0.0	0.0	0.0	0.0	0.0	0.0	0.0	0.0
0.0	0.0	0.0	0.0	0.0	0.0	0.0	1.22377543162	2.44755086324	0.0	0.0	4.89510172649	0.0	1.22377543162	0.0	0.0
2.1400661635	0.0	0.0	0.0	0.0	0.0	0.0	0.0	0.0	0.0	0.0	0.0	0.0	0.0	0.0	0.0
0.0	0.0	2.1400661635	0.0	0.0	0.0	0.0	0.0	0.0	0.0	0.0	0.0	0.0	0.0	0.0	0.0
0.0	0.0	1.73460105539	0.0	0.0	0.0	0.0	0.0	0.0	0.0	0.0	0.0	0.0	0.0	0.0	1.73460105539
0.0	0.0	0.0	0.0	0.0	0.0	1.73460105539	0.0	0.0	0.0	0.0	0.0	0.0	0.0	0.0	1.73460105539
0.0	0.0	0.0	0.0	0.0	0.0	1.73460105539	0.0	0.0	0.0	0.0	0.0	0.0	0.0	0.0	1.73460105539
0.0	0.0	0.0	0.0	0.0	0.0	1.73460105539	0.0	0.0	0.0	0.0	0.0	0.0	0.0	0.0	1.73460105539
0.0	0.0	0.0	0.0	3.46920211078	1.73460105539	0.0	0.0	0.0	0.0	0.0	0.0	0.0	0.0	0.0	0.0
0.0	0.0	2.1400661635	0.0	0.0	0.0	0.0	0.0	0.0	0.0	0.0	0.0	0.0	0.0	0.0	0.0
0.0	0.0	0.0	0.0	0.0	0.0	0.0	2.1400661635	0.0	0.0	0.0	0.0	0.0	0.0	0.0	0.0
0.0	0.0	0.0	0.0	0.0	0.0	3.46920211078	0.0	0.0	0.0	0.0	0.0	0.0	0.0	0.0	3.46920211078
0.0	0.0	0.0	0.0	4.28013232699	0.0	0.0	0.0	0.0	0.0	0.0	0.0	0.0	0.0	0.0	0.0
0.0	0.0	0.0	0.0	0.0	0.0	0.0	0.0	0.0	2.1400661635	0.0	0.0	0.0	0.0	0.0	0.0
0.0	0.0	0.0	0.0	0.0	0.0	1.73460105539	0.0	0.0	0.0	0.0	0.0	0.0	0.0	0.0	1.73460105539
0.0	0.0	0.0	0.0	0.0	0.0	0.753771802376	0.0	0.753771802376	0.753771802376	0.753771802376	0.0	0.753771802376	0.753771802376	0.0	0.753771802376
0.0	0.0	0.0	0.0	0.0	0.0	0.0	0.0	0.0	0.0	2.1400661635	0.0	0.0	0.0	0.0	0.0
0.0	0.0	0.0	0.0	0.0	0.0	0.0	4.28013232699	0.0	0.0	0.0	0.0	0.0	0.0	0.0	0.0
0.0	0.0	0.0	0.0	0.0	0.0	0.0	0.0	2.1400661635	0.0	0.0	0.0	0.0	0.0	0.0	0.0
0.63598876672	0.0	0.0	0.0	1.27197753344	0.0	0.63598876672	0.63598876672	0.0	0.0	1.27197753344	1.27197753344	0.0	0.0	0.63598876672	0.63598876672
0.0	0.0	0.0	0.0	0.0	0.0	0.0	0.0	10.7003308175	0.0	0.0	0.0	0.0	0.0	0.0	0.0
0.0	2.1400661635	0.0	0.0	0.0	0.0	0.0	0.0	0.0	0.0	0.0	0.0	0.0	0.0	0.0	0.0
0.0	0.0	0.0	0.0	0.0	0.0	0.0	0.0	0.0	0.0	0.0	0.0	0.0	2.1400661635	0.0	0.0
0.0	0.0	0.0	0.0	2.1400661635	0.0	0.0	0.0	0.0	0.0	0.0	0.0	0.0	0.0	0.0	0.0
0.0	0.0	0.0	0.0	0.0	0.0	0.0	0.0	0.0	1.73460105539	0.0	0.0	1.73460105539	0.0	0.0	0.0
2.1400661635	0.0	0.0	0.0	0.0	0.0	0.0	0.0	0.0	0.0	0.0	0.0	0.0	0.0	0.0	0.0
0.0	0.0	0.0	0.0	0.0	0.0	0.0	0.0	0.0	0.0	0.0	0.0	2.1400661635	0.0	0.0	0.0
0.0	0.0	0.0	0.0	0.0	0.0	0.0	0.0	0.0	1.73460105539	3.46920211078	0.0	0.0	0.0	0.0	0.0
0.0	0.0	0.0	0.0	2.1400661635	0.0	0.0	0.0	0.0	0.0	0.0	0.0	0.0	0.0	0.0	0.0
0.0	4.28013232699	0.0	0.0	0.0	0.0	0.0	0.0	0.0	0.0	0.0	0.0	0.0	0.0	0.0	0.0
0.0	0.0	0.0	0.0	0.0	0.0	1.73460105539	0.0	0.0	0.0	0.0	0.0	0.0	0.0	0.0	1.73460105539
0.0	0.0	0.0	0.0	0.0	0.0	0.0	2.1400661635	0.0	0.0	0.0	0.0	0.0	0.0	0.0	0.0
0.0	10.7003308175	0.0	0.0	0.0	0.0	0.0	0.0	0.0	0.0	0.0	0.0	0.0	0.0	0.0	0.0
0.0	0.0	0.0	0.0	0.0	0.0	2.1400661635	0.0	0.0	0.0	0.0	0.0	0.0	0.0	0.0	0.0
0.0	0.0	0.0	0.0	0.0	0.0	0.0	0.0	0.0	0.0	0.0	0.0	0.0	0.0	0.0	2.1400661635
0.0	0.0	1.44691898294	0.0	0.0	0.0	0.0	1.44691898294	0.0	0.0	0.0	1.44691898294	0.0	0.0	0.0	0.0
0.0	0.0	0.0	0.0	0.0	2.1400661635	0.0	0.0	0.0	0.0	0.0	0.0	0.0	0.0	0.0	0.0
0.0	0.0	0.0	0.0	0.0	0.0	1.73460105539	0.0	0.0	0.0	0.0	0.0	0.0	0.0	0.0	1.73460105539
0.0	0.0	0.0	0.0	0.0	0.0	1.73460105539	0.0	0.0	0.0	0.0	0.0	0.0	0.0	0.0	1.73460105539
0.0	0.0	0.0	0.0	0.0	0.0	0.0	0.0	2.1400661635	0.0	0.0	0.0	0.0	0.0	0.0	0.0
0.0	0.0	0.0	0.0	0.0	0.0	5.20380316616	0.0	0.0	0.0	0.0	0.0	0.0	0.0	0.0	5.20380316616
3.46920211078	0.0	3.46920211078	0.0	0.0	0.0	0.0	0.0	0.0	0.0	0.0	0.0	0.0	0.0	0.0	0.0
0.0	0.0	0.0	0.0	2.1400661635	0.0	0.0	0.0	0.0	0.0	0.0	0.0	0.0	0.0	0.0	0.0
0.0	0.0	0.0	0.0	0.0	0.0	0.0	0.0	0.0	2.1400661635	0.0	0.0	0.0	0.0	0.0	0.0
2.1400661635	0.0	0.0	0.0	0.0	0.0	0.0	0.0	0.0	0.0	0.0	0.0	0.0	0.0	0.0	0.0
0.0	0.0	0.0	0.0	0.0	2.1400661635	0.0	0.0	0.0	0.0	0.0	0.0	0.0	0.0	0.0	0.0
0.0	0.0	1.44691898294	0.0	0.0	0.0	0.0	2.89383796587	0.0	0.0	0.0	1.44691898294	0.0	0.0	0.0	0.0
0.0	0.0	0.0	0.0	0.0	0.0	0.0	0.0	0.0	0.0	0.0	2.1400661635	0.0	0.0	0.0	0.0
0.0	0.0	0.0	0.0	0.0	0.0	0.0	0.0	0.0	0.0	2.1400661635	0.0	0.0	0.0	0.0	0.0
0.0	0.0	0.0	0.0	0.0	0.0	0.0	0.0	0.0	0.0	0.0	0.0	2.1400661635	0.0	0.0	0.0
0.0	0.0	0.0	0.0	0.0	0.0	1.73460105539	0.0	0.0	0.0	0.0	0.0	0.0	0.0	0.0	1.73460105539
0.0	0.0	0.0	0.0	0.0	0.0	0.0	0.0	0.0	0.0	4.28013232699	0.0	0.0	0.0	0.0	0.0
0.0	0.0	0.0	0.0	0.0	0.0	0.0	0.0	0.0	0.0	0.0	0.0	0.0	0.0	0.0	4.28013232699
0.0	0.0	0.0	0.0	1.73460105539	0.0	0.0	0.0	0.0	1.73460105539	0.0	0.0	0.0	0.0	0.0	0.0
0.0	0.0	0.0	0.0	0.0	0.0	0.0	0.0	0.0	0.0	1.73460105539	0.0	0.0	1.73460105539	0.0	0.0
0.0	0.0	0.0	0.0	0.0	0.0	0.0	0.0	0.0	0.0	0.0	2.1400661635	0.0	0.0	0.0	0.0
0.0	0.0	0.0	0.0	2.1400661635	0.0	0.0	0.0	0.0	0.0	0.0	0.0	0.0	0.0	0.0	0.0
0.0	1.73460105539	0.0	0.0	0.0	0.0	0.0	0.0	0.0	0.0	0.0	0.0	0.0	0.0	0.0	3.46920211078
0.0	0.0	2.1400661635	0.0	0.0	0.0	0.0	0.0	0.0	0.0	0.0	0.0	0.0	0.0	0.0	0.0
0.0	2.1400661635	0.0	0.0	0.0	0.0	0.0	0.0	0.0	0.0	0.0	0.0	0.0	0.0	0.0	0.0
0.0	0.0	0.0	0.0	0.0	0.0	1.73460105539	0.0	0.0	0.0	0.0	0.0	0.0	0.0	0.0	1.73460105539
6.42019849049	0.0	0.0	0.0	0.0	0.0	0.0	0.0	0.0	0.0	0.0	0.0	0.0	0.0	0.0	0.0
0.0	0.0	0.0	0.0	0.0	0.0	0.0	0.0	0.0	0.0	0.0	0.0	0.0	2.1400661635	0.0	0.0
0.0	0.0	0.0	0.0	0.0	2.08290774966	0.0	0.0	1.04145387483	1.04145387483	1.04145387483	0.0	0.0	3.12436162448	0.0	0.0
0.0	0.0	0.0	0.0	0.0	0.0	0.0	2.1400661635	0.0	0.0	0.0	0.0	0.0	0.0	0.0	0.0
0.0	0.0	0.0	0.0	2.1400661635	0.0	0.0	0.0	0.0	0.0	0.0	0.0	0.0	0.0	0.0	0.0
2.89383796587	0.0	2.89383796587	0.0	0.0	0.0	0.0	0.0	0.0	0.0	0.0	1.44691898294	0.0	0.0	0.0	0.0
0.0	0.0	0.0	0.0	2.1400661635	0.0	0.0	0.0	0.0	0.0	0.0	0.0	0.0	0.0	0.0	0.0
0.0	0.0	0.0	0.0	0.0	0.0	0.0	2.1400661635	0.0	0.0	0.0	0.0	0.0	0.0	0.0	0.0
0.0	0.0	0.0	0.0	0.0	0.0	1.73460105539	0.0	0.0	0.0	0.0	0.0	0.0	0.0	0.0	1.73460105539
0.0	0.0	0.0	0.0	0.0	0.0	0.0	4.28013232699	0.0	0.0	0.0	0.0	0.0	0.0	0.0	0.0
0.0	0.0	0.0	0.0	0.0	0.0	0.0	0.0	0.0	0.0	0.0	0.0	2.1400661635	0.0	0.0	0.0
0.0	0.0	0.0	0.0	0.0	0.0	0.0	0.0	2.1400661635	0.0	0.0	0.0	0.0	0.0	0.0	0.0
0.0	0.0	0.0	0.0	0.0	0.0	0.0	0.0	0.0	2.1400661635	0.0	0.0	0.0	0.0	0.0	0.0
0.0	0.0	0.0	0.0	0.0	0.0	0.0	0.0	0.0	0.0	0.0	0.0	0.0	0.0	0.0	2.1400661635
0.0	0.0	0.0	0.0	0.0	0.0	0.0	0.0	0.0	0.0	2.1400661635	0.0	0.0	0.0	0.0	0.0
0.0	0.0	0.0	0.0	0.0	0.0	0.0	0.0	0.0	0.0	0.0	2.1400661635	0.0	0.0	0.0	0.0
0.0	0.0	0.0	0.0	0.0	0.0	0.0	0.0	0.0	0.0	0.0	0.0	0.0	6.42019849049	0.0	0.0
0.0	0.0	0.0	0.0	0.0	0.0	0.0	0.0	1.73460105539	0.0	0.0	0.0	0.0	0.0	0.0	1.73460105539
0.0	0.0	0.0	0.0	0.0	0.0	0.0	0.0	0.0	0.0	2.1400661635	0.0	0.0	0.0	0.0	0.0
0.0	0.0	0.0	0.0	0.0	0.0	0.0	0.0	0.0	0.0	0.0	0.0	0.0	2.1400661635	0.0	0.0
2.1400661635	0.0	0.0	0.0	0.0	0.0	0.0	0.0	0.0	0.0	0.0	0.0	0.0	0.0	0.0	0.0
0.0	2.1400661635	0.0	0.0	0.0	0.0	0.0	0.0	0.0	0.0	0.0	0.0	0.0	0.0	0.0	0.0
0.0	0.0	0.0	0.0	2.1400661635	0.0	0.0	0.0	0.0	0.0	0.0	0.0	0.0	0.0	0.0	0.0
0.0	0.0	0.0	0.0	0.0	0.0	0.0	0.0	0.0	0.0	0.0	0.0	2.1400661635	0.0	0.0	0.0
1.73460105539	0.0	0.0	0.0	0.0	0.0	0.0	0.0	1.73460105539	0.0	0.0	0.0	0.0	0.0	0.0	0.0
0.0	2.1400661635	0.0	0.0	0.0	0.0	0.0	0.0	0.0	0.0	0.0	0.0	0.0	0.0	0.0	0.0
0.0	0.0	0.0	0.0	0.0	0.0	0.0	2.1400661635	0.0	0.0	0.0	0.0	0.0	0.0	0.0	0.0
0.0	0.0	2.1400661635	0.0	0.0	0.0	0.0	0.0	0.0	0.0	0.0	0.0	0.0	0.0	0.0	0.0
0.0	0.0	0.0	0.0	0.0	0.0	0.0	0.0	0.0	0.0	0.0	0.0	0.0	2.1400661635	0.0	0.0
0.0	0.0	0.0	0.0	0.0	1.73460105539	0.0	1.73460105539	0.0	0.0	0.0	0.0	0.0	0.0	0.0	0.0
0.0	0.0	0.0	0.0	0.0	0.0	1.73460105539	0.0	0.0	0.0	0.0	0.0	0.0	0.0	0.0	1.73460105539
0.0	0.0	0.0	0.0	0.0	0.0	0.0	0.0	0.0	0.0	0.0	0.0	0.0	2.1400661635	0.0	0.0
0.0	0.0	0.0	0.0	0.0	2.44755086324	1.22377543162	0.0	0.0	0.0	1.22377543162	0.0	0.0	0.0	0.0	1.22377543162
2.1400661635	0.0	0.0	0.0	0.0	0.0	0.0	0.0	0.0	0.0	0.0	0.0	0.0	0.0	0.0	0.0
12.1422073877	0.0	3.46920211078	0.0	0.0	0.0	0.0	0.0	0.0	0.0	0.0	0.0	0.0	0.0	0.0	0.0
0.0	0.0	0.0	0.0	4.28013232699	0.0	0.0	0.0	0.0	0.0	0.0	0.0	0.0	0.0	0.0	0.0
1.73460105539	0.0	1.73460105539	0.0	0.0	0.0	0.0	0.0	0.0	0.0	0.0	0.0	0.0	0.0	0.0	0.0
0.0	1.73460105539	0.0	0.0	1.73460105539	0.0	0.0	0.0	0.0	0.0	0.0	0.0	0.0	0.0	0.0	0.0
0.0	0.0	0.0	0.0	2.1400661635	0.0	0.0	0.0	0.0	0.0	0.0	0.0	0.0	0.0	0.0	0.0
0.0	0.0	0.0	0.0	0.0	0.0	0.0	0.0	0.0	0.0	0.0	0.0	0.0	0.0	2.1400661635	0.0
0.0	0.0	0.0	0.0	0.0	0.0	0.0	1.73460105539	0.0	0.0	0.0	1.73460105539	0.0	0.0	0.0	0.0
0.0	0.0	0.0	0.0	0.0	0.0	0.0	0.0	0.0	0.0	0.0	0.0	0.0	0.0	2.1400661635	0.0
0.0	0.0	0.0	0.0	0.0	0.0	0.0	0.0	0.0	0.0	0.0	2.1400661635	0.0	0.0	0.0	0.0
0.0	0.0	0.0	0.0	0.0	0.0	0.0	0.0	0.0	4.28013232699	0.0	0.0	0.0	0.0	0.0	0.0
0.0	0.0	0.0	0.0	0.0	0.0	0.0	0.0	0.0	0.0	0.0	0.0	0.0	2.1400661635	0.0	0.0
0.0	1.73460105539	0.0	0.0	0.0	0.0	0.0	0.0	0.0	0.0	0.0	1.73460105539	0.0	0.0	0.0	0.0
1.44691898294	0.0	1.44691898294	0.0	0.0	0.0	0.0	0.0	0.0	1.44691898294	0.0	0.0	0.0	0.0	0.0	0.0
0.0	0.0	0.0	0.0	1.44691898294	0.0	0.0	0.0	0.0	0.0	1.44691898294	0.0	0.0	0.0	1.44691898294	0.0
0.0	0.0	0.0	0.0	0.0	0.0	0.0	0.0	0.0	0.0	0.0	2.1400661635	0.0	0.0	0.0	0.0
0.0	0.0	0.0	0.0	0.0	0.0	1.73460105539	0.0	0.0	0.0	0.0	0.0	0.0	0.0	0.0	5.20380316616
0.0	0.0	0.0	0.0	0.0	0.0	1.73460105539	0.0	0.0	0.0	0.0	0.0	0.0	0.0	0.0	1.73460105539
0.0	2.44755086324	0.0	0.0	0.0	0.0	1.22377543162	1.22377543162	0.0	0.0	0.0	0.0	0.0	0.0	0.0	1.22377543162
0.0	2.1400661635	0.0	0.0	0.0	0.0	0.0	0.0	0.0	0.0	0.0	0.0	0.0	0.0	0.0	0.0
0.0	0.0	0.0	0.0	0.0	0.0	0.0	0.0	2.1400661635	0.0	0.0	0.0	0.0	0.0	0.0	0.0
0.0	0.0	0.0	0.0	0.0	0.0	1.73460105539	0.0	0.0	0.0	0.0	0.0	0.0	0.0	0.0	1.73460105539
0.0	0.0	0.0	0.0	0.0	0.0	0.0	0.0	0.0	0.0	0.0	0.0	0.0	0.0	2.1400661635	0.0
0.0	0.0	0.0	0.0	0.0	0.0	0.0	0.0	0.0	0.0	2.1400661635	0.0	0.0	0.0	0.0	0.0
0.0	0.0	0.0	0.0	2.1400661635	0.0	0.0	0.0	0.0	0.0	0.0	0.0	0.0	0.0	0.0	0.0
0.0	0.0	0.0	0.0	0.0	1.22377543162	1.22377543162	1.22377543162	0.0	0.0	0.0	0.0	0.0	0.0	0.0	1.22377543162
0.0	0.0	0.0	0.0	0.0	0.0	0.0	2.1400661635	0.0	0.0	0.0	0.0	0.0	0.0	0.0	0.0
0.0	0.0	0.0	0.0	0.0	2.1400661635	0.0	0.0	0.0	0.0	0.0	0.0	0.0	0.0	0.0	0.0
0.0	0.0	0.0	0.0	0.0	0.0	1.73460105539	0.0	0.0	0.0	0.0	0.0	0.0	0.0	0.0	1.73460105539
0.0	0.0	0.0	0.0	0.0	0.0	0.0	0.0	0.0	0.0	0.0	0.0	0.0	0.0	0.0	2.1400661635
0.0	0.0	0.0	0.0	0.0	0.0	1.44691898294	0.0	0.0	0.0	0.0	1.44691898294	0.0	0.0	0.0	1.44691898294
0.0	0.0	0.0	0.0	0.0	0.0	0.0	0.0	0.0	0.0	0.0	0.0	0.0	0.0	0.0	2.1400661635
0.0	0.0	0.0	0.0	2.1400661635	0.0	0.0	0.0	0.0	0.0	0.0	0.0	0.0	0.0	0.0	0.0
0.0	0.0	0.0	0.0	0.0	0.0	0.0	0.0	0.0	0.0	0.0	0.0	2.1400661635	0.0	0.0	0.0
0.0	4.34075694881	0.0	0.0	0.0	0.0	2.89383796587	0.0	0.0	0.0	0.0	0.0	0.0	0.0	0.0	4.34075694881
0.0	0.0	0.0	0.0	0.0	0.0	5.20380316616	0.0	0.0	0.0	0.0	0.0	0.0	0.0	0.0	5.20380316616
0.0	0.0	0.0	0.0	0.0	0.0	2.1400661635	0.0	0.0	0.0	0.0	0.0	0.0	0.0	0.0	0.0
0.0	0.0	0.0	0.0	0.0	0.0	0.0	0.0	0.0	0.0	0.0	0.0	4.28013232699	0.0	0.0	0.0
0.0	0.0	0.0	0.0	2.1400661635	0.0	0.0	0.0	0.0	0.0	0.0	0.0	0.0	0.0	0.0	0.0
0.0	0.0	0.0	0.0	0.0	2.1400661635	0.0	0.0	0.0	0.0	0.0	0.0	0.0	0.0	0.0	0.0
0.0	0.0	0.0	0.0	0.0	0.0	1.73460105539	0.0	0.0	0.0	0.0	0.0	0.0	0.0	0.0	1.73460105539
0.0	0.0	0.0	0.0	1.73460105539	0.0	0.0	0.0	0.0	0.0	0.0	0.0	0.0	1.73460105539	0.0	0.0
0.0	0.0	0.0	0.0	0.0	0.0	0.0	0.0	0.0	2.1400661635	0.0	0.0	0.0	0.0	0.0	0.0
0.0	0.0	0.0	0.0	0.0	0.0	0.0	0.0	0.0	0.0	0.0	0.0	2.1400661635	0.0	0.0	0.0
0.0	0.0	0.0	0.0	0.0	0.0	2.1400661635	0.0	0.0	0.0	0.0	0.0	0.0	0.0	0.0	0.0
0.0	0.0	0.0	0.0	0.0	0.0	0.0	0.0	0.0	0.0	0.0	6.93840422155	0.0	0.0	3.46920211078	0.0
2.1400661635	0.0	0.0	0.0	0.0	0.0	0.0	0.0	0.0	0.0	0.0	0.0	0.0	0.0	0.0	0.0
0.0	0.0	0.0	0.0	0.0	0.0	0.0	0.0	0.0	0.0	0.0	0.0	2.1400661635	0.0	0.0	0.0
0.0	0.0	0.0	0.0	0.0	0.0	0.0	0.0	0.0	0.0	0.0	2.1400661635	0.0	0.0	0.0	0.0
0.0	0.0	0.0	0.0	0.0	0.0	1.73460105539	0.0	0.0	0.0	0.0	0.0	0.0	0.0	0.0	1.73460105539
0.0	2.1400661635	0.0	0.0	0.0	0.0	0.0	0.0	0.0	0.0	0.0	0.0	0.0	0.0	0.0	0.0
0.0	0.0	0.0	0.0	0.0	0.0	0.0	0.0	0.0	0.0	2.1400661635	0.0	0.0	0.0	0.0	0.0
0.0	0.0	0.0	0.0	0.0	0.0	0.0	0.0	0.0	0.0	2.1400661635	0.0	0.0	0.0	0.0	0.0
0.0	0.0	0.0	0.0	2.1400661635	0.0	0.0	0.0	0.0	0.0	0.0	0.0	0.0	0.0	0.0	0.0
0.0	0.0	0.0	0.0	0.0	0.0	0.0	0.0	0.0	0.0	2.1400661635	0.0	0.0	0.0	0.0	0.0
0.0	0.0	0.0	0.0	0.0	0.0	0.0	0.0	0.0	0.0	0.0	0.0	0.0	0.0	0.0	4.28013232699
0.0	0.0	2.1400661635	0.0	0.0	0.0	0.0	0.0	0.0	0.0	0.0	0.0	0.0	0.0	0.0	0.0
0.0	0.0	0.0	0.0	2.1400661635	0.0	0.0	0.0	0.0	0.0	0.0	0.0	0.0	0.0	0.0	0.0
0.0	0.0	0.0	0.0	0.0	0.0	0.0	2.1400661635	0.0	0.0	0.0	0.0	0.0	0.0	0.0	0.0
0.0	0.0	2.1400661635	0.0	0.0	0.0	0.0	0.0	0.0	0.0	0.0	0.0	0.0	0.0	0.0	0.0
0.0	0.0	0.0	0.0	0.0	0.0	0.0	0.0	0.0	0.0	2.1400661635	0.0	0.0	0.0	0.0	0.0
0.0	2.1400661635	0.0	0.0	0.0	0.0	0.0	0.0	0.0	0.0	0.0	0.0	0.0	0.0	0.0	0.0
0.0	0.0	0.0	0.0	0.0	0.0	1.73460105539	0.0	0.0	0.0	0.0	0.0	0.0	0.0	0.0	1.73460105539
0.0	0.0	0.0	0.0	0.0	0.0	0.0	1.22377543162	0.0	2.44755086324	0.0	1.22377543162	0.0	1.22377543162	0.0	0.0
2.1400661635	0.0	0.0	0.0	0.0	0.0	0.0	0.0	0.0	0.0	0.0	0.0	0.0	0.0	0.0	0.0
0.0	0.0	0.0	0.0	0.0	0.0	0.0	0.0	0.0	0.0	0.0	2.1400661635	0.0	0.0	0.0	0.0
0.0	0.0	0.0	0.0	0.0	0.0	1.73460105539	0.0	0.0	0.0	0.0	0.0	0.0	0.0	0.0	1.73460105539
0.0	0.0	0.0	0.0	4.28013232699	0.0	0.0	0.0	0.0	0.0	0.0	0.0	0.0	0.0	0.0	0.0
0.0	0.0	0.0	0.0	0.0	0.0	0.0	0.0	0.0	0.0	0.0	0.0	0.0	2.1400661635	0.0	0.0
0.0	0.0	0.0	0.0	2.1400661635	0.0	0.0	0.0	0.0	0.0	0.0	0.0	0.0	0.0	0.0	0.0
0.0	0.0	0.0	0.0	0.0	0.0	0.0	0.0	2.1400661635	0.0	0.0	0.0	0.0	0.0	0.0	0.0
0.0	10.7003308175	0.0	0.0	0.0	0.0	0.0	0.0	0.0	0.0	0.0	0.0	0.0	0.0	0.0	0.0
0.0	0.0	0.0	0.0	0.0	0.0	0.0	0.0	0.0	0.0	0.0	0.0	0.0	0.0	2.1400661635	0.0
0.0	0.0	3.46920211078	0.0	1.73460105539	0.0	0.0	0.0	0.0	0.0	0.0	0.0	0.0	0.0	0.0	0.0
0.0	0.0	0.0	0.0	0.0	0.0	0.0	0.0	2.1400661635	0.0	0.0	0.0	0.0	0.0	0.0	0.0
0.0	0.0	0.0	0.0	0.0	0.0	0.0	0.0	0.0	0.0	0.0	2.1400661635	0.0	0.0	0.0	0.0
2.1400661635	0.0	0.0	0.0	0.0	0.0	0.0	0.0	0.0	0.0	0.0	0.0	0.0	0.0	0.0	0.0
0.0	2.1400661635	0.0	0.0	0.0	0.0	0.0	0.0	0.0	0.0	0.0	0.0	0.0	0.0	0.0	0.0
1.44691898294	0.0	1.44691898294	0.0	2.89383796587	0.0	0.0	0.0	0.0	0.0	0.0	0.0	0.0	0.0	0.0	0.0
0.0	0.0	0.0	0.0	0.0	0.0	1.73460105539	0.0	0.0	0.0	0.0	0.0	0.0	0.0	0.0	1.73460105539
0.0	0.0	0.0	0.0	0.0	0.0	0.0	0.0	0.0	2.1400661635	0.0	0.0	0.0	0.0	0.0	0.0
0.0	0.0	0.0	0.0	2.1400661635	0.0	0.0	0.0	0.0	0.0	0.0	0.0	0.0	0.0	0.0	0.0
0.0	0.0	0.0	0.0	0.0	0.0	0.0	1.44691898294	0.0	0.0	0.0	4.34075694881	0.0	1.44691898294	0.0	0.0
0.0	0.0	0.0	0.0	0.0	0.0	0.0	0.0	0.0	0.0	2.1400661635	0.0	0.0	0.0	0.0	0.0
0.0	0.0	0.0	0.0	0.0	0.0	0.0	0.0	0.0	0.0	0.0	0.0	0.0	2.1400661635	0.0	0.0
0.0	0.0	1.73460105539	0.0	0.0	0.0	0.0	1.73460105539	0.0	0.0	0.0	0.0	0.0	0.0	0.0	0.0
0.0	0.0	0.0	0.0	0.0	0.753771802376	0.753771802376	0.753771802376	0.0	0.0	0.0	1.50754360475	0.0	2.26131540713	0.753771802376	0.753771802376
0.0	0.0	0.0	0.0	0.0	0.887303195001	1.77460639	0.887303195001	0.0	0.0	0.0	0.0	0.0	0.887303195001	0.887303195001	1.77460639
0.0	0.0	0.0	0.0	0.0	0.0	0.0	2.1400661635	0.0	0.0	0.0	0.0	0.0	0.0	0.0	0.0
0.0	0.0	0.0	0.0	2.1400661635	0.0	0.0	0.0	0.0	0.0	0.0	0.0	0.0	0.0	0.0	0.0
0.0	0.0	0.0	0.0	0.0	2.1400661635	0.0	0.0	0.0	0.0	0.0	0.0	0.0	0.0	0.0	0.0
0.0	0.0	0.0	0.0	0.0	0.0	0.0	0.0	0.0	0.0	2.1400661635	0.0	0.0	0.0	0.0	0.0
0.0	0.0	0.0	0.0	0.0	0.0	0.0	0.0	0.0	0.0	0.0	0.0	0.0	2.1400661635	0.0	0.0
0.0	0.0	0.0	0.0	0.0	0.0	0.0	0.0	0.0	0.0	0.0	2.1400661635	0.0	0.0	0.0	0.0
0.0	0.0	0.0	0.0	0.0	0.0	0.0	0.0	0.0	0.0	0.0	2.1400661635	0.0	0.0	0.0	0.0
0.0	0.0	0.0	0.0	0.0	0.0	0.0	0.0	4.28013232699	0.0	0.0	0.0	0.0	0.0	0.0	0.0
0.0	0.0	0.0	2.1400661635	0.0	0.0	0.0	0.0	0.0	0.0	0.0	0.0	0.0	0.0	0.0	0.0
0.0	0.0	0.0	0.0	0.0	0.0	0.0	0.0	0.0	0.0	0.0	2.1400661635	0.0	0.0	0.0	0.0
0.0	0.0	0.0	0.0	0.0	0.0	0.0	0.0	0.0	0.0	0.0	0.0	2.1400661635	0.0	0.0	0.0
4.16581549931	0.0	1.04145387483	0.0	5.20726937414	0.0	0.0	2.08290774966	0.0	0.0	0.0	2.08290774966	0.0	0.0	0.0	0.0
0.0	0.0	0.0	0.0	0.0	0.0	0.0	0.0	0.0	0.0	0.0	0.0	2.1400661635	0.0	0.0	0.0
4.28013232699	0.0	0.0	0.0	0.0	0.0	0.0	0.0	0.0	0.0	0.0	0.0	0.0	0.0	0.0	0.0
2.1400661635	0.0	0.0	0.0	0.0	0.0	0.0	0.0	0.0	0.0	0.0	0.0	0.0	0.0	0.0	0.0
0.0	0.0	0.0	0.0	0.0	0.0	0.0	0.0	0.0	0.0	0.0	0.0	0.0	2.1400661635	0.0	0.0
0.0	0.0	0.0	0.0	0.0	0.0	1.73460105539	0.0	0.0	0.0	0.0	0.0	0.0	0.0	0.0	1.73460105539
0.0	0.0	0.0	0.0	0.0	0.0	0.0	0.0	0.0	0.0	0.0	0.0	2.1400661635	0.0	0.0	0.0
1.04145387483	0.0	1.04145387483	0.0	2.08290774966	0.0	0.0	0.0	0.0	0.0	1.04145387483	0.0	0.0	1.04145387483	0.0	0.0
0.0	0.0	0.0	0.0	0.0	0.0	0.0	0.0	0.0	0.0	2.1400661635	0.0	0.0	0.0	0.0	0.0
0.0	0.0	0.0	0.0	0.0	0.0	0.0	2.1400661635	0.0	0.0	0.0	0.0	0.0	0.0	0.0	0.0
0.0	0.0	0.0	0.0	0.0	0.0	0.0	0.0	0.0	0.0	0.0	0.0	0.0	0.0	2.1400661635	0.0
0.0	0.0	2.1400661635	0.0	0.0	0.0	0.0	0.0	0.0	0.0	0.0	0.0	0.0	0.0	0.0	0.0
0.0	0.0	0.0	0.0	0.0	0.0	0.0	0.0	0.0	0.0	0.0	2.1400661635	0.0	0.0	0.0	0.0
0.0	0.0	0.0	0.0	0.0	0.0	0.0	0.0	0.0	0.0	0.0	0.0	0.0	2.1400661635	0.0	0.0
2.08290774966	1.04145387483	1.04145387483	0.0	0.0	0.0	1.04145387483	0.0	0.0	0.0	0.0	0.0	0.0	0.0	0.0	1.04145387483
0.0	0.0	0.0	0.0	0.0	0.0	0.0	0.0	0.0	0.0	0.0	12.840396981	0.0	0.0	0.0	0.0
1.73460105539	0.0	0.0	0.0	6.93840422155	0.0	0.0	0.0	0.0	0.0	0.0	0.0	0.0	0.0	0.0	0.0
0.0	2.1400661635	0.0	0.0	0.0	0.0	0.0	0.0	0.0	0.0	0.0	0.0	0.0	0.0	0.0	0.0
0.0	4.28013232699	0.0	0.0	0.0	0.0	0.0	0.0	0.0	0.0	0.0	0.0	0.0	0.0	0.0	0.0
0.0	0.0	0.0	0.0	0.0	0.0	0.0	0.0	0.0	0.0	2.1400661635	0.0	0.0	0.0	0.0	0.0
0.0	0.0	0.0	0.0	0.0	0.0	1.73460105539	0.0	0.0	0.0	0.0	0.0	0.0	0.0	0.0	1.73460105539
0.0	0.0	0.0	0.0	2.1400661635	0.0	0.0	0.0	0.0	0.0	0.0	0.0	0.0	0.0	0.0	0.0
0.0	0.0	0.0	0.0	0.0	0.0	0.0	0.0	2.1400661635	0.0	0.0	0.0	0.0	0.0	0.0	0.0
0.0	0.0	0.0	0.0	0.0	0.0	0.0	0.0	2.1400661635	0.0	0.0	0.0	0.0	0.0	0.0	0.0
0.0	0.0	0.0	0.0	0.0	0.0	0.0	0.0	0.0	0.0	0.0	0.0	0.0	2.1400661635	0.0	0.0
0.753771802376	0.0	0.0	0.0	0.0	1.50754360475	1.50754360475	0.0	0.0	0.753771802376	0.0	0.0	0.753771802376	0.753771802376	0.0	2.26131540713
0.0	0.0	0.0	0.0	0.0	0.0	0.0	0.0	0.0	0.0	0.0	0.0	0.0	4.28013232699	0.0	0.0
0.0	0.0	2.1400661635	0.0	0.0	0.0	0.0	0.0	0.0	0.0	0.0	0.0	0.0	0.0	0.0	0.0
2.1400661635	0.0	0.0	0.0	0.0	0.0	0.0	0.0	0.0	0.0	0.0	0.0	0.0	0.0	0.0	0.0
0.0	0.0	0.0	0.0	0.0	0.0	0.0	0.0	0.0	0.0	0.0	0.0	0.0	0.0	0.0	2.1400661635
0.0	0.0	0.0	0.0	0.0	0.0	2.1400661635	0.0	0.0	0.0	0.0	0.0	0.0	0.0	0.0	0.0
0.0	0.0	0.0	0.0	0.0	0.0	0.0	0.0	0.0	2.1400661635	0.0	0.0	0.0	0.0	0.0	0.0
0.0	0.0	0.0	0.0	0.0	2.1400661635	0.0	0.0	0.0	0.0	0.0	0.0	0.0	0.0	0.0	0.0
0.0	0.0	0.0	0.0	2.1400661635	0.0	0.0	0.0	0.0	0.0	0.0	0.0	0.0	0.0	0.0	0.0
0.0	2.1400661635	0.0	0.0	0.0	0.0	0.0	0.0	0.0	0.0	0.0	0.0	0.0	0.0	0.0	0.0
0.0	0.0	0.0	0.0	0.0	0.0	0.0	0.0	0.0	0.0	0.0	0.0	0.0	0.0	2.1400661635	0.0
0.0	0.0	0.0	0.0	0.0	0.0	0.0	2.1400661635	0.0	0.0	0.0	0.0	0.0	0.0	0.0	0.0
0.0	0.0	0.0	0.0	0.0	0.0	0.0	2.1400661635	0.0	0.0	0.0	0.0	0.0	0.0	0.0	0.0
0.0	0.0	0.0	0.0	0.0	0.0	0.0	0.0	2.1400661635	0.0	0.0	0.0	0.0	0.0	0.0	0.0
0.0	0.0	0.0	0.0	0.0	0.0	0.0	0.0	0.0	0.0	0.0	2.1400661635	0.0	0.0	0.0	0.0
0.0	0.0	0.0	0.0	0.0	0.0	0.0	0.0	0.0	0.0	0.0	2.1400661635	0.0	0.0	0.0	0.0
2.1400661635	0.0	0.0	0.0	0.0	0.0	0.0	0.0	0.0	0.0	0.0	0.0	0.0	0.0	0.0	0.0
0.0	0.0	0.0	0.0	0.0	0.0	0.0	0.0	0.0	2.1400661635	0.0	0.0	0.0	0.0	0.0	0.0
0.0	0.0	0.0	0.0	0.0	0.0	0.0	0.0	0.0	0.0	0.0	0.0	0.0	4.28013232699	0.0	0.0
0.0	0.0	0.0	0.0	2.1400661635	0.0	0.0	0.0	0.0	0.0	0.0	0.0	0.0	0.0	0.0	0.0
0.0	0.0	0.0	0.0	0.0	0.0	2.1400661635	0.0	0.0	0.0	0.0	0.0	0.0	0.0	0.0	0.0
0.0	0.0	0.0	0.0	0.0	0.0	0.0	2.1400661635	0.0	0.0	0.0	0.0	0.0	0.0	0.0	0.0
2.1400661635	0.0	0.0	0.0	0.0	0.0	0.0	0.0	0.0	0.0	0.0	0.0	0.0	0.0	0.0	0.0
0.0	0.0	0.0	0.0	0.0	0.0	0.0	0.0	0.0	0.0	0.0	0.0	2.1400661635	0.0	0.0	0.0
0.0	0.0	0.0	0.0	0.0	0.0	1.73460105539	0.0	0.0	0.0	0.0	0.0	0.0	0.0	0.0	1.73460105539
0.0	12.840396981	0.0	0.0	0.0	0.0	0.0	0.0	0.0	0.0	0.0	0.0	0.0	0.0	0.0	0.0
1.73460105539	0.0	1.73460105539	0.0	0.0	0.0	0.0	0.0	0.0	0.0	0.0	0.0	0.0	0.0	0.0	0.0
0.0	0.0	0.0	0.0	0.0	0.0	5.20380316616	0.0	0.0	0.0	0.0	0.0	0.0	0.0	0.0	5.20380316616
0.0	0.0	0.0	0.0	0.0	0.0	0.0	0.0	0.0	1.22377543162	1.22377543162	1.22377543162	0.0	1.22377543162	0.0	0.0
0.0	0.0	2.1400661635	0.0	0.0	0.0	0.0	0.0	0.0	0.0	0.0	0.0	0.0	0.0	0.0	0.0
0.0	2.1400661635	0.0	0.0	0.0	0.0	0.0	0.0	0.0	0.0	0.0	0.0	0.0	0.0	0.0	0.0
0.0	0.0	0.0	0.0	0.0	0.0	0.0	2.1400661635	0.0	0.0	0.0	0.0	0.0	0.0	0.0	0.0
0.0	2.1400661635	0.0	0.0	0.0	0.0	0.0	0.0	0.0	0.0	0.0	0.0	0.0	0.0	0.0	0.0
1.73460105539	0.0	1.73460105539	0.0	0.0	0.0	0.0	0.0	0.0	0.0	0.0	0.0	0.0	0.0	0.0	0.0
1.73460105539	0.0	1.73460105539	0.0	0.0	0.0	0.0	0.0	0.0	0.0	0.0	0.0	0.0	0.0	0.0	0.0
0.0	0.0	0.0	0.0	0.0	0.0	0.0	0.0	0.0	0.0	0.0	2.1400661635	0.0	0.0	0.0	0.0
0.0	0.0	0.0	0.0	0.0	0.0	0.0	0.0	0.0	0.0	2.1400661635	0.0	0.0	0.0	0.0	0.0
0.0	0.0	0.0	0.0	0.0	0.0	0.0	0.0	0.0	0.0	0.0	2.1400661635	0.0	0.0	0.0	0.0
0.0	0.0	0.0	0.0	0.0	0.0	0.0	0.0	0.0	0.0	0.0	2.1400661635	0.0	0.0	0.0	0.0
0.0	0.0	0.0	0.0	0.0	0.0	0.0	0.0	0.0	0.0	0.0	2.1400661635	0.0	0.0	0.0	0.0
0.0	3.46920211078	0.0	0.0	1.73460105539	0.0	0.0	0.0	0.0	0.0	0.0	0.0	0.0	0.0	0.0	0.0
0.0	2.44755086324	0.0	0.0	0.0	0.0	0.0	1.22377543162	0.0	0.0	0.0	2.44755086324	0.0	0.0	0.0	1.22377543162
0.0	0.0	0.0	0.0	0.0	0.0	0.0	0.0	0.0	2.1400661635	0.0	0.0	0.0	0.0	0.0	0.0
0.0	0.0	0.0	0.0	0.0	0.0	0.0	2.1400661635	0.0	0.0	0.0	0.0	0.0	0.0	0.0	0.0
0.0	0.0	0.0	0.0	0.0	0.0	0.0	0.0	0.0	0.0	0.0	0.0	0.0	0.0	0.0	2.1400661635
0.0	0.0	0.0	0.0	0.0	0.0	0.0	0.0	0.0	0.0	0.0	2.1400661635	0.0	0.0	0.0	0.0
0.0	0.0	0.0	0.0	0.0	0.0	0.0	0.0	0.0	0.0	0.0	2.1400661635	0.0	0.0	0.0	0.0
0.0	0.0	0.0	0.0	0.0	0.0	0.0	0.0	3.46920211078	0.0	0.0	1.73460105539	0.0	0.0	0.0	0.0
0.0	0.0	0.0	0.0	0.0	0.0	0.0	0.0	0.0	0.0	2.1400661635	0.0	0.0	0.0	0.0	0.0
0.0	0.0	0.0	0.0	0.0	0.0	0.0	0.0	2.1400661635	0.0	0.0	0.0	0.0	0.0	0.0	0.0
0.0	2.1400661635	0.0	0.0	0.0	0.0	0.0	0.0	0.0	0.0	0.0	0.0	0.0	0.0	0.0	0.0
0.0	0.0	0.0	0.0	0.0	0.0	0.0	0.0	0.0	2.1400661635	0.0	0.0	0.0	0.0	0.0	0.0
0.0	0.0	0.0	0.0	0.0	0.0	0.0	2.1400661635	0.0	0.0	0.0	0.0	0.0	0.0	0.0	0.0
0.0	0.0	0.0	0.0	0.0	0.0	0.0	0.0	2.1400661635	0.0	0.0	0.0	0.0	0.0	0.0	0.0
0.0	1.73460105539	0.0	0.0	0.0	0.0	0.0	1.73460105539	0.0	0.0	0.0	0.0	0.0	0.0	0.0	0.0
0.0	0.0	1.22377543162	0.0	0.0	1.22377543162	0.0	0.0	0.0	1.22377543162	0.0	1.22377543162	0.0	0.0	0.0	0.0
0.0	0.0	0.0	0.0	0.0	0.0	0.0	0.0	4.28013232699	0.0	0.0	0.0	0.0	0.0	0.0	0.0
0.0	0.0	0.0	0.0	0.0	0.0	0.0	0.0	1.73460105539	0.0	0.0	0.0	1.73460105539	0.0	0.0	0.0
0.0	1.73460105539	0.0	0.0	0.0	0.0	0.0	0.0	0.0	0.0	1.73460105539	0.0	0.0	0.0	0.0	0.0
2.1400661635	0.0	0.0	0.0	0.0	0.0	0.0	0.0	0.0	0.0	0.0	0.0	0.0	0.0	0.0	0.0
0.0	0.0	0.0	0.0	0.0	0.0	0.0	0.0	0.0	0.0	2.1400661635	0.0	0.0	0.0	0.0	0.0
0.0	0.0	0.0	0.0	0.0	0.0	0.0	0.0	0.0	0.0	0.0	0.0	0.0	2.1400661635	0.0	0.0
0.0	0.0	0.0	0.0	0.0	0.0	0.0	0.0	0.0	0.0	0.0	0.0	0.0	2.1400661635	0.0	0.0
0.0	0.0	0.0	0.0	0.0	0.0	0.0	0.0	2.1400661635	0.0	0.0	0.0	0.0	0.0	0.0	0.0
0.0	0.0	0.0	0.0	0.0	0.0	0.0	0.0	0.0	0.0	0.0	0.0	0.0	2.1400661635	0.0	0.0
0.0	0.0	0.0	0.0	0.0	0.0	0.0	0.0	0.0	0.0	2.1400661635	0.0	0.0	0.0	0.0	0.0
0.0	0.0	0.0	0.0	0.0	0.0	0.0	1.73460105539	0.0	0.0	0.0	0.0	1.73460105539	0.0	0.0	0.0
0.0	0.0	0.0	0.0	0.0	2.1400661635	0.0	0.0	0.0	0.0	0.0	0.0	0.0	0.0	0.0	0.0
0.0	0.0	0.0	0.0	2.1400661635	0.0	0.0	0.0	0.0	0.0	0.0	0.0	0.0	0.0	0.0	0.0
0.0	0.0	0.0	0.0	0.0	0.0	0.0	0.0	0.0	0.0	0.0	0.0	0.0	0.0	4.28013232699	0.0
1.44691898294	0.0	0.0	0.0	0.0	0.0	0.0	0.0	2.89383796587	1.44691898294	0.0	0.0	0.0	0.0	0.0	0.0
0.0	0.0	0.0	0.0	0.0	0.0	0.0	0.0	0.0	0.0	0.0	0.0	0.0	0.0	0.0	2.1400661635
0.0	0.0	0.0	0.0	0.0	0.0	1.73460105539	0.0	0.0	0.0	0.0	0.0	0.0	0.0	0.0	1.73460105539
0.0	0.0	0.0	0.0	0.0	0.0	2.1400661635	0.0	0.0	0.0	0.0	0.0	0.0	0.0	0.0	0.0
0.0	0.0	1.50754360475	0.0	0.0	1.50754360475	2.26131540713	0.0	0.0	2.26131540713	2.26131540713	0.0	1.50754360475	0.0	0.0	2.26131540713
0.0	0.0	0.0	0.0	2.1400661635	0.0	0.0	0.0	0.0	0.0	0.0	0.0	0.0	0.0	0.0	0.0
0.0	0.0	0.0	0.0	0.0	0.0	2.1400661635	0.0	0.0	0.0	0.0	0.0	0.0	0.0	0.0	0.0
0.0	0.0	0.0	0.0	0.0	0.0	0.0	0.0	3.46920211078	0.0	0.0	1.73460105539	0.0	0.0	0.0	0.0
0.0	0.0	0.0	1.44691898294	0.0	1.44691898294	0.0	0.0	0.0	0.0	0.0	1.44691898294	0.0	0.0	0.0	0.0
0.0	0.0	0.0	0.0	2.1400661635	0.0	0.0	0.0	0.0	0.0	0.0	0.0	0.0	0.0	0.0	0.0
0.0	0.0	0.0	0.0	0.0	0.0	0.0	0.0	0.0	0.0	0.0	0.0	0.0	2.1400661635	0.0	0.0
0.0	0.0	0.0	0.0	0.0	0.0	0.0	0.0	0.0	0.0	0.0	0.0	0.0	2.1400661635	0.0	0.0
2.1400661635	0.0	0.0	0.0	0.0	0.0	0.0	0.0	0.0	0.0	0.0	0.0	0.0	0.0	0.0	0.0
2.1400661635	0.0	0.0	0.0	0.0	0.0	0.0	0.0	0.0	0.0	0.0	0.0	0.0	0.0	0.0	0.0
0.0	0.0	0.0	0.0	0.0	0.0	0.0	0.0	0.0	2.1400661635	0.0	0.0	0.0	0.0	0.0	0.0
0.0	0.0	0.0	0.0	4.28013232699	0.0	0.0	0.0	0.0	0.0	0.0	0.0	0.0	0.0	0.0	0.0
0.0	0.0	0.0	0.0	0.0	0.0	2.1400661635	0.0	0.0	0.0	0.0	0.0	0.0	0.0	0.0	0.0
0.0	2.1400661635	0.0	0.0	0.0	0.0	0.0	0.0	0.0	0.0	0.0	0.0	0.0	0.0	0.0	0.0
0.0	0.0	0.0	0.0	2.1400661635	0.0	0.0	0.0	0.0	0.0	0.0	0.0	0.0	0.0	0.0	0.0
0.0	0.0	0.0	0.0	0.0	0.0	0.0	0.0	0.0	0.0	0.0	2.1400661635	0.0	0.0	0.0	0.0
0.0	0.0	0.0	0.0	0.0	0.0	3.46920211078	0.0	0.0	0.0	0.0	0.0	0.0	0.0	0.0	3.46920211078
0.0	0.0	0.0	0.0	0.0	0.0	2.1400661635	0.0	0.0	0.0	0.0	0.0	0.0	0.0	0.0	0.0
0.0	0.0	0.0	0.0	0.0	0.0	0.0	0.0	0.0	0.0	0.0	2.1400661635	0.0	0.0	0.0	0.0
0.0	0.0	1.73460105539	0.0	0.0	0.0	0.0	0.0	0.0	0.0	0.0	10.4076063323	0.0	0.0	0.0	0.0
0.0	0.0	0.0	0.0	0.0	0.0	0.0	0.0	0.0	0.0	0.0	0.0	0.0	4.28013232699	0.0	0.0
0.0	0.0	0.0	0.0	0.0	0.0	1.73460105539	0.0	0.0	0.0	0.0	0.0	0.0	0.0	0.0	1.73460105539
2.1400661635	0.0	0.0	0.0	0.0	0.0	0.0	0.0	0.0	0.0	0.0	0.0	0.0	0.0	0.0	0.0
0.0	0.0	0.0	0.0	0.0	0.0	1.73460105539	0.0	0.0	0.0	0.0	0.0	0.0	0.0	0.0	1.73460105539
0.0	0.0	2.1400661635	0.0	0.0	0.0	0.0	0.0	0.0	0.0	0.0	0.0	0.0	0.0	0.0	0.0
0.0	0.0	0.0	0.0	2.1400661635	0.0	0.0	0.0	0.0	0.0	0.0	0.0	0.0	0.0	0.0	0.0
0.0	2.1400661635	0.0	0.0	0.0	0.0	0.0	0.0	0.0	0.0	0.0	0.0	0.0	0.0	0.0	0.0
0.0	0.0	0.0	0.0	0.0	0.0	0.0	0.0	0.0	0.0	0.0	2.1400661635	0.0	0.0	0.0	0.0
0.0	0.0	0.0	0.0	2.1400661635	0.0	0.0	0.0	0.0	0.0	0.0	0.0	0.0	0.0	0.0	0.0
