0.0	1.8718021769	0.0	0.0	0.0	0.0	0.0	0.0	0.0	0.0	0.0	0.0
0.0	0.0	1.8718021769	0.0	0.0	0.0	0.0	0.0	0.0	0.0	0.0	0.0
0.0	0.0	0.0	0.0	0.0	0.0	0.0	0.0	0.0	1.8718021769	0.0	0.0
0.0	0.0	0.0	3.7436043538	0.0	0.0	0.0	0.0	0.0	0.0	0.0	0.0
0.0	0.0	0.0	0.0	0.0	0.0	0.0	0.0	1.8718021769	0.0	0.0	0.0
0.0	0.0	0.0	0.0	0.0	1.8718021769	0.0	0.0	0.0	0.0	0.0	0.0
0.0	0.0	0.0	0.0	0.0	0.0	0.0	0.0	0.0	1.8718021769	0.0	0.0
0.0	0.0	0.0	0.0	0.0	0.0	0.0	0.0	0.0	0.0	1.8718021769	0.0
0.0	1.8718021769	0.0	0.0	0.0	0.0	0.0	0.0	0.0	0.0	0.0	0.0
0.0	0.0	0.0	0.0	0.0	0.0	5.6154065307	0.0	0.0	0.0	0.0	0.0
0.0	0.0	0.0	0.0	0.0	0.0	0.0	0.0	0.0	0.0	0.0	1.8718021769
0.0	0.0	0.0	0.0	0.0	0.0	0.0	0.0	0.0	0.0	0.0	3.7436043538
0.0	0.0	0.0	0.0	0.0	0.0	0.0	0.0	0.0	0.0	1.8718021769	0.0
0.0	1.17865499634	2.35730999268	0.0	0.0	0.0	2.35730999268	0.0	0.0	0.0	0.0	0.0
0.0	1.46633706879	1.46633706879	0.0	0.0	0.0	0.0	0.0	0.0	0.0	0.0	0.0
0.0	0.0	0.0	0.0	0.0	0.0	0.0	5.6154065307	0.0	0.0	0.0	0.0
0.0	0.0	0.0	0.0	0.0	0.0	0.0	0.0	0.0	0.0	1.8718021769	0.0
0.0	0.0	0.0	0.0	0.0	0.0	0.0	1.8718021769	0.0	0.0	0.0	0.0
0.0	0.0	0.0	0.0	0.0	0.0	0.0	0.0	0.0	0.0	5.6154065307	0.0
0.0	1.46633706879	0.0	1.46633706879	0.0	0.0	0.0	0.0	0.0	0.0	0.0	0.0
0.0	0.0	0.0	0.0	0.0	3.7436043538	0.0	0.0	0.0	0.0	0.0	0.0
0.0	0.0	0.0	0.0	0.0	0.0	0.0	0.0	0.0	0.0	0.0	1.8718021769
0.0	0.0	0.0	0.0	0.0	1.8718021769	0.0	0.0	0.0	0.0	0.0	0.0
0.0	0.0	0.0	0.0	0.0	0.0	1.8718021769	0.0	0.0	0.0	0.0	0.0
0.0	0.0	0.0	0.0	0.0	0.0	0.0	0.0	0.0	0.0	1.8718021769	0.0
0.0	0.0	0.0	0.0	0.0	0.0	0.0	3.7436043538	0.0	0.0	0.0	0.0
0.0	0.0	0.0	0.0	0.0	0.0	0.0	0.0	1.8718021769	0.0	0.0	0.0
0.0	0.0	0.0	0.0	0.0	0.0	0.0	0.0	0.0	1.8718021769	0.0	0.0
0.0	0.0	0.0	0.0	0.0	1.8718021769	0.0	0.0	0.0	0.0	0.0	0.0
0.0	0.0	0.0	0.0	4.39901120638	0.0	0.0	0.0	0.0	0.0	2.93267413759	0.0
0.0	0.0	0.0	0.0	0.0	0.0	0.0	0.0	0.0	0.0	0.0	1.8718021769
0.0	0.0	0.0	0.0	0.0	0.0	1.8718021769	0.0	0.0	0.0	0.0	0.0
1.91102289005	0.0	0.0	0.0	0.955511445027	0.0	0.0	0.0	0.955511445027	0.0	0.0	1.91102289005
0.0	1.8718021769	0.0	0.0	0.0	0.0	0.0	0.0	0.0	0.0	0.0	0.0
0.0	0.0	0.0	1.8718021769	0.0	0.0	0.0	0.0	0.0	0.0	0.0	0.0
0.0	0.0	0.0	0.0	0.0	0.0	0.0	0.0	0.0	3.7436043538	0.0	0.0
0.955511445027	0.955511445027	0.0	0.0	1.91102289005	0.0	0.0	0.0	0.0	0.955511445027	0.0	0.0
0.0	0.0	0.0	0.0	0.0	0.0	1.8718021769	0.0	0.0	0.0	0.0	0.0
3.7436043538	0.0	0.0	0.0	0.0	0.0	0.0	0.0	0.0	0.0	0.0	0.0
0.0	0.0	0.0	0.0	0.0	0.0	0.0	0.0	0.0	0.0	0.0	3.7436043538
0.0	0.0	0.0	0.0	0.0	0.0	1.8718021769	0.0	0.0	0.0	0.0	0.0
0.0	0.0	0.0	0.0	1.17865499634	0.0	1.17865499634	0.0	0.0	1.17865499634	0.0	0.0
0.0	0.0	0.0	0.0	0.0	7.48720870761	0.0	0.0	0.0	0.0	0.0	0.0
0.0	0.0	0.0	0.0	0.0	0.0	0.0	0.0	0.0	0.0	1.8718021769	0.0
0.0	1.8718021769	0.0	0.0	0.0	0.0	0.0	0.0	0.0	0.0	0.0	0.0
0.0	0.0	0.0	0.0	0.0	1.8718021769	0.0	0.0	0.0	0.0	0.0	0.0
0.0	0.0	0.0	0.0	0.0	0.0	0.0	0.0	0.0	0.0	0.0	1.8718021769
0.0	0.0	0.0	0.0	0.0	0.0	1.8718021769	0.0	0.0	0.0	0.0	0.0
1.17865499634	0.0	0.0	0.0	0.0	0.0	2.35730999268	0.0	0.0	1.17865499634	0.0	0.0
0.0	0.0	1.8718021769	0.0	0.0	0.0	0.0	0.0	0.0	0.0	0.0	0.0
0.0	0.0	0.0	0.0	1.8718021769	0.0	0.0	0.0	0.0	0.0	0.0	0.0
0.0	0.0	2.35730999268	0.0	0.0	2.35730999268	0.0	1.17865499634	0.0	0.0	0.0	0.0
0.0	0.0	0.0	0.0	0.0	0.0	0.0	3.7436043538	0.0	0.0	0.0	0.0
0.0	0.0	0.0	0.0	0.0	0.0	0.0	0.0	0.0	1.8718021769	0.0	0.0
0.0	0.0	0.0	0.0	0.0	0.0	0.0	0.0	0.0	0.0	0.0	3.7436043538
1.8718021769	0.0	0.0	0.0	0.0	0.0	0.0	0.0	0.0	0.0	0.0	0.0
0.0	0.0	0.0	0.0	0.0	0.0	0.0	0.0	0.0	0.0	0.0	1.8718021769
0.0	0.0	0.0	0.0	0.0	1.8718021769	0.0	0.0	0.0	0.0	0.0	0.0
0.0	0.0	0.0	0.0	0.0	0.0	0.0	0.0	0.0	1.8718021769	0.0	0.0
0.0	0.0	0.0	1.8718021769	0.0	0.0	0.0	0.0	0.0	0.0	0.0	0.0
0.0	0.0	1.8718021769	0.0	0.0	0.0	0.0	0.0	0.0	0.0	0.0	0.0
0.0	0.0	0.0	0.0	0.0	1.8718021769	0.0	0.0	0.0	0.0	0.0	0.0
0.0	1.8718021769	0.0	0.0	0.0	0.0	0.0	0.0	0.0	0.0	0.0	0.0
0.955511445027	0.0	2.86653433508	0.0	0.0	0.0	0.955511445027	0.0	0.0	0.955511445027	0.0	0.0
0.0	1.8718021769	0.0	0.0	0.0	0.0	0.0	0.0	0.0	0.0	0.0	0.0
0.0	0.0	0.0	1.8718021769	0.0	0.0	0.0	0.0	0.0	0.0	0.0	0.0
0.0	0.0	0.0	0.0	0.0	1.8718021769	0.0	0.0	0.0	0.0	0.0	0.0
0.0	1.8718021769	0.0	0.0	0.0	0.0	0.0	0.0	0.0	0.0	0.0	0.0
0.0	0.0	0.0	0.0	0.0	0.0	0.0	0.0	0.0	0.0	0.0	1.8718021769
0.0	0.0	0.0	0.0	0.0	0.0	0.0	0.0	0.0	0.0	1.8718021769	0.0
0.0	0.0	0.0	0.0	0.0	0.0	0.0	0.0	0.0	0.0	0.0	1.8718021769
0.0	0.0	0.0	0.0	1.8718021769	0.0	0.0	0.0	0.0	0.0	0.0	0.0
0.0	0.0	0.0	0.0	0.0	0.0	1.8718021769	0.0	0.0	0.0	0.0	0.0
0.0	1.8718021769	0.0	0.0	0.0	0.0	0.0	0.0	0.0	0.0	0.0	0.0
1.17865499634	1.17865499634	1.17865499634	0.0	0.0	0.0	0.0	0.0	0.0	0.0	0.0	0.0
0.0	0.0	0.0	0.0	0.0	0.0	0.0	0.0	0.0	0.0	1.8718021769	0.0
0.0	0.0	0.0	0.0	0.0	0.0	0.0	0.0	2.93267413759	0.0	1.46633706879	0.0
0.0	1.8718021769	0.0	0.0	0.0	0.0	0.0	0.0	0.0	0.0	0.0	0.0
0.0	0.0	0.0	1.8718021769	0.0	0.0	0.0	0.0	0.0	0.0	0.0	0.0
0.0	0.0	0.0	0.0	0.0	3.7436043538	0.0	0.0	0.0	0.0	0.0	0.0
0.0	0.0	0.0	0.0	0.0	1.8718021769	0.0	0.0	0.0	0.0	0.0	0.0
0.0	0.0	3.7436043538	0.0	0.0	0.0	0.0	0.0	0.0	0.0	0.0	0.0
0.0	0.0	0.0	0.0	0.0	0.0	0.0	0.0	0.0	0.0	1.8718021769	0.0
0.0	0.0	0.0	1.8718021769	0.0	0.0	0.0	0.0	0.0	0.0	0.0	0.0
0.0	0.0	1.8718021769	0.0	0.0	0.0	0.0	0.0	0.0	0.0	0.0	0.0
0.0	0.0	0.0	0.0	0.0	0.0	0.0	1.8718021769	0.0	0.0	0.0	0.0
0.0	0.0	0.0	0.0	0.0	0.0	0.0	0.0	0.0	0.0	0.0	1.8718021769
0.0	0.0	0.0	0.0	0.0	0.0	0.0	1.17865499634	0.0	0.0	1.17865499634	1.17865499634
0.0	0.0	0.0	0.0	0.0	0.0	1.8718021769	0.0	0.0	0.0	0.0	0.0
0.0	0.0	0.0	0.0	0.0	0.0	0.0	0.0	0.0	0.0	1.8718021769	0.0
0.0	0.0	0.0	0.0	0.0	0.0	0.0	0.0	0.0	0.0	1.8718021769	0.0
0.0	0.0	0.0	0.0	0.0	0.0	0.0	0.0	0.0	2.93267413759	2.93267413759	0.0
0.0	0.0	0.0	0.0	0.0	0.0	0.0	1.8718021769	0.0	0.0	0.0	0.0
0.0	0.0	0.0	0.0	0.0	0.0	0.0	0.0	1.8718021769	0.0	0.0	0.0
0.0	1.8718021769	0.0	0.0	0.0	0.0	0.0	0.0	0.0	0.0	0.0	0.0
0.0	0.0	0.0	0.0	0.0	0.0	0.0	1.8718021769	0.0	0.0	0.0	0.0
0.0	0.0	0.0	0.0	0.0	0.0	0.0	0.0	0.0	0.0	0.0	1.8718021769
1.17865499634	0.0	0.0	0.0	0.0	0.0	0.0	0.0	0.0	0.0	1.17865499634	1.17865499634
0.0	0.0	0.0	0.0	0.0	0.0	0.0	0.0	0.0	0.0	0.0	1.8718021769
0.0	0.0	0.0	1.8718021769	0.0	0.0	0.0	0.0	0.0	0.0	0.0	0.0
0.0	0.0	0.0	0.0	0.0	0.0	0.0	1.8718021769	0.0	0.0	0.0	0.0
0.0	0.0	0.0	0.0	0.0	0.0	0.0	1.8718021769	0.0	0.0	0.0	0.0
0.0	0.0	0.0	1.17865499634	0.0	0.0	1.17865499634	1.17865499634	0.0	0.0	0.0	0.0
0.0	1.8718021769	0.0	0.0	0.0	0.0	0.0	0.0	0.0	0.0	0.0	0.0
0.0	1.8718021769	0.0	0.0	0.0	0.0	0.0	0.0	0.0	0.0	0.0	0.0
0.0	0.0	0.0	0.0	1.46633706879	1.46633706879	0.0	0.0	0.0	0.0	0.0	0.0
0.0	0.0	0.0	0.0	0.0	0.0	1.8718021769	0.0	0.0	0.0	0.0	0.0
0.0	0.0	0.0	0.0	0.0	3.7436043538	0.0	0.0	0.0	0.0	0.0	0.0
0.0	0.0	0.0	0.0	0.0	1.8718021769	0.0	0.0	0.0	0.0	0.0	0.0
0.0	3.7436043538	0.0	0.0	0.0	0.0	0.0	0.0	0.0	0.0	0.0	0.0
0.0	0.0	0.0	0.0	0.0	0.0	0.0	0.955511445027	0.955511445027	0.955511445027	0.955511445027	0.0
0.0	1.8718021769	0.0	0.0	0.0	0.0	0.0	0.0	0.0	0.0	0.0	0.0
0.0	0.0	0.0	0.0	0.0	0.0	0.0	1.8718021769	0.0	0.0	0.0	0.0
0.0	0.0	0.0	1.8718021769	0.0	0.0	0.0	0.0	0.0	0.0	0.0	0.0
0.0	0.0	1.46633706879	0.0	0.0	0.0	0.0	0.0	0.0	0.0	2.93267413759	0.0
0.0	0.0	0.0	0.0	0.0	0.0	0.0	0.0	0.0	0.0	0.0	1.8718021769
0.0	0.0	0.955511445027	0.0	0.0	0.955511445027	0.0	0.0	0.0	0.0	0.955511445027	0.955511445027
0.0	0.0	0.0	0.0	0.0	0.0	0.0	1.8718021769	0.0	0.0	0.0	0.0
0.0	0.0	1.8718021769	0.0	0.0	0.0	0.0	0.0	0.0	0.0	0.0	0.0
0.0	0.0	0.0	1.8718021769	0.0	0.0	0.0	0.0	0.0	0.0	0.0	0.0
0.0	0.0	0.0	0.0	0.0	0.0	1.8718021769	0.0	0.0	0.0	0.0	0.0
0.0	0.0	1.17865499634	0.0	0.0	1.17865499634	0.0	1.17865499634	0.0	0.0	0.0	0.0
1.46633706879	2.93267413759	0.0	0.0	0.0	0.0	0.0	0.0	0.0	0.0	0.0	0.0
0.0	0.0	0.0	0.0	0.0	0.0	0.0	0.0	0.0	0.0	0.0	1.8718021769
0.0	0.0	0.0	0.0	0.0	0.0	1.8718021769	0.0	0.0	0.0	0.0	0.0
0.0	0.0	0.0	0.0	1.8718021769	0.0	0.0	0.0	0.0	0.0	0.0	0.0
0.0	0.0	0.0	3.7436043538	0.0	0.0	0.0	0.0	0.0	0.0	0.0	0.0
0.0	1.8718021769	0.0	0.0	0.0	0.0	0.0	0.0	0.0	0.0	0.0	0.0
0.0	1.8718021769	0.0	0.0	0.0	0.0	0.0	0.0	0.0	0.0	0.0	0.0
0.0	0.0	0.0	0.0	0.0	1.8718021769	0.0	0.0	0.0	0.0	0.0	0.0
0.0	0.0	2.93267413759	0.0	0.0	0.0	0.0	1.46633706879	0.0	0.0	0.0	0.0
0.0	0.0	0.0	0.0	0.0	0.0	0.0	0.0	1.46633706879	0.0	1.46633706879	0.0
0.0	0.0	0.0	0.0	0.0	0.0	1.46633706879	0.0	0.0	0.0	2.93267413759	0.0
0.0	0.0	0.0	0.0	0.0	0.0	0.0	0.0	0.0	0.0	0.0	1.8718021769
0.0	0.0	0.0	0.0	0.0	0.0	0.0	0.0	0.0	0.0	1.8718021769	0.0
0.0	0.0	0.0	0.0	0.0	0.0	0.0	0.0	0.0	0.0	0.0	1.8718021769
0.0	0.0	0.0	0.0	0.0	1.8718021769	0.0	0.0	0.0	0.0	0.0	0.0
0.0	2.35730999268	1.17865499634	0.0	0.0	0.0	0.0	0.0	0.0	0.0	0.0	2.35730999268
3.7436043538	0.0	0.0	0.0	0.0	0.0	0.0	0.0	0.0	0.0	0.0	0.0
0.0	0.0	0.0	0.0	0.0	0.0	1.17865499634	0.0	0.0	1.17865499634	0.0	4.71461998537
0.0	1.8718021769	0.0	0.0	0.0	0.0	0.0	0.0	0.0	0.0	0.0	0.0
0.0	0.0	0.0	0.0	0.0	0.0	0.0	0.0	0.0	0.0	0.0	5.6154065307
0.0	1.8718021769	0.0	0.0	0.0	0.0	0.0	0.0	0.0	0.0	0.0	0.0
0.0	0.0	0.0	0.0	1.17865499634	1.17865499634	0.0	1.17865499634	0.0	0.0	0.0	0.0
0.0	1.8718021769	0.0	0.0	0.0	0.0	0.0	0.0	0.0	0.0	0.0	0.0
0.773189888233	3.86594944117	0.0	0.773189888233	0.0	0.0	0.773189888233	0.0	0.0	0.0	0.0	2.3195696647
0.0	1.8718021769	0.0	0.0	0.0	0.0	0.0	0.0	0.0	0.0	0.0	0.0
0.0	0.0	0.0	0.0	0.0	0.0	0.0	0.0	1.46633706879	0.0	1.46633706879	0.0
0.0	0.0	0.0	0.0	0.0	0.0	0.0	0.0	0.0	0.0	0.0	1.8718021769
0.0	0.0	0.0	1.8718021769	0.0	0.0	0.0	0.0	0.0	0.0	0.0	0.0
0.0	3.53596498902	0.0	0.0	0.0	0.0	0.0	0.0	0.0	0.0	1.17865499634	1.17865499634
0.0	0.0	0.0	0.0	0.0	0.0	5.6154065307	0.0	0.0	0.0	0.0	0.0
0.0	0.0	5.6154065307	0.0	0.0	0.0	0.0	0.0	0.0	0.0	0.0	0.0
3.7436043538	0.0	0.0	0.0	0.0	0.0	0.0	0.0	0.0	0.0	0.0	0.0
0.0	2.35730999268	0.0	0.0	0.0	0.0	0.0	1.17865499634	0.0	0.0	0.0	1.17865499634
0.0	0.0	1.8718021769	0.0	0.0	0.0	0.0	0.0	0.0	0.0	0.0	0.0
0.0	0.0	0.0	0.0	0.0	0.0	0.0	0.0	0.0	0.0	3.7436043538	0.0
0.0	0.0	0.0	0.0	0.0	0.0	0.0	0.0	0.0	0.0	0.0	3.7436043538
0.0	1.46633706879	1.46633706879	0.0	0.0	0.0	0.0	0.0	0.0	0.0	0.0	0.0
0.0	0.0	0.0	0.0	0.0	1.8718021769	0.0	0.0	0.0	0.0	0.0	0.0
0.0	1.8718021769	0.0	0.0	0.0	0.0	0.0	0.0	0.0	0.0	0.0	0.0
0.0	0.0	0.0	0.0	0.0	0.0	0.0	1.17865499634	1.17865499634	0.0	1.17865499634	0.0
0.0	1.8718021769	0.0	0.0	0.0	0.0	0.0	0.0	0.0	0.0	0.0	0.0
0.0	0.0	0.0	0.0	0.0	0.0	0.0	0.0	1.8718021769	0.0	0.0	0.0
0.0	0.0	0.0	0.0	0.0	0.0	0.0	0.0	0.0	0.0	1.8718021769	0.0
0.262364264467	0.262364264467	0.524728528935	0.0	0.262364264467	0.262364264467	0.262364264467	0.0	0.0	0.262364264467	0.262364264467	0.262364264467
0.0	0.0	0.0	0.0	1.8718021769	0.0	0.0	0.0	0.0	0.0	0.0	0.0
0.0	0.0	0.0	0.0	1.46633706879	0.0	0.0	0.0	0.0	0.0	0.0	1.46633706879
0.0	0.0	0.0	0.0	0.0	0.0	0.0	1.8718021769	0.0	0.0	0.0	0.0
0.0	0.0	0.0	0.0	0.0	0.0	0.0	0.0	1.46633706879	0.0	5.86534827517	0.0
0.0	0.0	0.0	0.0	0.0	0.0	0.0	0.0	0.0	0.0	1.8718021769	0.0
0.0	0.0	0.0	0.0	1.8718021769	0.0	0.0	0.0	0.0	0.0	0.0	0.0
0.0	0.0	0.0	1.8718021769	0.0	0.0	0.0	0.0	0.0	0.0	0.0	0.0
0.0	0.0	0.0	0.0	0.0	0.0	0.0	0.0	0.0	1.8718021769	0.0	0.0
0.0	0.0	0.0	0.0	0.0	1.8718021769	0.0	0.0	0.0	0.0	0.0	0.0
0.0	0.0	0.0	1.8718021769	0.0	0.0	0.0	0.0	0.0	0.0	0.0	0.0
0.0	1.8718021769	0.0	0.0	0.0	0.0	0.0	0.0	0.0	0.0	0.0	0.0
0.0	0.0	0.0	0.0	0.0	1.8718021769	0.0	0.0	0.0	0.0	0.0	0.0
0.0	0.0	0.0	1.8718021769	0.0	0.0	0.0	0.0	0.0	0.0	0.0	0.0
0.0	3.7436043538	0.0	0.0	0.0	0.0	0.0	0.0	0.0	0.0	0.0	0.0
0.0	1.46633706879	0.0	0.0	0.0	0.0	0.0	0.0	0.0	0.0	0.0	1.46633706879
0.0	0.0	0.0	0.0	0.0	0.0	0.0	0.0	0.0	0.0	0.0	1.8718021769
0.0	0.0	0.0	0.0	0.0	0.0	0.0	0.0	0.0	0.0	1.8718021769	0.0
0.0	0.0	0.0	0.0	0.0	0.0	0.0	1.8718021769	0.0	0.0	0.0	0.0
0.0	0.0	0.0	0.0	0.0	0.0	0.0	0.0	0.0	0.0	0.0	1.8718021769
0.0	0.0	1.8718021769	0.0	0.0	0.0	0.0	0.0	0.0	0.0	0.0	0.0
0.0	0.0	0.0	0.0	0.0	0.0	0.0	1.8718021769	0.0	0.0	0.0	0.0
0.0	2.35730999268	0.0	1.17865499634	0.0	0.0	1.17865499634	0.0	0.0	0.0	0.0	0.0
0.0	0.0	0.0	0.0	0.0	0.0	0.0	0.0	1.46633706879	0.0	1.46633706879	0.0
0.0	0.0	0.0	0.0	0.0	0.0	1.8718021769	0.0	0.0	0.0	0.0	0.0
0.0	0.0	0.0	0.0	0.0	0.0	1.8718021769	0.0	0.0	0.0	0.0	0.0
0.0	0.0	0.0	0.0	0.0	0.0	0.0	0.0	0.0	0.0	1.8718021769	0.0
0.0	0.0	0.0	0.0	0.0	0.0	0.0	0.0	0.0	0.0	1.8718021769	0.0
0.0	0.0	0.0	0.0	1.8718021769	0.0	0.0	0.0	0.0	0.0	0.0	0.0
0.0	0.0	0.0	0.0	0.0	0.0	2.93267413759	0.0	0.0	0.0	1.46633706879	0.0
0.0	0.0	0.0	0.0	0.0	0.0	0.0	0.0	0.0	0.0	1.8718021769	0.0
0.0	0.0	1.8718021769	0.0	0.0	0.0	0.0	0.0	0.0	0.0	0.0	0.0
0.0	0.0	0.0	3.7436043538	0.0	0.0	0.0	0.0	0.0	0.0	0.0	0.0
0.0	0.0	0.0	0.0	0.0	0.0	0.0	0.0	0.0	1.8718021769	0.0	0.0
0.0	0.0	2.3195696647	0.773189888233	0.0	0.773189888233	0.773189888233	0.0	0.773189888233	0.0	0.0	0.0
0.0	0.0	3.7436043538	0.0	0.0	0.0	0.0	0.0	0.0	0.0	0.0	0.0
0.0	0.0	7.48720870761	0.0	0.0	0.0	0.0	0.0	0.0	0.0	0.0	0.0
1.8718021769	0.0	0.0	0.0	0.0	0.0	0.0	0.0	0.0	0.0	0.0	0.0
0.0	0.0	0.0	0.0	0.0	0.0	0.0	1.8718021769	0.0	0.0	0.0	0.0
0.0	0.0	0.0	0.0	0.0	0.0	4.71461998537	0.0	1.17865499634	0.0	5.89327498171	0.0
0.0	0.0	0.0	0.0	0.0	0.0	0.0	0.0	1.17865499634	0.0	1.17865499634	1.17865499634
0.0	1.8718021769	0.0	0.0	0.0	0.0	0.0	0.0	0.0	0.0	0.0	0.0
0.0	0.0	0.0	0.0	0.0	0.0	0.0	1.46633706879	0.0	0.0	0.0	1.46633706879
0.0	0.0	0.0	0.0	0.0	3.7436043538	0.0	0.0	0.0	0.0	0.0	0.0
0.0	0.0	1.8718021769	0.0	0.0	0.0	0.0	0.0	0.0	0.0	0.0	0.0
0.0	0.0	1.8718021769	0.0	0.0	0.0	0.0	0.0	0.0	0.0	0.0	0.0
0.0	0.0	0.0	0.0	0.0	0.0	0.0	1.8718021769	0.0	0.0	0.0	0.0
0.0	2.93267413759	0.0	0.0	0.0	0.0	0.0	1.46633706879	0.0	0.0	0.0	0.0
0.0	1.8718021769	0.0	0.0	0.0	0.0	0.0	0.0	0.0	0.0	0.0	0.0
0.0	0.0	1.46633706879	0.0	0.0	0.0	0.0	1.46633706879	0.0	0.0	0.0	0.0
0.0	0.0	0.0	0.0	0.0	0.0	0.0	0.0	0.0	0.0	0.0	1.8718021769
0.0	0.0	0.0	0.0	0.0	0.0	0.0	0.0	0.0	1.8718021769	0.0	0.0
0.0	0.0	0.0	0.0	0.0	0.0	0.0	0.0	0.0	0.0	0.0	14.9744174152
0.0	0.0	0.0	0.0	0.0	0.0	0.0	0.0	0.0	0.0	0.0	1.8718021769
0.0	0.0	0.0	0.0	1.17865499634	0.0	0.0	0.0	1.17865499634	0.0	1.17865499634	0.0
0.0	0.0	0.0	0.0	0.0	3.7436043538	0.0	0.0	0.0	0.0	0.0	0.0
0.0	0.0	0.0	0.0	0.0	0.0	0.0	0.0	0.0	1.8718021769	0.0	0.0
0.0	0.0	0.0	0.0	0.0	0.0	0.0	0.0	0.0	0.0	3.7436043538	0.0
0.0	0.0	0.0	0.0	0.0	0.0	0.0	0.0	0.0	0.0	0.0	3.7436043538
0.0	0.0	0.0	0.0	0.0	0.0	0.0	0.0	0.0	0.0	0.0	1.8718021769
0.0	0.0	0.0	0.0	0.0	0.0	1.8718021769	0.0	0.0	0.0	0.0	0.0
0.0	0.0	1.46633706879	1.46633706879	0.0	0.0	0.0	0.0	0.0	0.0	0.0	0.0
0.0	0.0	0.0	0.0	0.0	0.0	1.8718021769	0.0	0.0	0.0	0.0	0.0
0.0	1.8718021769	0.0	0.0	0.0	0.0	0.0	0.0	0.0	0.0	0.0	0.0
0.0	0.0	1.8718021769	0.0	0.0	0.0	0.0	0.0	0.0	0.0	0.0	0.0
0.0	0.0	0.0	0.0	0.0	0.0	0.0	0.0	0.0	0.0	0.0	3.7436043538
0.0	9.35901088451	0.0	0.0	0.0	0.0	0.0	0.0	0.0	0.0	0.0	0.0
0.0	0.0	0.0	0.0	0.0	0.0	0.0	0.0	0.0	1.8718021769	0.0	0.0
0.0	0.0	0.0	0.0	0.0	1.8718021769	0.0	0.0	0.0	0.0	0.0	0.0
0.0	0.0	0.0	0.0	0.0	0.0	0.0	1.8718021769	0.0	0.0	0.0	0.0
0.0	0.0	0.0	0.0	0.0	0.0	0.0	0.0	0.0	0.0	1.8718021769	0.0
0.0	1.8718021769	0.0	0.0	0.0	0.0	0.0	0.0	0.0	0.0	0.0	0.0
0.0	3.7436043538	0.0	0.0	0.0	0.0	0.0	0.0	0.0	0.0	0.0	0.0
0.0	0.0	0.0	0.0	0.0	0.0	0.0	0.0	0.0	0.0	5.6154065307	0.0
0.0	1.8718021769	0.0	0.0	0.0	0.0	0.0	0.0	0.0	0.0	0.0	0.0
0.0	0.0	0.0	0.0	0.0	0.0	0.0	1.8718021769	0.0	0.0	0.0	0.0
0.0	0.0	0.0	0.0	0.0	0.0	0.0	0.0	0.0	1.8718021769	0.0	0.0
0.0	0.0	1.8718021769	0.0	0.0	0.0	0.0	0.0	0.0	0.0	0.0	0.0
0.0	0.0	1.8718021769	0.0	0.0	0.0	0.0	0.0	0.0	0.0	0.0	0.0
0.0	0.0	0.0	1.8718021769	0.0	0.0	0.0	0.0	0.0	0.0	0.0	0.0
0.0	1.8718021769	0.0	0.0	0.0	0.0	0.0	0.0	0.0	0.0	0.0	0.0
1.17865499634	1.17865499634	0.0	1.17865499634	0.0	0.0	0.0	0.0	0.0	0.0	0.0	0.0
0.0	1.8718021769	0.0	0.0	0.0	0.0	0.0	0.0	0.0	0.0	0.0	0.0
0.0	0.0	0.0	1.8718021769	0.0	0.0	0.0	0.0	0.0	0.0	0.0	0.0
0.0	0.0	0.0	0.0	0.0	0.0	1.8718021769	0.0	0.0	0.0	0.0	0.0
0.0	0.0	0.0	0.0	0.0	1.46633706879	0.0	0.0	0.0	0.0	2.93267413759	0.0
0.0	0.0	0.0	0.0	0.0	0.0	0.0	1.8718021769	0.0	0.0	0.0	0.0
0.0	0.0	0.0	0.0	1.46633706879	0.0	0.0	0.0	0.0	0.0	1.46633706879	0.0
0.0	0.0	0.0	0.0	0.0	1.8718021769	0.0	0.0	0.0	0.0	0.0	0.0
0.0	0.0	0.0	0.0	1.8718021769	0.0	0.0	0.0	0.0	0.0	0.0	0.0
0.0	0.0	0.0	0.0	0.0	0.0	1.46633706879	0.0	0.0	0.0	0.0	1.46633706879
0.0	0.0	0.0	2.35730999268	0.0	0.0	0.0	3.53596498902	0.0	0.0	0.0	1.17865499634
0.0	0.0	0.0	0.0	0.0	0.0	3.7436043538	0.0	0.0	0.0	0.0	0.0
0.0	0.0	0.0	0.0	0.0	0.0	0.0	0.0	0.0	0.0	0.0	1.8718021769
0.0	5.6154065307	0.0	0.0	0.0	0.0	0.0	0.0	0.0	0.0	0.0	0.0
1.8718021769	0.0	0.0	0.0	0.0	0.0	0.0	0.0	0.0	0.0	0.0	0.0
0.0	0.0	0.0	0.0	0.0	0.0	0.0	0.0	0.0	0.0	0.0	1.8718021769
0.0	5.86534827517	0.0	0.0	0.0	0.0	0.0	0.0	0.0	0.0	1.46633706879	0.0
0.0	0.0	0.0	0.0	0.0	0.0	0.0	0.0	0.0	0.0	0.0	1.8718021769
0.0	0.0	0.0	0.0	0.0	0.0	0.0	0.0	0.0	0.0	0.0	1.8718021769
0.0	0.0	0.0	0.0	0.0	11.2308130614	0.0	0.0	0.0	0.0	0.0	0.0
0.0	0.0	0.0	0.0	0.0	0.0	0.0	0.0	0.0	1.8718021769	0.0	0.0
0.0	0.0	1.46633706879	0.0	0.0	0.0	0.0	0.0	0.0	0.0	1.46633706879	0.0
0.0	0.0	0.0	0.0	0.0	0.0	0.0	0.0	0.0	0.0	0.0	1.8718021769
0.0	0.0	1.46633706879	0.0	0.0	0.0	0.0	0.0	0.0	0.0	0.0	1.46633706879
1.8718021769	0.0	0.0	0.0	0.0	0.0	0.0	0.0	0.0	0.0	0.0	0.0
0.0	0.0	0.0	0.0	0.0	0.0	0.0	0.0	0.0	0.0	0.0	3.7436043538
0.0	0.0	1.8718021769	0.0	0.0	0.0	0.0	0.0	0.0	0.0	0.0	0.0
0.0	0.0	0.0	0.0	0.0	0.0	0.0	1.8718021769	0.0	0.0	0.0	0.0
0.0	0.0	0.0	0.0	0.0	0.0	0.0	0.0	0.0	0.0	0.0	1.8718021769
0.0	0.0	0.0	0.0	0.0	0.0	0.0	0.0	0.0	0.0	0.0	1.8718021769
0.0	0.0	0.0	0.0	0.0	0.0	0.0	0.0	0.0	0.0	0.0	1.8718021769
3.7436043538	0.0	0.0	0.0	0.0	0.0	0.0	0.0	0.0	0.0	0.0	0.0
0.0	1.8718021769	0.0	0.0	0.0	0.0	0.0	0.0	0.0	0.0	0.0	0.0
0.0	0.0	1.46633706879	1.46633706879	0.0	0.0	0.0	0.0	0.0	0.0	0.0	0.0
0.0	0.0	0.0	1.8718021769	0.0	0.0	0.0	0.0	0.0	0.0	0.0	0.0
0.0	0.0	0.0	0.0	0.0	0.0	1.46633706879	0.0	0.0	0.0	0.0	1.46633706879
0.0	1.8718021769	0.0	0.0	0.0	0.0	0.0	0.0	0.0	0.0	0.0	0.0
0.0	0.0	0.0	0.0	0.0	0.0	0.0	0.0	0.0	0.0	0.0	1.8718021769
0.0	0.0	0.0	0.0	0.0	0.0	0.0	0.0	0.0	0.0	1.8718021769	0.0
0.0	0.0	0.0	0.0	0.0	1.8718021769	0.0	0.0	0.0	0.0	0.0	0.0
0.0	0.0	0.0	0.0	0.0	0.0	0.0	1.8718021769	0.0	0.0	0.0	0.0
0.0	0.0	0.0	0.0	0.0	0.0	0.0	0.0	0.0	0.0	0.0	1.8718021769
0.0	1.8718021769	0.0	0.0	0.0	0.0	0.0	0.0	0.0	0.0	0.0	0.0
0.0	0.0	0.0	0.0	0.0	1.8718021769	0.0	0.0	0.0	0.0	0.0	0.0
0.0	0.0	0.0	0.0	0.0	1.8718021769	0.0	0.0	0.0	0.0	0.0	0.0
0.0	0.0	0.0	0.0	0.0	0.0	0.0	0.0	0.0	0.0	1.8718021769	0.0
0.0	0.0	1.8718021769	0.0	0.0	0.0	0.0	0.0	0.0	0.0	0.0	0.0
0.0	1.8718021769	0.0	0.0	0.0	0.0	0.0	0.0	0.0	0.0	0.0	0.0
0.0	2.93267413759	0.0	0.0	0.0	0.0	0.0	0.0	0.0	0.0	1.46633706879	0.0
0.0	0.0	0.0	5.6154065307	0.0	0.0	0.0	0.0	0.0	0.0	0.0	0.0
0.0	0.0	0.0	1.8718021769	0.0	0.0	0.0	0.0	0.0	0.0	0.0	0.0
0.0	1.8718021769	0.0	0.0	0.0	0.0	0.0	0.0	0.0	0.0	0.0	0.0
1.46633706879	0.0	0.0	0.0	0.0	0.0	0.0	0.0	1.46633706879	0.0	0.0	0.0
0.0	0.0	0.0	0.0	0.0	0.0	0.0	0.0	1.8718021769	0.0	0.0	0.0
0.0	0.0	0.0	1.8718021769	0.0	0.0	0.0	0.0	0.0	0.0	0.0	0.0
0.0	0.0	0.0	0.0	0.0	0.0	0.0	0.0	0.0	0.0	0.0	1.8718021769
0.0	0.0	0.0	0.0	0.0	0.0	0.0	0.0	1.8718021769	0.0	0.0	0.0
0.0	0.0	1.8718021769	0.0	0.0	0.0	0.0	0.0	0.0	0.0	0.0	0.0
0.0	1.8718021769	0.0	0.0	0.0	0.0	0.0	0.0	0.0	0.0	0.0	0.0
0.0	0.0	0.0	0.0	0.0	0.0	0.0	0.0	0.0	0.0	0.0	11.2308130614
0.0	0.0	0.0	0.0	0.0	0.0	0.0	0.0	0.0	0.0	0.0	5.6154065307
0.0	0.0	0.0	0.0	0.0	1.8718021769	0.0	0.0	0.0	0.0	0.0	0.0
0.0	0.0	0.0	0.0	0.0	1.8718021769	0.0	0.0	0.0	0.0	0.0	0.0
0.0	0.0	0.0	0.0	0.0	0.0	0.0	0.0	0.0	1.8718021769	0.0	0.0
0.0	0.0	0.0	0.0	0.0	0.0	0.0	0.0	0.0	1.8718021769	0.0	0.0
0.0	0.0	0.0	1.8718021769	0.0	0.0	0.0	0.0	0.0	0.0	0.0	0.0
0.0	0.0	0.0	0.0	0.0	0.0	0.0	0.0	0.0	0.0	1.8718021769	0.0
0.0	0.0	0.0	0.0	0.0	0.0	0.0	0.0	0.0	1.8718021769	0.0	0.0
0.0	0.0	1.8718021769	0.0	0.0	0.0	0.0	0.0	0.0	0.0	0.0	0.0
0.0	0.0	1.8718021769	0.0	0.0	0.0	0.0	0.0	0.0	0.0	0.0	0.0
0.0	0.0	0.0	0.0	0.0	0.0	0.0	1.8718021769	0.0	0.0	0.0	0.0
0.0	1.8718021769	0.0	0.0	0.0	0.0	0.0	0.0	0.0	0.0	0.0	0.0
0.0	0.0	0.0	0.0	0.0	0.0	0.0	0.0	1.8718021769	0.0	0.0	0.0
0.0	0.0	0.0	0.0	0.0	0.0	0.0	1.8718021769	0.0	0.0	0.0	0.0
0.0	0.0	0.0	0.0	0.0	0.0	1.8718021769	0.0	0.0	0.0	0.0	0.0
1.8718021769	0.0	0.0	0.0	0.0	0.0	0.0	0.0	0.0	0.0	0.0	0.0
0.0	0.0	0.0	0.0	0.0	1.8718021769	0.0	0.0	0.0	0.0	0.0	0.0
0.0	0.0	0.0	0.0	0.0	0.0	0.0	16.8462195921	0.0	0.0	0.0	0.0
0.0	0.0	0.0	1.17865499634	1.17865499634	0.0	0.0	1.17865499634	0.0	0.0	0.0	0.0
0.0	0.0	0.0	0.0	0.0	0.0	1.8718021769	0.0	0.0	0.0	0.0	0.0
0.0	0.0	0.0	0.0	0.0	0.0	0.0	0.0	0.0	0.0	0.0	1.8718021769
0.0	1.8718021769	0.0	0.0	0.0	0.0	0.0	0.0	0.0	0.0	0.0	0.0
0.0	0.0	1.8718021769	0.0	0.0	0.0	0.0	0.0	0.0	0.0	0.0	0.0
0.0	0.0	0.0	0.0	0.0	0.0	0.0	1.8718021769	0.0	0.0	0.0	0.0
0.0	1.46633706879	0.0	1.46633706879	0.0	0.0	0.0	0.0	0.0	0.0	0.0	0.0
0.0	0.0	0.0	0.0	0.0	0.0	0.0	0.0	1.8718021769	0.0	0.0	0.0
0.0	1.8718021769	0.0	0.0	0.0	0.0	0.0	0.0	0.0	0.0	0.0	0.0
0.0	5.6154065307	0.0	0.0	0.0	0.0	0.0	0.0	0.0	0.0	0.0	0.0
0.0	0.0	0.0	0.0	0.0	0.0	0.0	0.0	0.0	0.0	0.0	1.8718021769
0.0	0.0	1.8718021769	0.0	0.0	0.0	0.0	0.0	0.0	0.0	0.0	0.0
0.0	0.0	0.0	0.0	0.0	0.0	0.0	0.0	0.0	0.0	1.8718021769	0.0
0.0	0.0	0.0	0.0	0.0	0.0	0.0	0.0	0.0	0.0	0.0	1.8718021769
0.0	0.0	11.2308130614	0.0	0.0	0.0	0.0	0.0	0.0	0.0	0.0	0.0
1.8718021769	0.0	0.0	0.0	0.0	0.0	0.0	0.0	0.0	0.0	0.0	0.0
0.0	0.0	0.0	0.0	0.0	0.0	0.955511445027	0.955511445027	0.955511445027	0.0	0.0	0.955511445027
0.0	0.0	0.0	0.0	0.0	0.0	1.8718021769	0.0	0.0	0.0	0.0	0.0
0.0	0.0	0.0	0.0	0.0	0.0	0.0	0.0	0.0	0.0	1.8718021769	0.0
0.0	0.0	7.48720870761	0.0	0.0	0.0	0.0	0.0	0.0	0.0	0.0	0.0
0.0	2.35730999268	0.0	0.0	0.0	0.0	1.17865499634	1.17865499634	0.0	0.0	0.0	0.0
0.0	0.0	0.0	0.0	0.0	0.0	0.0	0.0	0.0	7.48720870761	0.0	0.0
0.0	0.0	0.0	0.0	0.0	0.0	0.0	0.0	0.0	0.0	0.0	3.7436043538
0.0	0.0	0.0	0.0	0.0	0.0	0.0	1.8718021769	0.0	0.0	0.0	0.0
0.0	1.46633706879	0.0	0.0	0.0	0.0	0.0	0.0	0.0	0.0	0.0	1.46633706879
0.0	0.0	0.0	0.0	0.0	1.8718021769	0.0	0.0	0.0	0.0	0.0	0.0
0.0	1.8718021769	0.0	0.0	0.0	0.0	0.0	0.0	0.0	0.0	0.0	0.0
0.0	0.0	0.0	1.8718021769	0.0	0.0	0.0	0.0	0.0	0.0	0.0	0.0
0.0	3.7436043538	0.0	0.0	0.0	0.0	0.0	0.0	0.0	0.0	0.0	0.0
0.0	1.8718021769	0.0	0.0	0.0	0.0	0.0	0.0	0.0	0.0	0.0	0.0
0.0	0.0	0.0	0.0	0.0	0.0	0.0	1.8718021769	0.0	0.0	0.0	0.0
0.0	0.0	0.0	0.0	0.0	0.0	0.0	0.0	0.0	0.0	0.0	1.8718021769
0.0	3.7436043538	0.0	0.0	0.0	0.0	0.0	0.0	0.0	0.0	0.0	0.0
0.0	0.0	0.0	0.0	0.955511445027	0.955511445027	0.0	0.0	1.91102289005	0.0	0.0	0.955511445027
0.0	0.0	0.0	0.0	0.0	0.0	0.0	0.0	0.0	0.0	1.8718021769	0.0
0.0	1.8718021769	0.0	0.0	0.0	0.0	0.0	0.0	0.0	0.0	0.0	0.0
0.0	0.0	0.0	0.0	0.0	0.0	3.7436043538	0.0	0.0	0.0	0.0	0.0
0.0	0.0	0.0	0.0	0.0	0.0	0.0	0.0	1.8718021769	0.0	0.0	0.0
0.0	0.0	0.0	0.0	0.0	0.0	0.0	0.0	0.0	0.0	1.8718021769	0.0
0.0	0.0	0.0	0.0	0.0	0.0	0.0	0.0	0.0	1.8718021769	0.0	0.0
0.0	0.0	1.46633706879	0.0	0.0	0.0	0.0	0.0	0.0	1.46633706879	0.0	0.0
0.0	0.955511445027	0.0	0.0	0.0	0.0	0.955511445027	0.955511445027	0.0	0.0	0.955511445027	0.0
0.0	0.0	0.0	0.0	0.0	1.8718021769	0.0	0.0	0.0	0.0	0.0	0.0
0.0	0.0	0.0	0.0	0.0	0.0	0.0	0.0	1.8718021769	0.0	0.0	0.0
0.0	0.0	0.0	0.0	0.0	0.0	0.0	0.0	0.0	0.0	0.0	1.8718021769
0.0	0.0	0.0	0.0	0.0	0.0	0.0	1.8718021769	0.0	0.0	0.0	0.0
0.0	0.0	0.0	0.0	0.0	0.0	0.0	0.0	0.0	0.0	0.0	1.8718021769
0.0	0.0	0.0	0.0	0.0	0.0	0.0	0.0	0.0	0.0	1.8718021769	0.0
0.0	0.0	0.0	0.0	0.0	1.8718021769	0.0	0.0	0.0	0.0	0.0	0.0
0.0	0.0	0.0	9.35901088451	0.0	0.0	0.0	0.0	0.0	0.0	0.0	0.0
0.0	0.0	0.0	0.0	0.0	1.8718021769	0.0	0.0	0.0	0.0	0.0	0.0
0.0	0.0	1.8718021769	0.0	0.0	0.0	0.0	0.0	0.0	0.0	0.0	0.0
0.0	0.0	0.0	0.0	0.0	0.0	0.0	0.0	0.0	1.8718021769	0.0	0.0
0.0	0.0	2.93267413759	2.93267413759	0.0	0.0	0.0	0.0	0.0	0.0	0.0	0.0
1.8718021769	0.0	0.0	0.0	0.0	0.0	0.0	0.0	0.0	0.0	0.0	0.0
0.0	0.0	0.0	0.0	0.0	0.0	0.0	0.0	0.0	0.0	3.7436043538	0.0
0.0	0.0	0.0	1.8718021769	0.0	0.0	0.0	0.0	0.0	0.0	0.0	0.0
0.0	0.0	0.0	0.0	0.0	0.0	0.0	0.0	0.0	0.0	0.0	1.8718021769
0.0	1.46633706879	0.0	0.0	0.0	1.46633706879	0.0	0.0	0.0	0.0	0.0	0.0
0.0	0.0	0.0	0.0	0.0	0.0	0.0	0.0	0.0	1.8718021769	0.0	0.0
0.0	0.0	0.0	0.0	0.0	0.0	0.0	0.0	0.0	0.0	0.0	1.8718021769
0.0	0.0	0.0	0.0	0.0	0.0	0.0	0.0	1.8718021769	0.0	0.0	0.0
1.8718021769	0.0	0.0	0.0	0.0	0.0	0.0	0.0	0.0	0.0	0.0	0.0
0.0	0.0	0.0	0.0	0.0	0.0	0.0	1.8718021769	0.0	0.0	0.0	0.0
0.0	0.0	3.7436043538	0.0	0.0	0.0	0.0	0.0	0.0	0.0	0.0	0.0
0.0	0.0	0.0	0.0	0.0	1.8718021769	0.0	0.0	0.0	0.0	0.0	0.0
0.0	0.0	0.0	0.0	0.0	0.0	3.7436043538	0.0	0.0	0.0	0.0	0.0
0.0	0.0	0.0	0.0	0.0	0.0	1.8718021769	0.0	0.0	0.0	0.0	0.0
0.0	0.0	3.7436043538	0.0	0.0	0.0	0.0	0.0	0.0	0.0	0.0	0.0
1.46633706879	4.39901120638	0.0	0.0	0.0	0.0	0.0	0.0	0.0	0.0	0.0	0.0
0.0	0.0	0.0	0.0	0.0	0.0	0.0	1.8718021769	0.0	0.0	0.0	0.0
0.0	5.6154065307	0.0	0.0	0.0	0.0	0.0	0.0	0.0	0.0	0.0	0.0
0.0	0.0	0.0	0.0	0.0	0.0	0.0	0.0	0.0	0.0	1.8718021769	0.0
0.0	0.0	0.0	0.0	0.0	3.7436043538	0.0	0.0	0.0	0.0	0.0	0.0
0.0	0.0	0.0	0.0	0.0	0.0	1.8718021769	0.0	0.0	0.0	0.0	0.0
0.0	0.0	0.0	0.0	0.0	0.0	0.0	0.0	0.0	0.0	0.0	1.8718021769
0.0	0.0	0.0	1.8718021769	0.0	0.0	0.0	0.0	0.0	0.0	0.0	0.0
0.0	0.0	3.7436043538	0.0	0.0	0.0	0.0	0.0	0.0	0.0	0.0	0.0
0.0	0.0	0.0	0.0	0.0	0.0	0.0	0.0	0.0	0.0	1.8718021769	0.0
0.0	0.0	0.0	0.0	0.0	1.8718021769	0.0	0.0	0.0	0.0	0.0	0.0
0.0	0.0	0.0	1.8718021769	0.0	0.0	0.0	0.0	0.0	0.0	0.0	0.0
0.0	0.0	3.7436043538	0.0	0.0	0.0	0.0	0.0	0.0	0.0	0.0	0.0
0.0	0.0	0.0	0.0	0.0	0.0	0.0	0.0	0.0	0.0	1.8718021769	0.0
0.0	1.46633706879	0.0	0.0	0.0	0.0	0.0	0.0	0.0	0.0	0.0	1.46633706879
0.0	0.0	0.0	0.0	0.0	0.0	1.8718021769	0.0	0.0	0.0	0.0	0.0
0.0	0.0	0.0	0.0	0.0	0.0	0.0	0.0	0.0	0.0	0.0	1.8718021769
0.619039208406	0.0	0.619039208406	0.619039208406	0.0	0.619039208406	0.619039208406	0.0	0.0	0.0	0.0	0.619039208406
0.0	0.0	0.0	0.0	0.0	0.0	0.0	0.0	0.0	0.0	1.8718021769	0.0
0.0	0.0	0.0	0.0	0.0	1.8718021769	0.0	0.0	0.0	0.0	0.0	0.0
0.0	2.86653433508	0.0	0.955511445027	0.0	0.0	0.0	0.955511445027	0.0	0.0	0.0	0.955511445027
0.0	0.0	7.48720870761	0.0	0.0	0.0	0.0	0.0	0.0	0.0	0.0	0.0
1.8718021769	0.0	0.0	0.0	0.0	0.0	0.0	0.0	0.0	0.0	0.0	0.0
0.0	0.0	0.0	0.0	0.0	0.0	1.8718021769	0.0	0.0	0.0	0.0	0.0
0.0	0.0	0.0	0.0	0.0	0.0	0.0	0.0	0.0	1.8718021769	0.0	0.0
0.0	0.0	0.0	1.46633706879	0.0	0.0	0.0	0.0	0.0	0.0	1.46633706879	0.0
0.0	0.0	0.0	0.0	0.0	0.0	0.0	0.0	0.0	3.7436043538	0.0	0.0
0.0	0.0	0.0	0.0	0.0	0.0	1.8718021769	0.0	0.0	0.0	0.0	0.0
0.0	0.0	0.0	0.0	0.0	1.46633706879	1.46633706879	0.0	0.0	0.0	0.0	0.0
0.0	0.0	0.0	1.46633706879	0.0	0.0	0.0	1.46633706879	0.0	0.0	0.0	0.0
0.0	0.0	7.48720870761	0.0	0.0	0.0	0.0	0.0	0.0	0.0	0.0	0.0
0.0	0.0	0.0	0.0	0.0	0.0	0.0	0.0	0.0	0.0	0.0	3.7436043538
0.0	0.0	0.0	0.0	0.0	0.0	0.0	1.46633706879	0.0	0.0	4.39901120638	0.0
0.0	0.0	0.0	0.0	0.0	0.0	0.0	0.0	0.0	0.0	0.0	3.7436043538
0.0	1.8718021769	0.0	0.0	0.0	0.0	0.0	0.0	0.0	0.0	0.0	0.0
0.0	1.8718021769	0.0	0.0	0.0	0.0	0.0	0.0	0.0	0.0	0.0	0.0
0.0	0.0	0.0	0.0	0.0	0.0	0.0	1.8718021769	0.0	0.0	0.0	0.0
0.0	0.0	0.0	0.0	0.0	0.0	0.0	3.7436043538	0.0	0.0	0.0	0.0
0.0	0.0	0.0	0.0	0.0	5.6154065307	0.0	0.0	0.0	0.0	0.0	0.0
0.0	0.0	0.0	0.0	0.0	0.0	0.0	1.8718021769	0.0	0.0	0.0	0.0
0.0	0.0	0.0	0.0	0.0	1.8718021769	0.0	0.0	0.0	0.0	0.0	0.0
0.0	0.0	0.0	1.8718021769	0.0	0.0	0.0	0.0	0.0	0.0	0.0	0.0
0.0	0.0	0.0	1.8718021769	0.0	0.0	0.0	0.0	0.0	0.0	0.0	0.0
0.0	0.0	0.0	0.0	0.0	0.0	0.0	0.0	0.0	0.0	0.0	1.8718021769
0.0	0.0	1.8718021769	0.0	0.0	0.0	0.0	0.0	0.0	0.0	0.0	0.0
0.0	1.8718021769	0.0	0.0	0.0	0.0	0.0	0.0	0.0	0.0	0.0	0.0
0.0	1.46633706879	0.0	0.0	0.0	0.0	0.0	0.0	0.0	0.0	1.46633706879	0.0
0.0	1.8718021769	0.0	0.0	0.0	0.0	0.0	0.0	0.0	0.0	0.0	0.0
0.0	0.0	0.0	0.0	0.0	0.0	0.0	0.0	0.0	0.0	0.0	1.8718021769
0.0	1.8718021769	0.0	0.0	0.0	0.0	0.0	0.0	0.0	0.0	0.0	0.0
1.8718021769	0.0	0.0	0.0	0.0	0.0	0.0	0.0	0.0	0.0	0.0	0.0
0.0	0.0	0.0	0.0	0.955511445027	0.0	0.0	0.0	0.955511445027	0.955511445027	0.955511445027	0.0
0.0	0.0	0.0	0.0	0.0	1.8718021769	0.0	0.0	0.0	0.0	0.0	0.0
0.0	0.0	0.0	0.0	0.0	0.0	0.0	0.0	0.0	0.0	0.0	1.8718021769
0.0	0.0	0.0	2.93267413759	0.0	0.0	0.0	4.39901120638	0.0	0.0	0.0	0.0
0.0	0.0	0.0	0.0	0.0	0.0	0.0	0.0	0.0	0.0	1.46633706879	1.46633706879
0.0	0.0	3.7436043538	0.0	0.0	0.0	0.0	0.0	0.0	0.0	0.0	0.0
0.0	0.0	0.0	0.0	0.0	0.0	0.0	1.8718021769	0.0	0.0	0.0	0.0
0.0	0.0	0.0	0.0	0.0	0.0	0.0	0.0	0.0	0.0	1.8718021769	0.0
0.0	0.0	0.0	1.8718021769	0.0	0.0	0.0	0.0	0.0	0.0	0.0	0.0
0.0	0.0	0.0	0.0	0.0	0.0	2.35730999268	0.0	1.17865499634	0.0	5.89327498171	0.0
0.0	1.46633706879	0.0	0.0	1.46633706879	0.0	0.0	0.0	0.0	0.0	0.0	0.0
0.0	0.0	0.0	3.7436043538	0.0	0.0	0.0	0.0	0.0	0.0	0.0	0.0
0.0	0.0	0.0	0.0	0.0	0.0	1.8718021769	0.0	0.0	0.0	0.0	0.0
0.0	1.17865499634	3.53596498902	0.0	0.0	0.0	0.0	1.17865499634	0.0	0.0	0.0	0.0
0.0	1.8718021769	0.0	0.0	0.0	0.0	0.0	0.0	0.0	0.0	0.0	0.0
0.0	3.7436043538	0.0	0.0	0.0	0.0	0.0	0.0	0.0	0.0	0.0	0.0
0.0	0.0	0.0	1.8718021769	0.0	0.0	0.0	0.0	0.0	0.0	0.0	0.0
0.0	4.39901120638	0.0	0.0	0.0	0.0	0.0	0.0	0.0	0.0	1.46633706879	0.0
0.0	1.46633706879	1.46633706879	0.0	0.0	0.0	0.0	0.0	0.0	0.0	0.0	0.0
0.0	0.0	0.0	0.0	0.0	0.0	0.0	0.0	0.0	0.0	0.0	1.8718021769
0.0	0.0	0.0	0.0	0.0	1.8718021769	0.0	0.0	0.0	0.0	0.0	0.0
0.0	0.0	0.0	0.0	0.0	7.48720870761	0.0	0.0	0.0	0.0	0.0	0.0
0.0	1.8718021769	0.0	0.0	0.0	0.0	0.0	0.0	0.0	0.0	0.0	0.0
0.0	0.0	1.8718021769	0.0	0.0	0.0	0.0	0.0	0.0	0.0	0.0	0.0
0.0	1.8718021769	0.0	0.0	0.0	0.0	0.0	0.0	0.0	0.0	0.0	0.0
0.0	0.0	0.0	0.0	0.0	0.0	0.0	1.8718021769	0.0	0.0	0.0	0.0
0.0	0.0	0.0	0.0	0.0	0.0	0.0	0.0	0.0	0.0	3.7436043538	0.0
0.0	0.0	0.0	0.0	0.0	3.7436043538	0.0	0.0	0.0	0.0	0.0	0.0
0.0	0.0	0.0	0.0	0.0	0.0	0.0	0.0	0.0	0.0	0.0	3.7436043538
0.0	0.0	0.0	1.8718021769	0.0	0.0	0.0	0.0	0.0	0.0	0.0	0.0
0.0	0.0	0.0	0.0	0.0	0.0	0.0	1.8718021769	0.0	0.0	0.0	0.0
0.0	0.0	0.0	5.6154065307	0.0	0.0	0.0	0.0	0.0	0.0	0.0	0.0
0.0	0.0	0.0	1.8718021769	0.0	0.0	0.0	0.0	0.0	0.0	0.0	0.0
0.0	0.0	0.0	0.0	0.0	0.0	0.0	0.0	0.0	0.0	0.0	1.8718021769
0.0	0.0	0.0	1.8718021769	0.0	0.0	0.0	0.0	0.0	0.0	0.0	0.0
0.0	0.0	0.0	0.0	0.0	0.0	0.0	0.0	0.0	1.8718021769	0.0	0.0
0.0	1.46633706879	0.0	0.0	0.0	0.0	0.0	0.0	0.0	1.46633706879	0.0	0.0
0.0	0.0	0.0	0.0	0.0	0.0	1.8718021769	0.0	0.0	0.0	0.0	0.0
1.8718021769	0.0	0.0	0.0	0.0	0.0	0.0	0.0	0.0	0.0	0.0	0.0
0.0	1.8718021769	0.0	0.0	0.0	0.0	0.0	0.0	0.0	0.0	0.0	0.0
0.0	0.0	0.0	1.8718021769	0.0	0.0	0.0	0.0	0.0	0.0	0.0	0.0
0.0	0.773189888233	1.54637977647	0.0	0.0	0.0	0.773189888233	0.0	0.773189888233	0.0	0.773189888233	0.0
0.0	0.0	0.0	0.0	0.0	0.0	0.0	1.8718021769	0.0	0.0	0.0	0.0
0.0	0.0	0.0	0.0	0.0	0.0	1.8718021769	0.0	0.0	0.0	0.0	0.0
0.0	0.0	0.0	0.0	0.0	9.35901088451	0.0	0.0	0.0	0.0	0.0	0.0
1.8718021769	0.0	0.0	0.0	0.0	0.0	0.0	0.0	0.0	0.0	0.0	0.0
0.0	0.0	0.0	0.0	0.0	0.0	2.35730999268	0.0	0.0	0.0	1.17865499634	1.17865499634
0.0	0.0	1.8718021769	0.0	0.0	0.0	0.0	0.0	0.0	0.0	0.0	0.0
0.0	0.0	0.0	0.0	0.0	0.0	1.8718021769	0.0	0.0	0.0	0.0	0.0
0.0	1.8718021769	0.0	0.0	0.0	0.0	0.0	0.0	0.0	0.0	0.0	0.0
0.0	0.0	0.0	0.0	0.0	0.0	0.0	1.8718021769	0.0	0.0	0.0	0.0
0.0	0.0	0.0	0.0	0.0	0.0	1.8718021769	0.0	0.0	0.0	0.0	0.0
0.0	0.0	0.0	0.0	1.46633706879	0.0	0.0	0.0	0.0	1.46633706879	0.0	0.0
0.0	0.0	0.0	0.0	0.0	0.0	0.0	0.0	0.0	0.0	0.0	1.8718021769
0.0	0.0	0.0	0.0	0.0	0.0	0.0	0.0	0.0	0.0	0.0	5.6154065307
1.8718021769	0.0	0.0	0.0	0.0	0.0	0.0	0.0	0.0	0.0	0.0	0.0
0.0	0.0	0.0	0.0	0.0	0.0	0.0	0.0	0.0	0.0	0.0	1.8718021769
0.0	0.0	1.8718021769	0.0	0.0	0.0	0.0	0.0	0.0	0.0	0.0	0.0
1.8718021769	0.0	0.0	0.0	0.0	0.0	0.0	0.0	0.0	0.0	0.0	0.0
0.0	0.0	0.0	0.0	0.0	1.8718021769	0.0	0.0	0.0	0.0	0.0	0.0
0.0	0.0	1.8718021769	0.0	0.0	0.0	0.0	0.0	0.0	0.0	0.0	0.0
1.8718021769	0.0	0.0	0.0	0.0	0.0	0.0	0.0	0.0	0.0	0.0	0.0
0.0	0.0	0.0	0.0	0.0	0.0	0.0	0.0	0.0	0.0	0.0	3.7436043538
0.0	0.0	0.0	0.0	0.0	1.8718021769	0.0	0.0	0.0	0.0	0.0	0.0
1.8718021769	0.0	0.0	0.0	0.0	0.0	0.0	0.0	0.0	0.0	0.0	0.0
0.0	0.0	0.0	3.7436043538	0.0	0.0	0.0	0.0	0.0	0.0	0.0	0.0
0.0	0.0	0.0	0.0	0.0	0.0	0.0	0.0	0.0	0.0	0.0	1.8718021769
0.0	0.0	0.0	0.0	0.0	0.0	0.0	1.8718021769	0.0	0.0	0.0	0.0
0.0	0.0	0.0	0.0	0.0	0.0	0.0	1.8718021769	0.0	0.0	0.0	0.0
1.8718021769	0.0	0.0	0.0	0.0	0.0	0.0	0.0	0.0	0.0	0.0	0.0
0.0	0.0	1.8718021769	0.0	0.0	0.0	0.0	0.0	0.0	0.0	0.0	0.0
0.0	1.8718021769	0.0	0.0	0.0	0.0	0.0	0.0	0.0	0.0	0.0	0.0
0.0	1.8718021769	0.0	0.0	0.0	0.0	0.0	0.0	0.0	0.0	0.0	0.0
0.0	0.0	0.0	0.0	0.0	0.0	0.0	1.8718021769	0.0	0.0	0.0	0.0
1.8718021769	0.0	0.0	0.0	0.0	0.0	0.0	0.0	0.0	0.0	0.0	0.0
0.0	0.0	0.0	0.0	0.0	0.0	1.8718021769	0.0	0.0	0.0	0.0	0.0
0.0	0.0	0.0	0.0	0.0	0.0	0.0	0.0	0.0	0.0	0.0	1.8718021769
0.0	0.0	0.0	0.0	0.0	0.0	0.0	0.0	0.0	0.0	0.0	1.8718021769
1.17865499634	0.0	1.17865499634	0.0	0.0	0.0	1.17865499634	0.0	0.0	0.0	0.0	0.0
0.0	0.0	0.0	0.0	0.0	0.0	0.0	1.8718021769	0.0	0.0	0.0	0.0
0.0	0.0	0.0	0.0	0.0	1.46633706879	0.0	1.46633706879	0.0	0.0	0.0	0.0
5.6154065307	0.0	0.0	0.0	0.0	0.0	0.0	0.0	0.0	0.0	0.0	0.0
0.0	0.0	0.0	0.0	0.0	0.0	0.0	0.0	0.0	0.0	0.0	3.7436043538
0.0	0.0	0.0	0.0	1.8718021769	0.0	0.0	0.0	0.0	0.0	0.0	0.0
0.0	0.0	0.0	0.0	0.0	1.8718021769	0.0	0.0	0.0	0.0	0.0	0.0
0.0	0.0	1.8718021769	0.0	0.0	0.0	0.0	0.0	0.0	0.0	0.0	0.0
0.0	0.0	2.35730999268	0.0	1.17865499634	1.17865499634	0.0	0.0	0.0	0.0	0.0	0.0
1.8718021769	0.0	0.0	0.0	0.0	0.0	0.0	0.0	0.0	0.0	0.0	0.0
0.0	0.0	1.46633706879	0.0	0.0	0.0	0.0	1.46633706879	0.0	0.0	0.0	0.0
0.0	0.0	0.0	0.0	0.0	0.0	0.0	1.8718021769	0.0	0.0	0.0	0.0
0.0	0.0	0.0	0.0	0.0	0.0	0.0	0.0	0.0	0.0	0.0	3.7436043538
0.0	0.0	0.0	0.0	0.0	0.0	0.0	1.8718021769	0.0	0.0	0.0	0.0
0.0	0.0	0.0	0.0	0.0	0.0	0.0	0.0	0.0	0.0	0.0	1.8718021769
0.0	0.0	0.0	0.0	0.0	0.0	1.46633706879	0.0	0.0	0.0	0.0	1.46633706879
0.0	0.0	0.0	0.0	0.0	0.0	0.0	0.0	0.0	0.0	0.0	1.8718021769
0.0	3.7436043538	0.0	0.0	0.0	0.0	0.0	0.0	0.0	0.0	0.0	0.0
0.0	0.0	1.8718021769	0.0	0.0	0.0	0.0	0.0	0.0	0.0	0.0	0.0
0.0	0.0	0.0	0.0	1.8718021769	0.0	0.0	0.0	0.0	0.0	0.0	0.0
0.0	0.0	0.0	0.0	0.0	0.0	0.0	0.0	0.0	0.0	0.0	1.8718021769
0.0	0.0	0.0	0.0	0.0	0.0	0.0	0.0	0.0	0.0	0.0	3.7436043538
0.0	0.0	0.0	0.0	0.0	0.0	0.0	0.0	0.0	0.0	0.0	1.8718021769
0.0	0.0	1.8718021769	0.0	0.0	0.0	0.0	0.0	0.0	0.0	0.0	0.0
0.0	0.0	0.0	0.0	0.0	0.0	0.0	0.0	0.0	0.0	1.8718021769	0.0
0.0	0.0	0.0	0.0	0.0	0.0	0.0	0.0	0.0	0.0	3.7436043538	0.0
0.0	0.0	0.0	0.0	0.0	0.0	0.0	1.8718021769	0.0	0.0	0.0	0.0
0.0	1.8718021769	0.0	0.0	0.0	0.0	0.0	0.0	0.0	0.0	0.0	0.0
0.0	0.0	0.0	0.0	0.0	0.0	0.0	0.0	0.0	0.0	0.0	1.8718021769
0.0	1.8718021769	0.0	0.0	0.0	0.0	0.0	0.0	0.0	0.0	0.0	0.0
0.0	0.0	0.0	1.8718021769	0.0	0.0	0.0	0.0	0.0	0.0	0.0	0.0
0.0	3.7436043538	0.0	0.0	0.0	0.0	0.0	0.0	0.0	0.0	0.0	0.0
0.0	0.0	0.0	0.0	0.0	0.0	0.0	0.0	0.0	0.0	3.7436043538	0.0
0.0	0.0	0.0	0.0	0.0	0.0	0.0	0.0	0.0	0.0	0.0	1.8718021769
0.0	0.0	0.0	0.0	0.0	0.0	1.46633706879	0.0	0.0	1.46633706879	0.0	0.0
0.0	0.0	0.0	0.0	1.46633706879	0.0	0.0	0.0	0.0	1.46633706879	0.0	0.0
0.0	0.0	0.0	0.0	0.0	0.0	0.0	0.0	0.0	0.0	0.0	5.6154065307
0.0	0.0	1.46633706879	0.0	0.0	0.0	0.0	1.46633706879	0.0	0.0	0.0	0.0
0.0	0.0	0.0	0.0	1.8718021769	0.0	0.0	0.0	0.0	0.0	0.0	0.0
0.0	0.0	0.0	0.0	0.0	0.0	0.0	0.0	0.0	3.7436043538	0.0	0.0
0.0	0.0	0.0	0.0	0.0	0.0	0.0	0.0	0.0	0.0	0.0	1.8718021769
0.0	0.0	0.0	0.0	0.0	0.0	0.0	1.8718021769	0.0	0.0	0.0	0.0
0.0	0.0	0.0	0.0	0.0	1.46633706879	0.0	0.0	0.0	0.0	1.46633706879	0.0
0.0	0.619039208406	0.0	0.0	0.619039208406	0.0	2.47615683362	0.0	0.0	2.47615683362	0.619039208406	0.619039208406
0.0	0.0	1.8718021769	0.0	0.0	0.0	0.0	0.0	0.0	0.0	0.0	0.0
0.0	1.8718021769	0.0	0.0	0.0	0.0	0.0	0.0	0.0	0.0	0.0	0.0
0.0	0.0	0.0	0.0	0.0	1.8718021769	0.0	0.0	0.0	0.0	0.0	0.0
0.0	0.0	0.0	0.0	0.0	0.0	0.0	0.0	0.0	0.0	1.8718021769	0.0
0.0	0.0	0.0	0.0	0.0	0.0	1.8718021769	0.0	0.0	0.0	0.0	0.0
0.0	0.0	0.0	0.0	0.0	0.0	0.0	0.0	0.0	1.8718021769	0.0	0.0
0.0	0.0	0.0	1.8718021769	0.0	0.0	0.0	0.0	0.0	0.0	0.0	0.0
0.0	1.8718021769	0.0	0.0	0.0	0.0	0.0	0.0	0.0	0.0	0.0	0.0
0.0	0.0	0.0	0.0	0.0	1.8718021769	0.0	0.0	0.0	0.0	0.0	0.0
0.0	0.0	0.0	0.0	0.0	0.0	0.0	0.0	0.0	0.0	1.8718021769	0.0
0.0	0.0	0.0	1.8718021769	0.0	0.0	0.0	0.0	0.0	0.0	0.0	0.0
0.0	1.8718021769	0.0	0.0	0.0	0.0	0.0	0.0	0.0	0.0	0.0	0.0
0.0	0.0	0.0	0.0	0.0	0.0	0.0	1.8718021769	0.0	0.0	0.0	0.0
0.0	0.0	0.0	0.0	0.0	0.0	0.0	0.0	0.0	0.0	0.0	1.8718021769
0.0	0.0	0.0	1.8718021769	0.0	0.0	0.0	0.0	0.0	0.0	0.0	0.0
0.0	0.0	1.8718021769	0.0	0.0	0.0	0.0	0.0	0.0	0.0	0.0	0.0
0.0	0.0	0.0	1.8718021769	0.0	0.0	0.0	0.0	0.0	0.0	0.0	0.0
0.0	0.0	0.0	1.8718021769	0.0	0.0	0.0	0.0	0.0	0.0	0.0	0.0
0.0	0.0	0.0	0.0	0.0	0.0	1.8718021769	0.0	0.0	0.0	0.0	0.0
0.0	0.0	1.8718021769	0.0	0.0	0.0	0.0	0.0	0.0	0.0	0.0	0.0
0.0	1.8718021769	0.0	0.0	0.0	0.0	0.0	0.0	0.0	0.0	0.0	0.0
0.0	0.0	2.35730999268	0.0	0.0	3.53596498902	0.0	0.0	1.17865499634	0.0	0.0	0.0
0.0	0.0	0.0	0.0	0.0	0.0	0.0	0.0	1.17865499634	1.17865499634	2.35730999268	0.0
0.0	0.0	0.0	0.0	0.0	0.0	0.0	0.0	0.0	0.0	1.8718021769	0.0
0.0	1.46633706879	0.0	1.46633706879	0.0	0.0	0.0	0.0	0.0	0.0	0.0	0.0
0.773189888233	0.0	1.54637977647	0.0	0.773189888233	0.0	0.0	0.0	0.773189888233	0.0	0.0	1.54637977647
0.0	0.0	0.0	0.0	1.8718021769	0.0	0.0	0.0	0.0	0.0	0.0	0.0
0.0	0.0	0.0	0.0	0.0	0.0	0.0	0.0	0.0	0.0	0.0	1.8718021769
0.0	1.8718021769	0.0	0.0	0.0	0.0	0.0	0.0	0.0	0.0	0.0	0.0
0.773189888233	0.773189888233	0.0	0.0	0.0	0.0	0.0	0.773189888233	0.773189888233	0.0	0.773189888233	0.0
0.0	1.8718021769	0.0	0.0	0.0	0.0	0.0	0.0	0.0	0.0	0.0	0.0
0.0	1.8718021769	0.0	0.0	0.0	0.0	0.0	0.0	0.0	0.0	0.0	0.0
0.0	0.0	1.8718021769	0.0	0.0	0.0	0.0	0.0	0.0	0.0	0.0	0.0
0.0	0.0	0.0	0.0	0.0	0.0	1.8718021769	0.0	0.0	0.0	0.0	0.0
