0.000000	0.000000	0.000000	0.000000	0.250282	0.002033	0.000000	0.000000	0.000000	0.000000	0.030955	0.000000	0.000000	0.000000	0.000000	0.000000	0.000000	0.000000	0.000000	0.000000	0.036330	0.000000	0.000000	0.000000	0.000142	0.000000	0.000000	0.000354	0.000000	0.679905
0.000000	0.000000	0.000000	0.000000	0.250282	0.002033	0.000000	0.000000	0.000000	0.000000	0.030955	0.000000	0.000000	0.000000	0.000000	0.000000	0.000000	0.000000	0.000000	0.000000	0.036330	0.000000	0.000000	0.000000	0.000142	0.000000	0.000000	0.000354	0.000000	0.679905
0.000000	0.000000	0.000000	0.000000	0.000000	0.000000	0.000000	0.000000	0.000000	0.000000	0.000000	0.000000	0.000000	0.000000	0.000000	0.000000	0.000000	0.000000	0.000000	0.000000	0.000000	1.000000	0.000000	0.000000	0.000000	0.000000	0.000000	0.000000	0.000000	0.000000
0.000000	0.000000	0.000000	0.000000	0.206700	0.001946	0.000000	0.000000	0.000000	0.000000	0.037153	0.000000	0.000000	0.000000	0.000000	0.000000	0.000000	0.000000	0.000000	0.000000	0.034753	0.000000	0.000000	0.000000	0.000153	0.000000	0.000000	0.000333	0.000000	0.718962
0.000000	0.000000	0.000000	0.000000	0.220635	0.001984	0.000000	0.000000	0.000000	0.000000	0.035307	0.000000	0.000000	0.000000	0.000000	0.000000	0.000000	0.000000	0.000000	0.000000	0.035334	0.000000	0.000000	0.000000	0.000150	0.000000	0.000000	0.000340	0.000000	0.706250
0.000000	0.000000	0.000000	0.000000	0.000000	0.000000	0.000000	0.000000	0.000000	0.000000	0.000000	0.000000	0.000000	0.000000	0.000000	0.000000	0.000000	1.000000	0.000000	0.000000	0.000000	0.000000	0.000000	0.000000	0.000000	0.000000	0.000000	0.000000	0.000000	0.000000
0.000000	0.000000	0.000000	0.000000	0.363391	0.003949	0.000000	0.000000	0.000000	0.000000	0.027675	0.000000	0.000000	0.000000	0.000000	0.000000	0.000000	0.000000	0.000000	0.000000	0.047234	0.000000	0.000000	0.000000	0.000178	0.000000	0.000000	0.000434	0.000000	0.557140
0.000000	0.000000	0.000000	0.000000	0.000000	0.000000	0.000000	0.000000	0.000000	0.000000	0.000000	0.000000	1.000000	0.000000	0.000000	0.000000	0.000000	0.000000	0.000000	0.000000	0.000000	0.000000	0.000000	0.000000	0.000000	0.000000	0.000000	0.000000	0.000000	0.000000
0.000000	0.000000	0.000000	0.000000	0.000000	0.000000	0.000000	0.000000	0.000000	1.000000	0.000000	0.000000	0.000000	0.000000	0.000000	0.000000	0.000000	0.000000	0.000000	0.000000	0.000000	0.000000	0.000000	0.000000	0.000000	0.000000	0.000000	0.000000	0.000000	0.000000
0.000000	0.000000	0.000000	0.000000	0.335471	0.004063	0.000000	0.000000	0.000000	0.000000	0.027224	0.000000	0.000000	0.000000	0.000000	0.000000	0.000000	0.000000	0.000000	0.000000	0.039217	0.000000	0.000000	0.000000	0.000174	0.000000	0.000000	0.000411	0.000000	0.593440
0.000000	0.000000	0.000000	0.000000	0.363652	0.004570	0.000000	0.000000	0.000000	0.000000	0.024130	0.000000	0.000000	0.000000	0.000000	0.000000	0.000000	0.000000	0.000000	0.000000	0.036814	0.000000	0.000000	0.000000	0.000185	0.000000	0.000000	0.000421	0.000000	0.570227
0.000000	0.000000	0.000000	0.000000	0.332584	0.003102	0.000000	0.000000	0.000000	0.000000	0.028887	0.000000	0.000000	0.000000	0.000000	0.000000	0.000000	0.000000	0.000000	0.000000	0.046929	0.000000	0.000000	0.000000	0.000165	0.000000	0.000000	0.000412	0.000000	0.587920
0.000000	0.000000	0.000000	0.000000	0.198197	0.001394	0.000000	0.000000	0.000000	0.000000	0.087619	0.000000	0.000000	0.000000	0.000000	0.000000	0.000000	0.000000	0.000000	0.000000	0.089715	0.000000	0.000000	0.000000	0.000260	0.000000	0.000000	0.000447	0.000000	0.622367
0.000000	0.000000	0.000000	0.000000	0.152692	0.000566	0.000000	0.000000	0.000000	0.000000	0.047833	0.000000	0.000000	0.000000	0.000000	0.000000	0.000000	0.000000	0.000000	0.000000	0.570210	0.000000	0.000000	0.000000	0.000098	0.000000	0.000000	0.001435	0.000000	0.227165
0.000000	0.000000	1.000000	0.000000	0.000000	0.000000	0.000000	0.000000	0.000000	0.000000	0.000000	0.000000	0.000000	0.000000	0.000000	0.000000	0.000000	0.000000	0.000000	0.000000	0.000000	0.000000	0.000000	0.000000	0.000000	0.000000	0.000000	0.000000	0.000000	0.000000
0.000000	0.000000	0.000000	0.000000	0.000000	0.000000	0.000000	0.000000	0.000000	0.000000	0.000000	0.000000	0.000000	0.000000	1.000000	0.000000	0.000000	0.000000	0.000000	0.000000	0.000000	0.000000	0.000000	0.000000	0.000000	0.000000	0.000000	0.000000	0.000000	0.000000
0.000000	0.000000	0.000000	0.000000	0.000000	0.000000	0.000000	0.000000	0.000000	0.000000	0.000000	0.000000	0.000000	0.000000	0.000000	1.000000	0.000000	0.000000	0.000000	0.000000	0.000000	0.000000	0.000000	0.000000	0.000000	0.000000	0.000000	0.000000	0.000000	0.000000
0.000000	0.000000	0.000000	0.000000	0.359897	0.003571	0.000000	0.000000	0.000000	0.000000	0.036287	0.000000	0.000000	0.000000	0.000000	0.000000	0.000000	0.000000	0.000000	0.000000	0.062808	0.000000	0.000000	0.000000	0.000193	0.000000	0.000000	0.000460	0.000000	0.536784
0.000000	0.000000	0.000000	0.000000	0.214722	0.002081	0.000000	0.000000	0.000000	0.000000	0.036499	0.000000	0.000000	0.000000	0.000000	0.000000	0.000000	0.000000	0.000000	0.000000	0.034923	0.000000	0.000000	0.000000	0.000154	0.000000	0.000000	0.000337	0.000000	0.711284
0.000000	0.000000	0.000000	0.000000	0.000000	0.000000	0.000000	0.000000	0.000000	0.000000	0.000000	0.000000	0.000000	0.000000	0.000000	1.000000	0.000000	0.000000	0.000000	0.000000	0.000000	0.000000	0.000000	0.000000	0.000000	0.000000	0.000000	0.000000	0.000000	0.000000
0.000000	0.000000	0.000000	0.000000	0.000000	0.000000	0.000000	0.000000	1.000000	0.000000	0.000000	0.000000	0.000000	0.000000	0.000000	0.000000	0.000000	0.000000	0.000000	0.000000	0.000000	0.000000	0.000000	0.000000	0.000000	0.000000	0.000000	0.000000	0.000000	0.000000
1.000000	0.000000	0.000000	0.000000	0.000000	0.000000	0.000000	0.000000	0.000000	0.000000	0.000000	0.000000	0.000000	0.000000	0.000000	0.000000	0.000000	0.000000	0.000000	0.000000	0.000000	0.000000	0.000000	0.000000	0.000000	0.000000	0.000000	0.000000	0.000000	0.000000
0.000000	0.000000	0.000000	0.000000	0.381234	0.003721	0.000000	0.000000	0.000000	0.000000	0.027600	0.000000	0.000000	0.000000	0.000000	0.000000	0.000000	0.000000	0.000000	0.000000	0.052997	0.000000	0.000000	0.000000	0.000177	0.000000	0.000000	0.000447	0.000000	0.533825
0.000000	0.000000	0.000000	0.000000	0.381234	0.003721	0.000000	0.000000	0.000000	0.000000	0.027600	0.000000	0.000000	0.000000	0.000000	0.000000	0.000000	0.000000	0.000000	0.000000	0.052997	0.000000	0.000000	0.000000	0.000177	0.000000	0.000000	0.000447	0.000000	0.533824
0.000000	0.000000	0.000000	0.000000	0.000000	0.000000	0.000000	0.000000	1.000000	0.000000	0.000000	0.000000	0.000000	0.000000	0.000000	0.000000	0.000000	0.000000	0.000000	0.000000	0.000000	0.000000	0.000000	0.000000	0.000000	0.000000	0.000000	0.000000	0.000000	0.000000
0.000000	0.000000	0.000000	0.000000	0.363391	0.003949	0.000000	0.000000	0.000000	0.000000	0.027675	0.000000	0.000000	0.000000	0.000000	0.000000	0.000000	0.000000	0.000000	0.000000	0.047234	0.000000	0.000000	0.000000	0.000178	0.000000	0.000000	0.000434	0.000000	0.557141
0.000000	0.000000	0.000000	0.000000	0.152692	0.000566	0.000000	0.000000	0.000000	0.000000	0.047833	0.000000	0.000000	0.000000	0.000000	0.000000	0.000000	0.000000	0.000000	0.000000	0.570210	0.000000	0.000000	0.000000	0.000098	0.000000	0.000000	0.001435	0.000000	0.227165
0.000000	0.000000	0.000000	0.000000	0.152692	0.000566	0.000000	0.000000	0.000000	0.000000	0.047833	0.000000	0.000000	0.000000	0.000000	0.000000	0.000000	0.000000	0.000000	0.000000	0.570210	0.000000	0.000000	0.000000	0.000098	0.000000	0.000000	0.001435	0.000000	0.227165
0.000000	0.000000	0.000000	0.000000	0.000000	0.000000	0.000000	0.000000	0.000000	0.000000	0.000000	0.000000	0.000000	0.000000	0.000000	0.000000	0.000000	1.000000	0.000000	0.000000	0.000000	0.000000	0.000000	0.000000	0.000000	0.000000	0.000000	0.000000	0.000000	0.000000
0.000000	0.000000	0.000000	0.000000	0.377765	0.003926	0.000000	0.000000	0.000000	0.000000	0.029333	0.000000	0.000000	0.000000	0.000000	0.000000	0.000000	0.000000	0.000000	0.000000	0.049246	0.000000	0.000000	0.000000	0.000185	0.000000	0.000000	0.000441	0.000000	0.539104
0.000000	0.000000	0.000000	0.000000	0.363391	0.003949	0.000000	0.000000	0.000000	0.000000	0.027675	0.000000	0.000000	0.000000	0.000000	0.000000	0.000000	0.000000	0.000000	0.000000	0.047234	0.000000	0.000000	0.000000	0.000178	0.000000	0.000000	0.000434	0.000000	0.557140
1.000000	0.000000	0.000000	0.000000	0.000000	0.000000	0.000000	0.000000	0.000000	0.000000	0.000000	0.000000	0.000000	0.000000	0.000000	0.000000	0.000000	0.000000	0.000000	0.000000	0.000000	0.000000	0.000000	0.000000	0.000000	0.000000	0.000000	0.000000	0.000000	0.000000
0.000000	0.000000	0.000000	0.000000	0.381234	0.003721	0.000000	0.000000	0.000000	0.000000	0.027600	0.000000	0.000000	0.000000	0.000000	0.000000	0.000000	0.000000	0.000000	0.000000	0.052997	0.000000	0.000000	0.000000	0.000177	0.000000	0.000000	0.000447	0.000000	0.533825
0.000000	0.000000	0.000000	1.000000	0.000000	0.000000	0.000000	0.000000	0.000000	0.000000	0.000000	0.000000	0.000000	0.000000	0.000000	0.000000	0.000000	0.000000	0.000000	0.000000	0.000000	0.000000	0.000000	0.000000	0.000000	0.000000	0.000000	0.000000	0.000000	0.000000
0.000000	0.000000	0.000000	0.000000	0.206699	0.001946	0.000000	0.000000	0.000000	0.000000	0.037153	0.000000	0.000000	0.000000	0.000000	0.000000	0.000000	0.000000	0.000000	0.000000	0.034753	0.000000	0.000000	0.000000	0.000153	0.000000	0.000000	0.000333	0.000000	0.718962
0.000000	0.000000	0.000000	0.000000	0.263664	0.001934	0.000000	0.000000	0.000000	0.000000	0.057309	0.000000	0.000000	0.000000	0.000000	0.000000	0.000000	0.000000	0.000000	0.000000	0.235185	0.000000	0.000000	0.000000	0.000189	0.000000	0.000000	0.000777	0.000000	0.440942
0.000000	0.000000	0.000000	0.000000	0.381234	0.003721	0.000000	0.000000	0.000000	0.000000	0.027600	0.000000	0.000000	0.000000	0.000000	0.000000	0.000000	0.000000	0.000000	0.000000	0.052997	0.000000	0.000000	0.000000	0.000177	0.000000	0.000000	0.000447	0.000000	0.533825
0.000000	0.000000	0.000000	0.000000	0.000000	0.000000	0.000000	0.000000	0.000000	0.000000	0.000000	0.000000	0.000000	0.000000	0.000000	0.000000	1.000000	0.000000	0.000000	0.000000	0.000000	0.000000	0.000000	0.000000	0.000000	0.000000	0.000000	0.000000	0.000000	0.000000
0.000000	0.000000	0.000000	0.000000	0.000000	0.000000	0.000000	0.000000	0.000000	0.000000	0.000000	0.000000	0.000000	0.000000	1.000000	0.000000	0.000000	0.000000	0.000000	0.000000	0.000000	0.000000	0.000000	0.000000	0.000000	0.000000	0.000000	0.000000	0.000000	0.000000
0.000000	0.000000	0.000000	0.000000	0.250283	0.002033	0.000000	0.000000	0.000000	0.000000	0.030955	0.000000	0.000000	0.000000	0.000000	0.000000	0.000000	0.000000	0.000000	0.000000	0.036330	0.000000	0.000000	0.000000	0.000142	0.000000	0.000000	0.000354	0.000000	0.679904
0.000000	0.000000	0.000000	0.000000	0.206699	0.001946	0.000000	0.000000	0.000000	0.000000	0.037153	0.000000	0.000000	0.000000	0.000000	0.000000	0.000000	0.000000	0.000000	0.000000	0.034753	0.000000	0.000000	0.000000	0.000153	0.000000	0.000000	0.000333	0.000000	0.718962
0.000000	0.000000	0.000000	0.000000	0.000000	0.000000	0.000000	0.000000	0.000000	0.000000	0.000000	0.000000	0.000000	0.000000	0.000000	1.000000	0.000000	0.000000	0.000000	0.000000	0.000000	0.000000	0.000000	0.000000	0.000000	0.000000	0.000000	0.000000	0.000000	0.000000
0.000000	0.000000	0.000000	0.000000	0.206699	0.001946	0.000000	0.000000	0.000000	0.000000	0.037153	0.000000	0.000000	0.000000	0.000000	0.000000	0.000000	0.000000	0.000000	0.000000	0.034753	0.000000	0.000000	0.000000	0.000153	0.000000	0.000000	0.000333	0.000000	0.718962
0.000000	0.000000	0.000000	0.000000	0.220635	0.001984	0.000000	0.000000	0.000000	0.000000	0.035307	0.000000	0.000000	0.000000	0.000000	0.000000	0.000000	0.000000	0.000000	0.000000	0.035334	0.000000	0.000000	0.000000	0.000150	0.000000	0.000000	0.000340	0.000000	0.706250
0.000000	0.000000	0.000000	0.000000	0.221220	0.002204	0.000000	0.000000	0.000000	0.000000	0.035496	0.000000	0.000000	0.000000	0.000000	0.000000	0.000000	0.000000	0.000000	0.000000	0.034655	0.000000	0.000000	0.000000	0.000155	0.000000	0.000000	0.000340	0.000000	0.705930
0.000000	0.000000	0.000000	0.000000	0.221220	0.002204	0.000000	0.000000	0.000000	0.000000	0.035496	0.000000	0.000000	0.000000	0.000000	0.000000	0.000000	0.000000	0.000000	0.000000	0.034655	0.000000	0.000000	0.000000	0.000155	0.000000	0.000000	0.000340	0.000000	0.705930
0.000000	0.000000	0.000000	0.000000	0.221220	0.002204	0.000000	0.000000	0.000000	0.000000	0.035496	0.000000	0.000000	0.000000	0.000000	0.000000	0.000000	0.000000	0.000000	0.000000	0.034655	0.000000	0.000000	0.000000	0.000155	0.000000	0.000000	0.000340	0.000000	0.705930
0.000000	0.000000	0.000000	0.000000	0.221220	0.002204	0.000000	0.000000	0.000000	0.000000	0.035496	0.000000	0.000000	0.000000	0.000000	0.000000	0.000000	0.000000	0.000000	0.000000	0.034655	0.000000	0.000000	0.000000	0.000155	0.000000	0.000000	0.000340	0.000000	0.705930
0.000000	0.000000	0.000000	0.000000	0.221220	0.002204	0.000000	0.000000	0.000000	0.000000	0.035496	0.000000	0.000000	0.000000	0.000000	0.000000	0.000000	0.000000	0.000000	0.000000	0.034655	0.000000	0.000000	0.000000	0.000155	0.000000	0.000000	0.000340	0.000000	0.705930
0.000000	0.000000	0.000000	0.000000	0.221220	0.002204	0.000000	0.000000	0.000000	0.000000	0.035496	0.000000	0.000000	0.000000	0.000000	0.000000	0.000000	0.000000	0.000000	0.000000	0.034655	0.000000	0.000000	0.000000	0.000155	0.000000	0.000000	0.000340	0.000000	0.705930
0.000000	0.000000	0.000000	0.000000	0.290972	0.003356	0.000000	0.000000	0.000000	0.000000	0.029887	0.000000	0.000000	0.000000	0.000000	0.000000	0.000000	0.000000	0.000000	0.000000	0.036931	0.000000	0.000000	0.000000	0.000166	0.000000	0.000000	0.000383	0.000000	0.638306
0.000000	0.000000	0.000000	0.000000	0.152692	0.000566	0.000000	0.000000	0.000000	0.000000	0.047833	0.000000	0.000000	0.000000	0.000000	0.000000	0.000000	0.000000	0.000000	0.000000	0.570210	0.000000	0.000000	0.000000	0.000098	0.000000	0.000000	0.001435	0.000000	0.227165
0.000000	0.000000	0.000000	0.000000	0.290972	0.003356	0.000000	0.000000	0.000000	0.000000	0.029887	0.000000	0.000000	0.000000	0.000000	0.000000	0.000000	0.000000	0.000000	0.000000	0.036931	0.000000	0.000000	0.000000	0.000166	0.000000	0.000000	0.000383	0.000000	0.638306
0.000000	0.000000	0.000000	0.000000	0.000000	0.000000	0.000000	0.000000	0.000000	0.000000	0.000000	0.000000	0.000000	0.000000	0.000000	0.000000	0.000000	0.000000	0.000000	1.000000	0.000000	0.000000	0.000000	0.000000	0.000000	0.000000	0.000000	0.000000	0.000000	0.000000
0.000000	0.000000	0.000000	0.000000	0.198197	0.001394	0.000000	0.000000	0.000000	0.000000	0.087620	0.000000	0.000000	0.000000	0.000000	0.000000	0.000000	0.000000	0.000000	0.000000	0.089715	0.000000	0.000000	0.000000	0.000260	0.000000	0.000000	0.000447	0.000000	0.622367
0.000000	0.000000	0.000000	0.000000	0.380505	0.003709	0.000000	0.000000	0.000000	0.000000	0.028354	0.000000	0.000000	0.000000	0.000000	0.000000	0.000000	0.000000	0.000000	0.000000	0.053655	0.000000	0.000000	0.000000	0.000179	0.000000	0.000000	0.000448	0.000000	0.533149
0.000000	0.000000	0.000000	0.000000	0.152692	0.000566	0.000000	0.000000	0.000000	0.000000	0.047833	0.000000	0.000000	0.000000	0.000000	0.000000	0.000000	0.000000	0.000000	0.000000	0.570210	0.000000	0.000000	0.000000	0.000098	0.000000	0.000000	0.001435	0.000000	0.227165
0.000000	0.000000	0.000000	0.000000	0.152692	0.000566	0.000000	0.000000	0.000000	0.000000	0.047833	0.000000	0.000000	0.000000	0.000000	0.000000	0.000000	0.000000	0.000000	0.000000	0.570210	0.000000	0.000000	0.000000	0.000098	0.000000	0.000000	0.001435	0.000000	0.227165
0.000000	0.000000	0.000000	0.000000	0.351128	0.003276	0.000000	0.000000	0.000000	0.000000	0.034998	0.000000	0.000000	0.000000	0.000000	0.000000	0.000000	0.000000	0.000000	0.000000	0.098535	0.000000	0.000000	0.000000	0.000180	0.000000	0.000000	0.000529	0.000000	0.511354
0.000000	0.000000	0.000000	0.000000	0.000000	0.000000	0.000000	0.000000	0.000000	0.000000	0.000000	0.000000	0.000000	0.000000	0.000000	0.000000	0.000000	0.000000	0.000000	0.000000	0.000000	0.000000	0.000000	0.000000	0.000000	0.000000	0.000000	0.000000	1.000000	0.000000
0.000000	0.000000	0.000000	0.000000	0.000000	0.000000	0.000000	0.000000	0.000000	0.000000	0.000000	0.000000	0.000000	0.000000	0.000000	0.000000	1.000000	0.000000	0.000000	0.000000	0.000000	0.000000	0.000000	0.000000	0.000000	0.000000	0.000000	0.000000	0.000000	0.000000
0.000000	0.000000	0.000000	0.000000	0.000000	0.000000	0.000000	0.000000	0.000000	1.000000	0.000000	0.000000	0.000000	0.000000	0.000000	0.000000	0.000000	0.000000	0.000000	0.000000	0.000000	0.000000	0.000000	0.000000	0.000000	0.000000	0.000000	0.000000	0.000000	0.000000
0.000000	0.000000	0.000000	0.000000	0.204800	0.001802	0.000000	0.000000	0.000000	0.000000	0.050769	0.000000	0.000000	0.000000	0.000000	0.000000	0.000000	0.000000	0.000000	0.000000	0.049789	0.000000	0.000000	0.000000	0.000182	0.000000	0.000000	0.000364	0.000000	0.692294
0.000000	0.000000	0.000000	0.000000	0.348471	0.004278	0.000000	0.000000	0.000000	0.000000	0.026175	0.000000	0.000000	0.000000	0.000000	0.000000	0.000000	0.000000	0.000000	0.000000	0.039318	0.000000	0.000000	0.000000	0.000177	0.000000	0.000000	0.000418	0.000000	0.581162
0.000000	0.000000	0.000000	0.000000	0.236108	0.002491	0.000000	0.000000	0.000000	0.000000	0.033046	0.000000	0.000000	0.000000	0.000000	0.000000	0.000000	0.000000	0.000000	0.000000	0.033835	0.000000	0.000000	0.000000	0.000155	0.000000	0.000000	0.000347	0.000000	0.694018
0.000000	0.000000	1.000000	0.000000	0.000000	0.000000	0.000000	0.000000	0.000000	0.000000	0.000000	0.000000	0.000000	0.000000	0.000000	0.000000	0.000000	0.000000	0.000000	0.000000	0.000000	0.000000	0.000000	0.000000	0.000000	0.000000	0.000000	0.000000	0.000000	0.000000
0.000000	0.000000	0.000000	0.000000	0.000000	0.000000	0.000000	0.000000	0.000000	0.000000	0.000000	0.000000	0.000000	0.000000	0.000000	0.000000	0.000000	1.000000	0.000000	0.000000	0.000000	0.000000	0.000000	0.000000	0.000000	0.000000	0.000000	0.000000	0.000000	0.000000
0.000000	0.000000	0.000000	0.000000	0.197896	0.001449	0.000000	0.000000	0.000000	0.000000	0.080958	0.000000	0.000000	0.000000	0.000000	0.000000	0.000000	0.000000	0.000000	0.000000	0.082094	0.000000	0.000000	0.000000	0.000246	0.000000	0.000000	0.000430	0.000000	0.636927
0.000000	0.000000	0.000000	0.000000	0.198197	0.001394	0.000000	0.000000	0.000000	0.000000	0.087620	0.000000	0.000000	0.000000	0.000000	0.000000	0.000000	0.000000	0.000000	0.000000	0.089715	0.000000	0.000000	0.000000	0.000260	0.000000	0.000000	0.000447	0.000000	0.622367
0.000000	0.000000	0.000000	0.000000	0.000000	0.000000	0.000000	0.000000	0.000000	0.000000	0.000000	0.000000	0.000000	0.000000	0.000000	0.000000	0.000000	0.000000	0.000000	0.000000	0.000000	0.000000	0.000000	1.000000	0.000000	0.000000	0.000000	0.000000	0.000000	0.000000
0.000000	0.000000	0.000000	0.000000	0.000000	0.000000	0.000000	0.000000	0.000000	0.000000	0.000000	0.000000	0.000000	0.000000	0.000000	0.000000	0.000000	0.000000	0.000000	0.000000	0.000000	0.000000	0.000000	1.000000	0.000000	0.000000	0.000000	0.000000	0.000000	0.000000
0.000000	0.000000	0.000000	0.000000	0.238006	0.001799	0.000000	0.000000	0.000000	0.000000	0.071271	0.000000	0.000000	0.000000	0.000000	0.000000	0.000000	0.000000	0.000000	0.000000	0.139933	0.000000	0.000000	0.000000	0.000227	0.000000	0.000000	0.000568	0.000000	0.548196
0.000000	0.000000	0.000000	0.000000	0.000000	0.000000	0.000000	0.000000	0.000000	0.000000	0.000000	0.000000	0.000000	0.000000	0.000000	0.000000	0.000000	0.000000	0.000000	0.000000	0.000000	1.000000	0.000000	0.000000	0.000000	0.000000	0.000000	0.000000	0.000000	0.000000
0.000000	0.000000	1.000000	0.000000	0.000000	0.000000	0.000000	0.000000	0.000000	0.000000	0.000000	0.000000	0.000000	0.000000	0.000000	0.000000	0.000000	0.000000	0.000000	0.000000	0.000000	0.000000	0.000000	0.000000	0.000000	0.000000	0.000000	0.000000	0.000000	0.000000
0.000000	0.000000	0.000000	0.000000	0.379516	0.013262	0.000000	0.000000	0.000000	0.000000	0.020790	0.000000	0.000000	0.000000	0.000000	0.000000	0.000000	0.000000	0.000000	0.000000	0.033438	0.000000	0.000000	0.000000	0.000188	0.000000	0.000000	0.000594	0.000000	0.552212
0.000000	0.000000	0.000000	0.000000	0.000000	0.000000	0.000000	0.000000	0.000000	0.000000	0.000000	0.000000	0.000000	0.000000	0.000000	0.000000	0.000000	0.000000	0.000000	0.000000	0.000000	0.000000	0.000000	0.000000	0.000000	0.000000	0.000000	0.000000	1.000000	0.000000
0.000000	0.000000	0.000000	0.000000	0.000000	0.000000	0.000000	0.000000	0.000000	0.000000	0.000000	0.000000	0.000000	0.000000	0.000000	0.000000	0.000000	0.000000	0.000000	0.000000	0.000000	0.000000	0.000000	1.000000	0.000000	0.000000	0.000000	0.000000	0.000000	0.000000
0.000000	0.000000	0.000000	0.000000	0.000000	0.000000	0.000000	0.000000	0.000000	0.000000	0.000000	0.000000	0.000000	0.000000	0.000000	0.000000	0.000000	0.000000	0.000000	0.000000	0.000000	0.000000	0.000000	1.000000	0.000000	0.000000	0.000000	0.000000	0.000000	0.000000
0.000000	0.000000	0.000000	0.000000	0.000000	0.000000	0.000000	0.000000	0.000000	0.000000	0.000000	0.000000	0.000000	0.000000	0.000000	0.000000	0.000000	0.000000	0.000000	0.000000	0.000000	0.000000	0.000000	1.000000	0.000000	0.000000	0.000000	0.000000	0.000000	0.000000
0.000000	0.000000	0.000000	0.000000	0.000000	0.000000	0.000000	0.000000	0.000000	0.000000	0.000000	0.000000	0.000000	0.000000	0.000000	0.000000	0.000000	0.000000	0.000000	0.000000	0.000000	0.000000	0.000000	1.000000	0.000000	0.000000	0.000000	0.000000	0.000000	0.000000
1.000000	0.000000	0.000000	0.000000	0.000000	0.000000	0.000000	0.000000	0.000000	0.000000	0.000000	0.000000	0.000000	0.000000	0.000000	0.000000	0.000000	0.000000	0.000000	0.000000	0.000000	0.000000	0.000000	0.000000	0.000000	0.000000	0.000000	0.000000	0.000000	0.000000
0.000000	0.000000	0.000000	0.000000	0.000000	0.000000	0.000000	0.000000	0.000000	0.000000	0.000000	0.000000	0.000000	0.000000	0.000000	0.000000	0.000000	0.000000	1.000000	0.000000	0.000000	0.000000	0.000000	0.000000	0.000000	0.000000	0.000000	0.000000	0.000000	0.000000
0.000000	0.000000	0.000000	0.000000	0.000000	0.000000	0.000000	0.000000	0.000000	0.000000	0.000000	0.000000	0.000000	0.000000	0.000000	1.000000	0.000000	0.000000	0.000000	0.000000	0.000000	0.000000	0.000000	0.000000	0.000000	0.000000	0.000000	0.000000	0.000000	0.000000
0.000000	0.000000	0.000000	0.000000	0.000000	0.000000	0.000000	0.000000	0.000000	0.000000	0.000000	0.000000	0.000000	0.000000	0.000000	1.000000	0.000000	0.000000	0.000000	0.000000	0.000000	0.000000	0.000000	0.000000	0.000000	0.000000	0.000000	0.000000	0.000000	0.000000
0.000000	0.000000	0.000000	0.000000	0.381234	0.003721	0.000000	0.000000	0.000000	0.000000	0.027600	0.000000	0.000000	0.000000	0.000000	0.000000	0.000000	0.000000	0.000000	0.000000	0.052997	0.000000	0.000000	0.000000	0.000177	0.000000	0.000000	0.000447	0.000000	0.533825
0.000000	1.000000	0.000000	0.000000	0.000000	0.000000	0.000000	0.000000	0.000000	0.000000	0.000000	0.000000	0.000000	0.000000	0.000000	0.000000	0.000000	0.000000	0.000000	0.000000	0.000000	0.000000	0.000000	0.000000	0.000000	0.000000	0.000000	0.000000	0.000000	0.000000
0.000000	0.000000	0.000000	0.000000	0.250282	0.002033	0.000000	0.000000	0.000000	0.000000	0.030955	0.000000	0.000000	0.000000	0.000000	0.000000	0.000000	0.000000	0.000000	0.000000	0.036330	0.000000	0.000000	0.000000	0.000142	0.000000	0.000000	0.000354	0.000000	0.679905
0.000000	0.000000	0.000000	0.000000	0.193321	0.001071	0.000000	0.000000	0.000000	0.000000	0.051175	0.000000	0.000000	0.000000	0.000000	0.000000	0.000000	0.000000	0.000000	0.000000	0.447163	0.000000	0.000000	0.000000	0.000131	0.000000	0.000000	0.001194	0.000000	0.305945
0.000000	0.000000	0.000000	0.000000	0.348471	0.004278	0.000000	0.000000	0.000000	0.000000	0.026175	0.000000	0.000000	0.000000	0.000000	0.000000	0.000000	0.000000	0.000000	0.000000	0.039318	0.000000	0.000000	0.000000	0.000177	0.000000	0.000000	0.000418	0.000000	0.581163
0.000000	0.000000	0.000000	0.000000	0.000000	0.000000	0.000000	0.000000	0.000000	0.000000	0.000000	0.000000	0.000000	0.000000	0.000000	1.000000	0.000000	0.000000	0.000000	0.000000	0.000000	0.000000	0.000000	0.000000	0.000000	0.000000	0.000000	0.000000	0.000000	0.000000
0.000000	0.000000	0.000000	0.000000	0.000000	0.000000	0.000000	0.000000	0.000000	0.000000	0.000000	0.000000	0.000000	0.000000	0.000000	0.000000	0.000000	0.000000	0.000000	0.000000	0.000000	1.000000	0.000000	0.000000	0.000000	0.000000	0.000000	0.000000	0.000000	0.000000
0.000000	0.000000	0.000000	0.000000	0.000000	0.000000	0.000000	0.000000	0.000000	0.000000	0.000000	0.000000	0.000000	0.000000	0.000000	1.000000	0.000000	0.000000	0.000000	0.000000	0.000000	0.000000	0.000000	0.000000	0.000000	0.000000	0.000000	0.000000	0.000000	0.000000
0.000000	0.000000	0.000000	0.000000	0.352295	0.005989	0.000000	0.000000	0.000000	0.000000	0.025424	0.000000	0.000000	0.000000	0.000000	0.000000	0.000000	0.000000	0.000000	0.000000	0.038534	0.000000	0.000000	0.000000	0.000178	0.000000	0.000000	0.000452	0.000000	0.577127
0.000000	0.000000	0.000000	0.000000	0.000000	0.000000	0.000000	0.000000	0.000000	0.000000	0.000000	0.000000	0.000000	0.000000	0.000000	0.000000	0.000000	0.000000	0.000000	0.000000	0.000000	1.000000	0.000000	0.000000	0.000000	0.000000	0.000000	0.000000	0.000000	0.000000
0.000000	0.000000	0.000000	0.000000	0.290972	0.003356	0.000000	0.000000	0.000000	0.000000	0.029887	0.000000	0.000000	0.000000	0.000000	0.000000	0.000000	0.000000	0.000000	0.000000	0.036931	0.000000	0.000000	0.000000	0.000166	0.000000	0.000000	0.000383	0.000000	0.638306
0.000000	0.000000	0.000000	0.000000	0.000000	0.000000	0.000000	0.000000	0.000000	0.000000	0.000000	0.000000	0.000000	0.000000	0.000000	0.000000	0.000000	0.000000	0.000000	0.000000	0.000000	0.000000	0.000000	0.000000	0.000000	0.000000	1.000000	0.000000	0.000000	0.000000
0.000000	0.000000	0.000000	0.000000	0.000000	0.000000	0.000000	0.000000	0.000000	0.000000	0.000000	0.000000	0.000000	0.000000	0.000000	0.000000	0.000000	0.000000	0.000000	0.000000	0.000000	0.000000	0.000000	0.000000	0.000000	0.000000	1.000000	0.000000	0.000000	0.000000
0.000000	0.000000	0.000000	0.000000	0.000000	0.000000	0.000000	0.000000	0.000000	0.000000	0.000000	0.000000	0.000000	0.000000	0.000000	0.000000	0.000000	0.000000	0.000000	0.000000	0.000000	0.000000	0.000000	0.000000	0.000000	0.000000	1.000000	0.000000	0.000000	0.000000
0.000000	0.000000	0.000000	0.000000	0.000000	0.000000	0.000000	1.000000	0.000000	0.000000	0.000000	0.000000	0.000000	0.000000	0.000000	0.000000	0.000000	0.000000	0.000000	0.000000	0.000000	0.000000	0.000000	0.000000	0.000000	0.000000	0.000000	0.000000	0.000000	0.000000
0.323999	0.000000	0.000000	0.000000	0.000000	0.000000	0.000000	0.000000	0.000000	0.000000	0.000000	0.000000	0.000000	0.000000	0.000000	0.000000	0.000000	0.000000	0.676001	0.000000	0.000000	0.000000	0.000000	0.000000	0.000000	0.000000	0.000000	0.000000	0.000000	0.000000
0.000000	0.000000	0.000000	0.000000	0.000000	0.000000	0.000000	0.000000	0.000000	0.000000	0.000000	0.000000	0.000000	0.000000	0.000000	1.000000	0.000000	0.000000	0.000000	0.000000	0.000000	0.000000	0.000000	0.000000	0.000000	0.000000	0.000000	0.000000	0.000000	0.000000
0.000000	0.000000	0.000000	0.000000	0.221220	0.002204	0.000000	0.000000	0.000000	0.000000	0.035496	0.000000	0.000000	0.000000	0.000000	0.000000	0.000000	0.000000	0.000000	0.000000	0.034655	0.000000	0.000000	0.000000	0.000155	0.000000	0.000000	0.000340	0.000000	0.705930
0.000000	0.000000	0.000000	0.000000	0.000000	0.000000	0.000000	0.000000	0.000000	0.000000	0.000000	0.000000	0.000000	0.000000	0.000000	0.000000	0.000000	0.000000	0.000000	0.000000	0.000000	0.000000	0.000000	0.000000	0.000000	0.000000	0.000000	0.000000	1.000000	0.000000
0.000000	0.000000	0.000000	0.000000	0.349084	0.004282	0.000000	0.000000	0.000000	0.000000	0.026099	0.000000	0.000000	0.000000	0.000000	0.000000	0.000000	0.000000	0.000000	0.000000	0.039240	0.000000	0.000000	0.000000	0.000177	0.000000	0.000000	0.000418	0.000000	0.580700
0.000000	0.000000	0.000000	0.000000	0.236108	0.002491	0.000000	0.000000	0.000000	0.000000	0.033046	0.000000	0.000000	0.000000	0.000000	0.000000	0.000000	0.000000	0.000000	0.000000	0.033835	0.000000	0.000000	0.000000	0.000155	0.000000	0.000000	0.000347	0.000000	0.694018
0.000000	0.000000	0.000000	0.000000	0.000000	0.000000	0.000000	0.259918	0.000000	0.000000	0.000000	0.000000	0.000000	0.000000	0.740082	0.000000	0.000000	0.000000	0.000000	0.000000	0.000000	0.000000	0.000000	0.000000	0.000000	0.000000	0.000000	0.000000	0.000000	0.000000
0.000000	0.000000	0.000000	0.000000	0.000000	0.000000	0.000000	1.000000	0.000000	0.000000	0.000000	0.000000	0.000000	0.000000	0.000000	0.000000	0.000000	0.000000	0.000000	0.000000	0.000000	0.000000	0.000000	0.000000	0.000000	0.000000	0.000000	0.000000	0.000000	0.000000
0.000000	0.000000	0.000000	0.000000	0.000000	0.000000	0.000000	0.000000	0.000000	0.000000	0.000000	0.000000	0.000000	0.000000	0.000000	0.000000	0.000000	0.191725	0.000000	0.000000	0.000000	0.000000	0.000000	0.000000	0.000000	0.000000	0.808275	0.000000	0.000000	0.000000
0.000000	0.000000	0.000000	0.000000	0.205661	0.001908	0.000000	0.000000	0.000000	0.000000	0.040364	0.000000	0.000000	0.000000	0.000000	0.000000	0.000000	0.000000	0.000000	0.000000	0.037492	0.000000	0.000000	0.000000	0.000160	0.000000	0.000000	0.000338	0.000000	0.714077
0.000000	0.000000	0.000000	0.000000	0.000000	0.000000	0.000000	0.000000	0.000000	0.000000	0.000000	0.000000	0.000000	0.000000	0.000000	1.000000	0.000000	0.000000	0.000000	0.000000	0.000000	0.000000	0.000000	0.000000	0.000000	0.000000	0.000000	0.000000	0.000000	0.000000
0.000000	0.000000	0.000000	0.000000	0.370860	0.004646	0.000000	0.000000	0.000000	0.000000	0.023216	0.000000	0.000000	0.000000	0.000000	0.000000	0.000000	0.000000	0.000000	0.000000	0.035834	0.000000	0.000000	0.000000	0.000185	0.000000	0.000000	0.000420	0.000000	0.564840
0.000000	0.000000	0.000000	0.000000	0.379515	0.013262	0.000000	0.000000	0.000000	0.000000	0.020790	0.000000	0.000000	0.000000	0.000000	0.000000	0.000000	0.000000	0.000000	0.000000	0.033438	0.000000	0.000000	0.000000	0.000188	0.000000	0.000000	0.000594	0.000000	0.552212
0.000000	0.000000	0.000000	0.000000	0.361561	0.003967	0.000000	0.000000	0.000000	0.000000	0.027124	0.000000	0.000000	0.000000	0.000000	0.000000	0.000000	0.000000	0.000000	0.000000	0.046499	0.000000	0.000000	0.000000	0.000176	0.000000	0.000000	0.000432	0.000000	0.560240
0.000000	0.000000	0.000000	0.000000	0.000000	0.000000	0.000000	0.000000	0.000000	0.000000	0.000000	0.000000	0.000000	0.000000	0.000000	0.000000	0.000000	0.000000	0.000000	0.000000	0.000000	0.000000	0.000000	0.000000	0.000000	0.000000	0.000000	0.000000	1.000000	0.000000
0.000000	0.000000	0.000000	0.000000	0.000000	0.000000	0.000000	0.000000	0.000000	0.000000	0.000000	0.000000	0.000000	0.000000	0.000000	0.000000	0.000000	0.000000	1.000000	0.000000	0.000000	0.000000	0.000000	0.000000	0.000000	0.000000	0.000000	0.000000	0.000000	0.000000
0.000000	0.000000	0.000000	1.000000	0.000000	0.000000	0.000000	0.000000	0.000000	0.000000	0.000000	0.000000	0.000000	0.000000	0.000000	0.000000	0.000000	0.000000	0.000000	0.000000	0.000000	0.000000	0.000000	0.000000	0.000000	0.000000	0.000000	0.000000	0.000000	0.000000
0.000000	0.000000	0.000000	0.000000	0.000000	0.000000	0.000000	0.000000	0.000000	0.000000	0.000000	0.000000	0.000000	0.000000	0.000000	0.000000	0.000000	0.000000	0.000000	0.000000	0.000000	0.000000	1.000000	0.000000	0.000000	0.000000	0.000000	0.000000	0.000000	0.000000
