0.049683	0.036682	0.116924	0.070580	0.048449	0.025830	0.062545	0.035797	0.052555	0.000000	0.000000	0.057589	0.000000	0.031670	0.009770	0.048104	0.000000	0.021023	0.000887	0.028988	0.000940	0.028151	0.000000	0.034108	0.082395	0.022911	0.105135	0.029284	0.000000	0.000000
0.047458	0.036466	0.081309	0.071219	0.048607	0.025830	0.063524	0.035640	0.052588	0.000000	0.000000	0.058137	0.000000	0.031604	0.009771	0.048126	0.000000	0.021023	0.000887	0.029788	0.000940	0.027504	0.000000	0.064839	0.085477	0.022911	0.106935	0.029418	0.000000	0.000000
0.047922	0.035951	0.079938	0.070637	0.048793	0.025830	0.063474	0.035414	0.052467	0.000000	0.000000	0.058108	0.000000	0.032814	0.009770	0.048726	0.000000	0.021023	0.000887	0.029450	0.000940	0.061301	0.000000	0.033343	0.084285	0.023068	0.104754	0.031103	0.000000	0.000000
0.047973	0.036237	0.080698	0.070731	0.049105	0.025832	0.062583	0.035626	0.054008	0.000000	0.000000	0.058266	0.000000	0.031647	0.009880	0.049181	0.000000	0.021027	0.000888	0.060002	0.000940	0.028265	0.000000	0.034939	0.082959	0.022912	0.106797	0.029505	0.000000	0.000000
0.048319	0.036810	0.081192	0.102660	0.048792	0.026272	0.064747	0.036073	0.054156	0.000000	0.000000	0.057818	0.000000	0.031668	0.009771	0.048392	0.000000	0.021023	0.001471	0.028988	0.000940	0.027593	0.000000	0.033605	0.082113	0.023272	0.104421	0.029904	0.000000	0.000000
0.047691	0.036640	0.080099	0.070803	0.048865	0.025830	0.062676	0.073457	0.053197	0.000000	0.000000	0.057592	0.000000	0.031737	0.009770	0.048103	0.000000	0.021023	0.000887	0.029736	0.000940	0.027504	0.000000	0.033554	0.082678	0.023614	0.104237	0.029368	0.000000	0.000000
0.000000	0.000000	0.000000	0.000000	0.000000	0.000000	0.000000	0.000000	0.000000	0.000000	0.000000	0.000000	0.018936	0.000000	0.000000	0.000000	0.614135	0.000000	0.000000	0.000000	0.000000	0.000000	0.366929	0.000000	0.000000	0.000000	0.000000	0.000000	0.000000	0.000000
0.048389	0.036500	0.081489	0.071254	0.049005	0.026670	0.062104	0.035288	0.054037	0.000000	0.000000	0.081240	0.000000	0.032401	0.009771	0.048115	0.000000	0.021023	0.000888	0.029741	0.000940	0.028162	0.000000	0.034493	0.087899	0.023097	0.107536	0.029960	0.000000	0.000000
0.048834	0.035978	0.081241	0.070598	0.048405	0.056226	0.062819	0.035293	0.053932	0.000000	0.000000	0.057687	0.000000	0.031597	0.009771	0.048104	0.000000	0.021023	0.000887	0.029689	0.000940	0.027504	0.000000	0.033768	0.084524	0.023048	0.108365	0.029765	0.000000	0.000000
0.000000	0.000000	0.000000	0.000000	0.000000	0.000000	0.000000	0.000000	0.000000	1.000000	0.000000	0.000000	0.000000	0.000000	0.000000	0.000000	0.000000	0.000000	0.000000	0.000000	0.000000	0.000000	0.000000	0.000000	0.000000	0.000000	0.000000	0.000000	0.000000	0.000000
0.047439	0.037180	0.082487	0.070757	0.049615	0.026353	0.065305	0.036498	0.081361	0.000000	0.000000	0.057849	0.000000	0.032632	0.009770	0.048496	0.000000	0.021023	0.000887	0.029794	0.000940	0.027887	0.000000	0.033765	0.082838	0.022958	0.104470	0.029696	0.000000	0.000000
0.000000	0.000000	0.000000	0.000000	0.000000	0.000000	0.000000	0.000000	0.000000	0.000000	0.000000	0.000000	0.021743	0.000000	0.000000	0.000000	0.610218	0.000000	0.000000	0.000000	0.000000	0.000000	0.368039	0.000000	0.000000	0.000000	0.000000	0.000000	0.000000	0.000000
0.078929	0.036599	0.083762	0.070658	0.048529	0.025922	0.063906	0.035891	0.052692	0.000000	0.000000	0.057595	0.000000	0.032641	0.009771	0.048103	0.000000	0.021023	0.000887	0.028988	0.000940	0.027504	0.000000	0.033688	0.083282	0.022911	0.106379	0.029401	0.000000	0.000000
0.047796	0.036935	0.080960	0.071901	0.084470	0.025830	0.063849	0.035824	0.053022	0.000000	0.000000	0.057595	0.000000	0.031900	0.009771	0.048889	0.000000	0.021023	0.000887	0.029252	0.000940	0.027504	0.000000	0.033477	0.081856	0.022981	0.104066	0.029272	0.000000	0.000000
0.048075	0.035951	0.081731	0.070422	0.048405	0.025830	0.063141	0.035489	0.052606	0.000000	0.000000	0.058783	0.000000	0.032452	0.009770	0.048103	0.000000	0.021023	0.000887	0.029501	0.000940	0.027504	0.000000	0.034267	0.082635	0.022911	0.140211	0.029362	0.000000	0.000000
0.047792	0.036891	0.079608	0.071330	0.068488	0.025830	0.062202	0.035288	0.052604	0.000000	0.000000	0.058171	0.000000	0.032575	0.009771	0.048103	0.000000	0.021023	0.000887	0.028988	0.000940	0.027652	0.000000	0.034325	0.092291	0.023401	0.110743	0.031098	0.000000	0.000000
0.048973	0.036364	0.080025	0.105743	0.049246	0.025830	0.062078	0.035735	0.052705	0.000000	0.000000	0.057730	0.000000	0.032022	0.009771	0.048213	0.000000	0.021023	0.000887	0.028988	0.000940	0.027504	0.000000	0.033619	0.083775	0.023375	0.105897	0.029559	0.000000	0.000000
0.069159	0.036135	0.084942	0.071421	0.049231	0.028602	0.064040	0.035565	0.052859	0.000000	0.000000	0.057776	0.000000	0.031891	0.009770	0.048116	0.000000	0.021023	0.000887	0.030485	0.000940	0.027650	0.000000	0.034029	0.085049	0.022911	0.107671	0.029848	0.000000	0.000000
0.047675	0.036190	0.081608	0.071194	0.049208	0.026013	0.062744	0.037123	0.053501	0.000000	0.000000	0.058311	0.000000	0.033063	0.009770	0.048104	0.000000	0.021026	0.000887	0.029282	0.000940	0.027504	0.000000	0.033356	0.082574	0.052065	0.108515	0.029346	0.000000	0.000000
0.048214	0.036648	0.081407	0.071187	0.049000	0.025833	0.067031	0.035595	0.053640	0.000000	0.000000	0.083197	0.000000	0.032363	0.009771	0.048103	0.000000	0.021023	0.000887	0.029307	0.000940	0.027504	0.000000	0.034623	0.085768	0.022911	0.105507	0.029541	0.000000	0.000000
0.047420	0.037615	0.080929	0.076898	0.048808	0.025830	0.062494	0.035443	0.052879	0.000000	0.000000	0.058758	0.000000	0.031610	0.009770	0.079446	0.000000	0.021023	0.000887	0.029322	0.000940	0.027504	0.000000	0.033603	0.082707	0.022911	0.103748	0.029455	0.000000	0.000000
0.000000	0.000000	0.000000	0.000000	0.000000	0.000000	0.000000	0.000000	0.000000	0.000000	0.000000	0.000000	0.018937	0.000000	0.000000	0.000000	0.571537	0.000000	0.000000	0.000000	0.000000	0.000000	0.409526	0.000000	0.000000	0.000000	0.000000	0.000000	0.000000	0.000000
0.047815	0.035951	0.080638	0.071198	0.048552	0.025830	0.064852	0.035592	0.054057	0.000000	0.000000	0.057779	0.000000	0.063999	0.009770	0.048349	0.000000	0.021023	0.000887	0.028988	0.000940	0.027504	0.000000	0.033349	0.083660	0.023195	0.106577	0.029495	0.000000	0.000000
0.048250	0.036528	0.108136	0.070642	0.048630	0.025830	0.070784	0.035287	0.055264	0.000000	0.000000	0.057592	0.000000	0.031600	0.009770	0.048103	0.000000	0.021023	0.000887	0.029274	0.000940	0.027640	0.000000	0.033338	0.083401	0.022911	0.104908	0.029261	0.000000	0.000000
0.000000	0.000000	0.000000	0.000000	0.000000	0.000000	0.000000	0.000000	0.000000	0.000000	0.991847	0.000000	0.000000	0.000000	0.000000	0.000000	0.000000	0.000000	0.000000	0.000000	0.008153	0.000000	0.000000	0.000000	0.000000	0.000000	0.000000	0.000000	0.000000	0.000000
0.047425	0.035952	0.079850	0.070544	0.048935	0.025980	0.062498	0.035294	0.052956	0.000000	0.000000	0.057808	0.000000	0.031599	0.009771	0.048103	0.000000	0.021023	0.000887	0.028988	0.000940	0.027846	0.000000	0.033430	0.123072	0.022911	0.104856	0.029331	0.000000	0.000000
0.047851	0.036922	0.081447	0.071477	0.049202	0.026952	0.062372	0.036617	0.053363	0.000000	0.000000	0.057978	0.000000	0.031637	0.023666	0.048618	0.000000	0.021023	0.001573	0.029621	0.000940	0.027613	0.000000	0.033678	0.092911	0.022911	0.111547	0.030082	0.000000	0.000000
0.047976	0.037040	0.080688	0.070760	0.049338	0.025830	0.063765	0.035804	0.052944	0.000000	0.000000	0.058269	0.000000	0.031919	0.009770	0.048961	0.000000	0.051135	0.000887	0.029595	0.001833	0.027504	0.000000	0.034070	0.082479	0.022912	0.106982	0.029539	0.000000	0.000000
0.047478	0.036118	0.080733	0.070714	0.048553	0.026191	0.063512	0.035872	0.052786	0.000000	0.000000	0.058277	0.000000	0.033526	0.009771	0.048636	0.000000	0.021023	0.000887	0.029140	0.000940	0.029311	0.000000	0.033556	0.083219	0.023075	0.106048	0.060634	0.000000	0.000000
0.047468	0.036628	0.082518	0.070471	0.048405	0.025830	0.065974	0.035297	0.077172	0.000000	0.000000	0.058625	0.000000	0.032160	0.009770	0.048145	0.000000	0.021023	0.000887	0.029028	0.000940	0.027504	0.000000	0.034823	0.088792	0.023121	0.106157	0.029261	0.000000	0.000000
0.047420	0.037615	0.080929	0.076898	0.048808	0.025830	0.062494	0.035443	0.052879	0.000000	0.000000	0.058758	0.000000	0.031610	0.009770	0.079446	0.000000	0.021023	0.000887	0.029322	0.000940	0.027504	0.000000	0.033603	0.082707	0.022911	0.103748	0.029455	0.000000	0.000000
0.047986	0.069864	0.080487	0.071298	0.050080	0.025833	0.062743	0.035908	0.053117	0.000000	0.000000	0.057939	0.000000	0.031596	0.009771	0.048227	0.000000	0.021023	0.000887	0.029024	0.000940	0.027504	0.000000	0.035469	0.082829	0.023320	0.104822	0.029336	0.000000	0.000000
0.000000	0.000000	0.000000	0.000000	0.000000	0.000000	0.000000	0.000000	0.000000	0.000000	0.000000	0.000000	0.000000	0.000000	0.000000	0.000000	0.000000	0.000000	0.000000	0.000000	0.000000	0.000000	0.000000	0.000000	0.000000	0.000000	0.000000	0.000000	1.000000	0.000000
0.048149	0.037777	0.081217	0.078607	0.049075	0.025963	0.064567	0.035808	0.052984	0.000000	0.000000	0.079787	0.000000	0.031676	0.009771	0.048736	0.000000	0.021029	0.000887	0.029945	0.001394	0.027903	0.000000	0.033315	0.082346	0.022912	0.106188	0.029965	0.000000	0.000000
0.047498	0.035951	0.080673	0.070587	0.048532	0.025830	0.100492	0.035933	0.054365	0.000000	0.000000	0.057594	0.000000	0.031957	0.009770	0.048103	0.000000	0.021032	0.000887	0.028988	0.000940	0.027504	0.000000	0.033819	0.083075	0.022911	0.104276	0.029282	0.000000	0.000000
0.000000	0.000000	0.000000	0.000000	0.000000	0.000000	0.000000	0.000000	0.000000	0.000000	0.000000	0.000000	0.000000	0.000000	0.000000	0.000000	0.000000	0.000000	0.000000	0.000000	0.000000	0.000000	0.000000	0.000000	0.000000	0.000000	0.000000	0.000000	0.000000	1.000000
