0.000143	0.000000	0.012168	0.000234	0.000000	0.000000	0.000000	0.000000	0.000000	0.014475	0.000000	0.000000	0.010627	0.000000	0.000000	0.937923	0.000000	0.000000	0.004107	0.000000	0.000000	0.000000	0.000000	0.000000	0.000000	0.000000	0.000000	0.000000	0.020322	0.000000
0.000124	0.000000	0.011713	0.000157	0.000000	0.000000	0.000000	0.000000	0.000000	0.022443	0.000000	0.000000	0.026227	0.000000	0.000000	0.892956	0.000000	0.000000	0.003133	0.000000	0.000000	0.000000	0.000000	0.000000	0.000000	0.000000	0.000000	0.000000	0.043247	0.000000
0.000000	0.000000	0.000000	0.000000	0.000000	0.000000	0.000000	0.000000	0.000000	0.000000	0.000000	0.000000	0.000000	0.000000	0.000000	0.000000	0.000000	0.000000	0.000000	0.000000	0.000000	1.000000	0.000000	0.000000	0.000000	0.000000	0.000000	0.000000	0.000000	0.000000
0.000143	0.000000	0.012176	0.000234	0.000000	0.000000	0.000000	0.000000	0.000000	0.014475	0.000000	0.000000	0.010627	0.000000	0.000000	0.937915	0.000000	0.000000	0.004107	0.000000	0.000000	0.000000	0.000000	0.000000	0.000000	0.000000	0.000000	0.000000	0.020322	0.000000
0.000107	0.000000	0.011867	0.000211	0.000000	0.000000	0.000000	0.000000	0.000000	0.012890	0.000000	0.000000	0.008036	0.000000	0.000000	0.947477	0.000000	0.000000	0.003296	0.000000	0.000000	0.000000	0.000000	0.000000	0.000000	0.000000	0.000000	0.000000	0.016117	0.000000
0.000145	0.000000	0.012117	0.000233	0.000000	0.000000	0.000000	0.000000	0.000000	0.014414	0.000000	0.000000	0.010533	0.000000	0.000000	0.938294	0.000000	0.000000	0.004070	0.000000	0.000000	0.000000	0.000000	0.000000	0.000000	0.000000	0.000000	0.000000	0.020194	0.000000
0.000000	0.000000	0.000000	0.000000	0.000000	0.000000	0.000000	0.000000	0.000000	0.000000	0.000000	0.000000	0.000000	0.000000	0.000000	0.000000	0.000000	0.000000	0.000000	0.000000	1.000000	0.000000	0.000000	0.000000	0.000000	0.000000	0.000000	0.000000	0.000000	0.000000
0.000000	0.000000	0.000000	0.000000	0.000000	0.000000	0.000000	0.000000	0.000000	0.000000	0.000000	0.000000	0.000000	0.000000	0.000000	0.000000	0.000000	0.000000	0.000000	0.000000	1.000000	0.000000	0.000000	0.000000	0.000000	0.000000	0.000000	0.000000	0.000000	0.000000
0.000000	0.000000	0.000000	0.000000	0.000000	0.000000	0.000000	0.000000	0.000000	0.000000	0.000000	0.000000	0.000000	0.000000	0.000000	0.000000	0.000000	0.000000	0.000000	0.000000	1.000000	0.000000	0.000000	0.000000	0.000000	0.000000	0.000000	0.000000	0.000000	0.000000
0.000000	0.000000	0.000000	0.000000	0.000000	0.000000	0.000000	0.000000	0.000000	0.000000	0.000000	0.000000	0.000000	0.000000	0.000000	0.000000	0.000000	1.000000	0.000000	0.000000	0.000000	0.000000	0.000000	0.000000	0.000000	0.000000	0.000000	0.000000	0.000000	0.000000
0.000000	0.000000	0.000000	0.000000	0.000000	0.000000	1.000000	0.000000	0.000000	0.000000	0.000000	0.000000	0.000000	0.000000	0.000000	0.000000	0.000000	0.000000	0.000000	0.000000	0.000000	0.000000	0.000000	0.000000	0.000000	0.000000	0.000000	0.000000	0.000000	0.000000
0.000124	0.000000	0.011706	0.000158	0.000000	0.000000	0.000000	0.000000	0.000000	0.022443	0.000000	0.000000	0.026227	0.000000	0.000000	0.893034	0.000000	0.000000	0.003133	0.000000	0.000000	0.000000	0.000000	0.000000	0.000000	0.000000	0.000000	0.000000	0.043175	0.000000
0.000110	0.000000	0.011370	0.000149	0.000000	0.000000	0.000000	0.000000	0.000000	0.026579	0.000000	0.000000	0.035814	0.000000	0.000000	0.874984	0.000000	0.000000	0.002909	0.000000	0.000000	0.000000	0.000000	0.000000	0.000000	0.000000	0.000000	0.000000	0.048086	0.000000
0.000110	0.000000	0.011360	0.000149	0.000000	0.000000	0.000000	0.000000	0.000000	0.026628	0.000000	0.000000	0.035843	0.000000	0.000000	0.874889	0.000000	0.000000	0.002901	0.000000	0.000000	0.000000	0.000000	0.000000	0.000000	0.000000	0.000000	0.000000	0.048121	0.000000
0.000186	0.000000	0.012780	0.000180	0.000000	0.000000	0.000000	0.000000	0.000000	0.017144	0.000000	0.000000	0.015716	0.000000	0.000000	0.921376	0.000000	0.000000	0.004138	0.000000	0.000000	0.000000	0.000000	0.000000	0.000000	0.000000	0.000000	0.000000	0.028480	0.000000
0.000136	0.000000	0.012078	0.000214	0.000000	0.000000	0.000000	0.000000	0.000000	0.016706	0.000000	0.000000	0.015005	0.000000	0.000000	0.925362	0.000000	0.000000	0.003867	0.000000	0.000000	0.000000	0.000000	0.000000	0.000000	0.000000	0.000000	0.000000	0.026632	0.000000
0.000000	0.000000	0.000000	0.000000	0.000000	1.000000	0.000000	0.000000	0.000000	0.000000	0.000000	0.000000	0.000000	0.000000	0.000000	0.000000	0.000000	0.000000	0.000000	0.000000	0.000000	0.000000	0.000000	0.000000	0.000000	0.000000	0.000000	0.000000	0.000000	0.000000
0.000062	0.000000	0.070634	0.000127	0.000000	0.000000	0.000000	0.000000	0.000000	0.010877	0.000000	0.000000	0.005783	0.000000	0.000000	0.824890	0.000000	0.000000	0.074811	0.000000	0.000000	0.000000	0.000000	0.000000	0.000000	0.000000	0.000000	0.000000	0.012815	0.000000
0.000062	0.000000	0.070718	0.000127	0.000000	0.000000	0.000000	0.000000	0.000000	0.010874	0.000000	0.000000	0.005783	0.000000	0.000000	0.824890	0.000000	0.000000	0.074731	0.000000	0.000000	0.000000	0.000000	0.000000	0.000000	0.000000	0.000000	0.000000	0.012816	0.000000
0.000062	0.000000	0.070658	0.000127	0.000000	0.000000	0.000000	0.000000	0.000000	0.010873	0.000000	0.000000	0.005783	0.000000	0.000000	0.824865	0.000000	0.000000	0.074817	0.000000	0.000000	0.000000	0.000000	0.000000	0.000000	0.000000	0.000000	0.000000	0.012815	0.000000
0.000142	0.000000	0.012132	0.000723	0.000000	0.000000	0.000000	0.000000	0.000000	0.014426	0.000000	0.000000	0.010563	0.000000	0.000000	0.937711	0.000000	0.000000	0.004086	0.000000	0.000000	0.000000	0.000000	0.000000	0.000000	0.000000	0.000000	0.000000	0.020215	0.000000
0.000107	0.000000	0.010846	0.016127	0.000000	0.000000	0.000000	0.000000	0.000000	0.012622	0.000000	0.000000	0.008036	0.000000	0.000000	0.932847	0.000000	0.000000	0.003301	0.000000	0.000000	0.000000	0.000000	0.000000	0.000000	0.000000	0.000000	0.000000	0.016116	0.000000
0.000000	0.000000	0.000000	0.000000	0.000000	0.000000	0.000000	0.000000	1.000000	0.000000	0.000000	0.000000	0.000000	0.000000	0.000000	0.000000	0.000000	0.000000	0.000000	0.000000	0.000000	0.000000	0.000000	0.000000	0.000000	0.000000	0.000000	0.000000	0.000000	0.000000
0.000000	0.000000	0.000000	0.000000	0.000000	0.000000	0.000000	0.000000	1.000000	0.000000	0.000000	0.000000	0.000000	0.000000	0.000000	0.000000	0.000000	0.000000	0.000000	0.000000	0.000000	0.000000	0.000000	0.000000	0.000000	0.000000	0.000000	0.000000	0.000000	0.000000
0.000000	0.000000	0.000000	0.000000	0.000000	0.000000	0.000000	0.000000	0.045328	0.000000	0.000000	0.000000	0.000000	0.000000	0.000000	0.000000	0.000000	0.000000	0.000000	0.000000	0.000000	0.000000	0.000000	0.000000	0.000000	0.000000	0.000000	0.000000	0.000000	0.954672
0.000000	0.000000	0.000000	0.000000	0.000000	0.000000	0.000000	0.000000	0.000000	0.000000	0.000000	0.000000	0.000000	0.000000	0.000000	0.000000	0.000000	0.000000	0.000000	0.000000	0.000000	0.000000	0.000000	0.000000	1.000000	0.000000	0.000000	0.000000	0.000000	0.000000
0.000294	0.000000	0.011467	0.000201	0.000000	0.000000	0.000000	0.000000	0.000000	0.014367	0.000000	0.000000	0.010225	0.000000	0.000000	0.939157	0.000000	0.000000	0.003469	0.000000	0.000000	0.000000	0.000000	0.000000	0.000000	0.000000	0.000000	0.000000	0.020818	0.000000
0.000086	0.000000	0.010880	0.000134	0.000000	0.000000	0.000000	0.000000	0.000000	0.032688	0.000000	0.000000	0.049698	0.000000	0.000000	0.847906	0.000000	0.000000	0.002554	0.000000	0.000000	0.000000	0.000000	0.000000	0.000000	0.000000	0.000000	0.000000	0.056055	0.000000
0.000086	0.000000	0.010883	0.000134	0.000000	0.000000	0.000000	0.000000	0.000000	0.032717	0.000000	0.000000	0.049676	0.000000	0.000000	0.847871	0.000000	0.000000	0.002554	0.000000	0.000000	0.000000	0.000000	0.000000	0.000000	0.000000	0.000000	0.000000	0.056079	0.000000
0.000086	0.000000	0.010882	0.000134	0.000000	0.000000	0.000000	0.000000	0.000000	0.032661	0.000000	0.000000	0.049870	0.000000	0.000000	0.847788	0.000000	0.000000	0.002554	0.000000	0.000000	0.000000	0.000000	0.000000	0.000000	0.000000	0.000000	0.000000	0.056026	0.000000
0.000000	1.000000	0.000000	0.000000	0.000000	0.000000	0.000000	0.000000	0.000000	0.000000	0.000000	0.000000	0.000000	0.000000	0.000000	0.000000	0.000000	0.000000	0.000000	0.000000	0.000000	0.000000	0.000000	0.000000	0.000000	0.000000	0.000000	0.000000	0.000000	0.000000
0.000086	0.000000	0.010890	0.000134	0.000000	0.000000	0.000000	0.000000	0.000000	0.032703	0.000000	0.000000	0.049794	0.000000	0.000000	0.847813	0.000000	0.000000	0.002554	0.000000	0.000000	0.000000	0.000000	0.000000	0.000000	0.000000	0.000000	0.000000	0.056026	0.000000
0.000000	0.000000	0.000000	0.000000	0.000000	0.000000	0.000000	0.000000	0.000000	0.000000	1.000000	0.000000	0.000000	0.000000	0.000000	0.000000	0.000000	0.000000	0.000000	0.000000	0.000000	0.000000	0.000000	0.000000	0.000000	0.000000	0.000000	0.000000	0.000000	0.000000
0.000150	0.000000	0.012116	0.000231	0.000000	0.000000	0.000000	0.000000	0.000000	0.014420	0.000000	0.000000	0.010492	0.000000	0.000000	0.938342	0.000000	0.000000	0.004040	0.000000	0.000000	0.000000	0.000000	0.000000	0.000000	0.000000	0.000000	0.000000	0.020209	0.000000
0.000112	0.000000	0.015137	0.000175	0.000000	0.000000	0.000000	0.000000	0.000000	0.015672	0.000000	0.000000	0.012690	0.000000	0.000000	0.925773	0.000000	0.000000	0.005645	0.000000	0.000000	0.000000	0.000000	0.000000	0.000000	0.000000	0.000000	0.000000	0.024795	0.000000
0.000099	0.000000	0.029478	0.000163	0.000000	0.000000	0.000000	0.000000	0.000000	0.014463	0.000000	0.000000	0.010944	0.000000	0.000000	0.899868	0.000000	0.000000	0.023242	0.000000	0.000000	0.000000	0.000000	0.000000	0.000000	0.000000	0.000000	0.000000	0.021743	0.000000
0.000136	0.000000	0.013040	0.000218	0.000000	0.000000	0.000000	0.000000	0.000000	0.014895	0.000000	0.000000	0.011370	0.000000	0.000000	0.933946	0.000000	0.000000	0.004582	0.000000	0.000000	0.000000	0.000000	0.000000	0.000000	0.000000	0.000000	0.000000	0.021813	0.000000
0.000136	0.000000	0.013046	0.000218	0.000000	0.000000	0.000000	0.000000	0.000000	0.014898	0.000000	0.000000	0.011370	0.000000	0.000000	0.933937	0.000000	0.000000	0.004582	0.000000	0.000000	0.000000	0.000000	0.000000	0.000000	0.000000	0.000000	0.000000	0.021813	0.000000
0.000136	0.000000	0.013041	0.000218	0.000000	0.000000	0.000000	0.000000	0.000000	0.014897	0.000000	0.000000	0.011370	0.000000	0.000000	0.933943	0.000000	0.000000	0.004582	0.000000	0.000000	0.000000	0.000000	0.000000	0.000000	0.000000	0.000000	0.000000	0.021813	0.000000
0.000136	0.000000	0.013038	0.000218	0.000000	0.000000	0.000000	0.000000	0.000000	0.014896	0.000000	0.000000	0.011370	0.000000	0.000000	0.933947	0.000000	0.000000	0.004582	0.000000	0.000000	0.000000	0.000000	0.000000	0.000000	0.000000	0.000000	0.000000	0.021813	0.000000
0.000279	0.000000	0.011534	0.000200	0.000000	0.000000	0.000000	0.000000	0.000000	0.014292	0.000000	0.000000	0.010070	0.000000	0.000000	0.939599	0.000000	0.000000	0.003465	0.000000	0.000000	0.000000	0.000000	0.000000	0.000000	0.000000	0.000000	0.000000	0.020560	0.000000
0.000117	0.000000	0.020797	0.000200	0.000000	0.000000	0.000000	0.000000	0.000000	0.012919	0.000000	0.000000	0.008079	0.000000	0.000000	0.926046	0.000000	0.000000	0.015384	0.000000	0.000000	0.000000	0.000000	0.000000	0.000000	0.000000	0.000000	0.000000	0.016457	0.000000
0.000117	0.000000	0.020756	0.000200	0.000000	0.000000	0.000000	0.000000	0.000000	0.012919	0.000000	0.000000	0.008079	0.000000	0.000000	0.926066	0.000000	0.000000	0.015405	0.000000	0.000000	0.000000	0.000000	0.000000	0.000000	0.000000	0.000000	0.000000	0.016457	0.000000
0.000117	0.000000	0.020765	0.000201	0.000000	0.000000	0.000000	0.000000	0.000000	0.012930	0.000000	0.000000	0.008079	0.000000	0.000000	0.926070	0.000000	0.000000	0.015381	0.000000	0.000000	0.000000	0.000000	0.000000	0.000000	0.000000	0.000000	0.000000	0.016457	0.000000
0.000133	0.000000	0.019658	0.000221	0.000000	0.000000	0.000000	0.000000	0.000000	0.014032	0.000000	0.000000	0.010020	0.000000	0.000000	0.923403	0.000000	0.000000	0.013151	0.000000	0.000000	0.000000	0.000000	0.000000	0.000000	0.000000	0.000000	0.000000	0.019382	0.000000
0.000000	0.000000	0.000000	0.000000	0.000000	0.000000	0.000000	0.000000	0.000000	0.000000	0.000000	0.000000	0.000000	0.000000	0.000000	0.000000	0.000000	0.000000	0.000000	0.000000	0.000000	0.000000	0.000000	1.000000	0.000000	0.000000	0.000000	0.000000	0.000000	0.000000
0.000294	0.000000	0.011466	0.000201	0.000000	0.000000	0.000000	0.000000	0.000000	0.014370	0.000000	0.000000	0.010225	0.000000	0.000000	0.939161	0.000000	0.000000	0.003465	0.000000	0.000000	0.000000	0.000000	0.000000	0.000000	0.000000	0.000000	0.000000	0.020818	0.000000
0.000294	0.000000	0.011465	0.000201	0.000000	0.000000	0.000000	0.000000	0.000000	0.014371	0.000000	0.000000	0.010225	0.000000	0.000000	0.939157	0.000000	0.000000	0.003468	0.000000	0.000000	0.000000	0.000000	0.000000	0.000000	0.000000	0.000000	0.000000	0.020818	0.000000
0.001236	0.000000	0.011377	0.000198	0.000000	0.000000	0.000000	0.000000	0.000000	0.014440	0.000000	0.000000	0.010077	0.000000	0.000000	0.938640	0.000000	0.000000	0.003421	0.000000	0.000000	0.000000	0.000000	0.000000	0.000000	0.000000	0.000000	0.000000	0.020611	0.000000
0.000177	0.000000	0.011948	0.000210	0.000000	0.000000	0.000000	0.000000	0.000000	0.016368	0.000000	0.000000	0.014306	0.000000	0.000000	0.927416	0.000000	0.000000	0.003776	0.000000	0.000000	0.000000	0.000000	0.000000	0.000000	0.000000	0.000000	0.000000	0.025799	0.000000
0.000192	0.000000	0.012010	0.000226	0.000000	0.000000	0.000000	0.000000	0.000000	0.014449	0.000000	0.000000	0.010519	0.000000	0.000000	0.938197	0.000000	0.000000	0.003956	0.000000	0.000000	0.000000	0.000000	0.000000	0.000000	0.000000	0.000000	0.000000	0.020452	0.000000
0.000192	0.000000	0.012012	0.000226	0.000000	0.000000	0.000000	0.000000	0.000000	0.014451	0.000000	0.000000	0.010519	0.000000	0.000000	0.938192	0.000000	0.000000	0.003956	0.000000	0.000000	0.000000	0.000000	0.000000	0.000000	0.000000	0.000000	0.000000	0.020452	0.000000
0.000000	0.000000	0.000000	0.000000	0.000000	0.000000	0.000000	0.000000	0.000000	0.000000	0.000000	0.000000	0.000000	0.000000	0.000000	0.000000	0.000000	0.000000	0.000000	0.000000	0.000000	0.000000	0.000000	0.000000	0.000000	0.000000	0.000000	0.000000	0.000000	1.000000
0.000143	0.000000	0.012167	0.000234	0.000000	0.000000	0.000000	0.000000	0.000000	0.014475	0.000000	0.000000	0.010627	0.000000	0.000000	0.937924	0.000000	0.000000	0.004107	0.000000	0.000000	0.000000	0.000000	0.000000	0.000000	0.000000	0.000000	0.000000	0.020322	0.000000
0.000143	0.000000	0.012167	0.000234	0.000000	0.000000	0.000000	0.000000	0.000000	0.014479	0.000000	0.000000	0.010627	0.000000	0.000000	0.937920	0.000000	0.000000	0.004107	0.000000	0.000000	0.000000	0.000000	0.000000	0.000000	0.000000	0.000000	0.000000	0.020322	0.000000
0.000143	0.000000	0.012170	0.000234	0.000000	0.000000	0.000000	0.000000	0.000000	0.014479	0.000000	0.000000	0.010627	0.000000	0.000000	0.937918	0.000000	0.000000	0.004107	0.000000	0.000000	0.000000	0.000000	0.000000	0.000000	0.000000	0.000000	0.000000	0.020322	0.000000
0.000143	0.000000	0.012166	0.000234	0.000000	0.000000	0.000000	0.000000	0.000000	0.014475	0.000000	0.000000	0.010627	0.000000	0.000000	0.937925	0.000000	0.000000	0.004107	0.000000	0.000000	0.000000	0.000000	0.000000	0.000000	0.000000	0.000000	0.000000	0.020322	0.000000
0.000143	0.000000	0.012166	0.000234	0.000000	0.000000	0.000000	0.000000	0.000000	0.014475	0.000000	0.000000	0.010627	0.000000	0.000000	0.937924	0.000000	0.000000	0.004107	0.000000	0.000000	0.000000	0.000000	0.000000	0.000000	0.000000	0.000000	0.000000	0.020322	0.000000
0.000143	0.000000	0.012167	0.000234	0.000000	0.000000	0.000000	0.000000	0.000000	0.014483	0.000000	0.000000	0.010627	0.000000	0.000000	0.937912	0.000000	0.000000	0.004107	0.000000	0.000000	0.000000	0.000000	0.000000	0.000000	0.000000	0.000000	0.000000	0.020327	0.000000
0.000146	0.000000	0.012147	0.000234	0.000000	0.000000	0.000000	0.000000	0.000000	0.014476	0.000000	0.000000	0.010596	0.000000	0.000000	0.938013	0.000000	0.000000	0.004090	0.000000	0.000000	0.000000	0.000000	0.000000	0.000000	0.000000	0.000000	0.000000	0.020300	0.000000
0.000062	0.000000	0.070686	0.000127	0.000000	0.000000	0.000000	0.000000	0.000000	0.010873	0.000000	0.000000	0.005783	0.000000	0.000000	0.824746	0.000000	0.000000	0.074907	0.000000	0.000000	0.000000	0.000000	0.000000	0.000000	0.000000	0.000000	0.000000	0.012816	0.000000
0.000062	0.000000	0.070686	0.000127	0.000000	0.000000	0.000000	0.000000	0.000000	0.010873	0.000000	0.000000	0.005783	0.000000	0.000000	0.824746	0.000000	0.000000	0.074907	0.000000	0.000000	0.000000	0.000000	0.000000	0.000000	0.000000	0.000000	0.000000	0.012816	0.000000
0.000124	0.000000	0.011707	0.000157	0.000000	0.000000	0.000000	0.000000	0.000000	0.022441	0.000000	0.000000	0.026227	0.000000	0.000000	0.893066	0.000000	0.000000	0.003133	0.000000	0.000000	0.000000	0.000000	0.000000	0.000000	0.000000	0.000000	0.000000	0.043145	0.000000
0.000110	0.000000	0.010978	0.000210	0.000000	0.000000	0.000000	0.000000	0.000000	0.012612	0.000000	0.000000	0.007998	0.000000	0.000000	0.948720	0.000000	0.000000	0.003288	0.000000	0.000000	0.000000	0.000000	0.000000	0.000000	0.000000	0.000000	0.000000	0.016085	0.000000
0.000090	0.000000	0.045192	0.000164	0.000000	0.000000	0.000000	0.000000	0.000000	0.011947	0.000000	0.000000	0.007002	0.000000	0.000000	0.876322	0.000000	0.000000	0.044523	0.000000	0.000000	0.000000	0.000000	0.000000	0.000000	0.000000	0.000000	0.000000	0.014758	0.000000
0.000140	0.000000	0.013289	0.000231	0.000000	0.000000	0.000000	0.000000	0.000000	0.014327	0.000000	0.000000	0.010370	0.000000	0.000000	0.936168	0.000000	0.000000	0.005556	0.000000	0.000000	0.000000	0.000000	0.000000	0.000000	0.000000	0.000000	0.000000	0.019918	0.000000
0.000133	0.000000	0.013897	0.000216	0.000000	0.000000	0.000000	0.000000	0.000000	0.014743	0.000000	0.000000	0.011127	0.000000	0.000000	0.932747	0.000000	0.000000	0.005722	0.000000	0.000000	0.000000	0.000000	0.000000	0.000000	0.000000	0.000000	0.000000	0.021415	0.000000
0.000192	0.000000	0.012013	0.000226	0.000000	0.000000	0.000000	0.000000	0.000000	0.014448	0.000000	0.000000	0.010519	0.000000	0.000000	0.938194	0.000000	0.000000	0.003956	0.000000	0.000000	0.000000	0.000000	0.000000	0.000000	0.000000	0.000000	0.000000	0.020452	0.000000
0.000143	0.000000	0.012167	0.000234	0.000000	0.000000	0.000000	0.000000	0.000000	0.014477	0.000000	0.000000	0.010627	0.000000	0.000000	0.937923	0.000000	0.000000	0.004107	0.000000	0.000000	0.000000	0.000000	0.000000	0.000000	0.000000	0.000000	0.000000	0.020322	0.000000
0.000131	0.000000	0.011907	0.000212	0.000000	0.000000	0.000000	0.000000	0.000000	0.018643	0.000000	0.000000	0.019390	0.000000	0.000000	0.917574	0.000000	0.000000	0.003767	0.000000	0.000000	0.000000	0.000000	0.000000	0.000000	0.000000	0.000000	0.000000	0.028376	0.000000
0.000143	0.000000	0.012167	0.000234	0.000000	0.000000	0.000000	0.000000	0.000000	0.014475	0.000000	0.000000	0.010627	0.000000	0.000000	0.937924	0.000000	0.000000	0.004107	0.000000	0.000000	0.000000	0.000000	0.000000	0.000000	0.000000	0.000000	0.000000	0.020322	0.000000
0.000136	0.000000	0.013050	0.000218	0.000000	0.000000	0.000000	0.000000	0.000000	0.014906	0.000000	0.000000	0.011370	0.000000	0.000000	0.933923	0.000000	0.000000	0.004582	0.000000	0.000000	0.000000	0.000000	0.000000	0.000000	0.000000	0.000000	0.000000	0.021816	0.000000
0.000143	0.000000	0.012171	0.000234	0.000000	0.000000	0.000000	0.000000	0.000000	0.014485	0.000000	0.000000	0.010627	0.000000	0.000000	0.937907	0.000000	0.000000	0.004107	0.000000	0.000000	0.000000	0.000000	0.000000	0.000000	0.000000	0.000000	0.000000	0.020326	0.000000
0.000110	0.000000	0.011360	0.000149	0.000000	0.000000	0.000000	0.000000	0.000000	0.026660	0.000000	0.000000	0.035805	0.000000	0.000000	0.874875	0.000000	0.000000	0.002901	0.000000	0.000000	0.000000	0.000000	0.000000	0.000000	0.000000	0.000000	0.000000	0.048140	0.000000
0.000187	0.000000	0.012956	0.000223	0.000000	0.000000	0.000000	0.000000	0.000000	0.014311	0.000000	0.000000	0.010308	0.000000	0.000000	0.936722	0.000000	0.000000	0.005190	0.000000	0.000000	0.000000	0.000000	0.000000	0.000000	0.000000	0.000000	0.000000	0.020104	0.000000
0.000112	0.000000	0.015122	0.000175	0.000000	0.000000	0.000000	0.000000	0.000000	0.015677	0.000000	0.000000	0.012690	0.000000	0.000000	0.925784	0.000000	0.000000	0.005645	0.000000	0.000000	0.000000	0.000000	0.000000	0.000000	0.000000	0.000000	0.000000	0.024795	0.000000
0.000143	0.000000	0.012166	0.000234	0.000000	0.000000	0.000000	0.000000	0.000000	0.014478	0.000000	0.000000	0.010627	0.000000	0.000000	0.937922	0.000000	0.000000	0.004107	0.000000	0.000000	0.000000	0.000000	0.000000	0.000000	0.000000	0.000000	0.000000	0.020322	0.000000
0.000136	0.000000	0.013038	0.000218	0.000000	0.000000	0.000000	0.000000	0.000000	0.014903	0.000000	0.000000	0.011370	0.000000	0.000000	0.933939	0.000000	0.000000	0.004582	0.000000	0.000000	0.000000	0.000000	0.000000	0.000000	0.000000	0.000000	0.000000	0.021813	0.000000
0.000143	0.000000	0.012169	0.000234	0.000000	0.000000	0.000000	0.000000	0.000000	0.014475	0.000000	0.000000	0.010627	0.000000	0.000000	0.937921	0.000000	0.000000	0.004107	0.000000	0.000000	0.000000	0.000000	0.000000	0.000000	0.000000	0.000000	0.000000	0.020322	0.000000
0.000192	0.000000	0.012013	0.000226	0.000000	0.000000	0.000000	0.000000	0.000000	0.014462	0.000000	0.000000	0.010519	0.000000	0.000000	0.938179	0.000000	0.000000	0.003956	0.000000	0.000000	0.000000	0.000000	0.000000	0.000000	0.000000	0.000000	0.000000	0.020453	0.000000
0.000192	0.000000	0.012011	0.000226	0.000000	0.000000	0.000000	0.000000	0.000000	0.014455	0.000000	0.000000	0.010519	0.000000	0.000000	0.938186	0.000000	0.000000	0.003956	0.000000	0.000000	0.000000	0.000000	0.000000	0.000000	0.000000	0.000000	0.000000	0.020455	0.000000
0.000112	0.000000	0.015140	0.000175	0.000000	0.000000	0.000000	0.000000	0.000000	0.015672	0.000000	0.000000	0.012690	0.000000	0.000000	0.925765	0.000000	0.000000	0.005645	0.000000	0.000000	0.000000	0.000000	0.000000	0.000000	0.000000	0.000000	0.000000	0.024800	0.000000
0.000000	0.000000	0.000000	0.000000	0.000000	0.000000	0.000000	0.000000	0.000000	0.000000	0.000000	0.000000	0.000000	0.000000	0.000000	0.000000	0.000000	0.000000	0.000000	0.000000	1.000000	0.000000	0.000000	0.000000	0.000000	0.000000	0.000000	0.000000	0.000000	0.000000
0.000112	0.000000	0.015123	0.000175	0.000000	0.000000	0.000000	0.000000	0.000000	0.015672	0.000000	0.000000	0.012690	0.000000	0.000000	0.925787	0.000000	0.000000	0.005645	0.000000	0.000000	0.000000	0.000000	0.000000	0.000000	0.000000	0.000000	0.000000	0.024795	0.000000
0.000112	0.000000	0.015123	0.000175	0.000000	0.000000	0.000000	0.000000	0.000000	0.015672	0.000000	0.000000	0.012690	0.000000	0.000000	0.925787	0.000000	0.000000	0.005645	0.000000	0.000000	0.000000	0.000000	0.000000	0.000000	0.000000	0.000000	0.000000	0.024795	0.000000
0.000000	0.000000	0.000000	0.000000	0.000000	1.000000	0.000000	0.000000	0.000000	0.000000	0.000000	0.000000	0.000000	0.000000	0.000000	0.000000	0.000000	0.000000	0.000000	0.000000	0.000000	0.000000	0.000000	0.000000	0.000000	0.000000	0.000000	0.000000	0.000000	0.000000
0.000000	0.000000	0.000000	0.000000	0.000000	0.000000	0.000000	0.000000	0.000000	0.000000	0.000000	0.000000	0.000000	0.000000	0.000000	0.000000	0.000000	0.000000	0.000000	1.000000	0.000000	0.000000	0.000000	0.000000	0.000000	0.000000	0.000000	0.000000	0.000000	0.000000
0.000088	0.000000	0.010917	0.000134	0.000000	0.000000	0.000000	0.000000	0.000000	0.032100	0.000000	0.000000	0.048193	0.000000	0.000000	0.850047	0.000000	0.000000	0.002563	0.000000	0.000000	0.000000	0.000000	0.000000	0.000000	0.000000	0.000000	0.000000	0.055960	0.000000
0.000143	0.000000	0.012171	0.000234	0.000000	0.000000	0.000000	0.000000	0.000000	0.014485	0.000000	0.000000	0.010627	0.000000	0.000000	0.937907	0.000000	0.000000	0.004107	0.000000	0.000000	0.000000	0.000000	0.000000	0.000000	0.000000	0.000000	0.000000	0.020326	0.000000
0.000141	0.000000	0.012979	0.000216	0.000000	0.000000	0.000000	0.000000	0.000000	0.014834	0.000000	0.000000	0.011225	0.000000	0.000000	0.934451	0.000000	0.000000	0.004505	0.000000	0.000000	0.000000	0.000000	0.000000	0.000000	0.000000	0.000000	0.000000	0.021649	0.000000
0.000120	0.000000	0.011606	0.000154	0.000000	0.000000	0.000000	0.000000	0.000000	0.023702	0.000000	0.000000	0.029071	0.000000	0.000000	0.887133	0.000000	0.000000	0.003059	0.000000	0.000000	0.000000	0.000000	0.000000	0.000000	0.000000	0.000000	0.000000	0.045155	0.000000
0.000112	0.000000	0.015123	0.000175	0.000000	0.000000	0.000000	0.000000	0.000000	0.015677	0.000000	0.000000	0.012690	0.000000	0.000000	0.925775	0.000000	0.000000	0.005645	0.000000	0.000000	0.000000	0.000000	0.000000	0.000000	0.000000	0.000000	0.000000	0.024803	0.000000
0.000136	0.000000	0.013041	0.000218	0.000000	0.000000	0.000000	0.000000	0.000000	0.014897	0.000000	0.000000	0.011370	0.000000	0.000000	0.933943	0.000000	0.000000	0.004582	0.000000	0.000000	0.000000	0.000000	0.000000	0.000000	0.000000	0.000000	0.000000	0.021813	0.000000
0.000124	0.000000	0.011722	0.000157	0.000000	0.000000	0.000000	0.000000	0.000000	0.022454	0.000000	0.000000	0.026227	0.000000	0.000000	0.893081	0.000000	0.000000	0.003133	0.000000	0.000000	0.000000	0.000000	0.000000	0.000000	0.000000	0.000000	0.000000	0.043102	0.000000
0.000110	0.000000	0.011369	0.000149	0.000000	0.000000	0.000000	0.000000	0.000000	0.026588	0.000000	0.000000	0.035802	0.000000	0.000000	0.875030	0.000000	0.000000	0.002901	0.000000	0.000000	0.000000	0.000000	0.000000	0.000000	0.000000	0.000000	0.000000	0.048052	0.000000
0.000000	0.000000	0.000000	0.000000	0.000000	0.000000	0.000000	0.000000	0.000000	0.000000	0.000000	0.000000	0.000000	0.000000	0.000000	0.000000	0.000000	1.000000	0.000000	0.000000	0.000000	0.000000	0.000000	0.000000	0.000000	0.000000	0.000000	0.000000	0.000000	0.000000
0.000116	0.000000	0.013512	0.000168	0.000000	0.000000	0.000000	0.000000	0.000000	0.018862	0.000000	0.000000	0.019085	0.000000	0.000000	0.910454	0.000000	0.000000	0.004493	0.000000	0.000000	0.000000	0.000000	0.000000	0.000000	0.000000	0.000000	0.000000	0.033311	0.000000
0.000120	0.000000	0.011625	0.000154	0.000000	0.000000	0.000000	0.000000	0.000000	0.023697	0.000000	0.000000	0.029070	0.000000	0.000000	0.887247	0.000000	0.000000	0.003059	0.000000	0.000000	0.000000	0.000000	0.000000	0.000000	0.000000	0.000000	0.000000	0.045029	0.000000
0.000108	0.000000	0.012941	0.000161	0.000000	0.000000	0.000000	0.000000	0.000000	0.022204	0.000000	0.000000	0.026470	0.000000	0.000000	0.895712	0.000000	0.000000	0.004081	0.000000	0.000000	0.000000	0.000000	0.000000	0.000000	0.000000	0.000000	0.000000	0.038324	0.000000
0.000062	0.000000	0.070714	0.000127	0.000000	0.000000	0.000000	0.000000	0.000000	0.010874	0.000000	0.000000	0.005783	0.000000	0.000000	0.824828	0.000000	0.000000	0.074796	0.000000	0.000000	0.000000	0.000000	0.000000	0.000000	0.000000	0.000000	0.000000	0.012817	0.000000
0.000000	0.000000	0.000000	0.000000	0.000000	0.000000	0.000000	0.000000	0.000000	0.000000	0.000000	0.000000	0.000000	0.000000	1.000000	0.000000	0.000000	0.000000	0.000000	0.000000	0.000000	0.000000	0.000000	0.000000	0.000000	0.000000	0.000000	0.000000	0.000000	0.000000
0.000000	0.000000	0.000000	0.000000	0.000000	0.000000	0.000000	0.000000	0.000000	0.000000	0.000000	0.000000	0.000000	0.000000	0.000000	0.000000	0.000000	0.000000	0.000000	0.000000	1.000000	0.000000	0.000000	0.000000	0.000000	0.000000	0.000000	0.000000	0.000000	0.000000
0.000000	0.000000	0.000000	0.000000	0.000000	0.000000	0.000000	0.000000	0.000000	0.000000	0.000000	0.000000	0.000000	0.000000	0.000000	0.000000	0.000000	0.000000	0.000000	0.000000	1.000000	0.000000	0.000000	0.000000	0.000000	0.000000	0.000000	0.000000	0.000000	0.000000
0.000000	0.000000	0.000000	0.000000	0.000000	0.000000	0.000000	0.000000	0.000000	0.000000	0.000000	0.000000	0.000000	0.000000	0.000000	0.000000	0.000000	0.000000	0.000000	0.000000	1.000000	0.000000	0.000000	0.000000	0.000000	0.000000	0.000000	0.000000	0.000000	0.000000
0.000000	0.000000	0.000000	0.000000	0.000000	0.000000	0.000000	0.000000	0.000000	0.000000	0.000000	0.000000	0.000000	0.000000	0.000000	0.000000	0.000000	0.000000	0.000000	0.000000	1.000000	0.000000	0.000000	0.000000	0.000000	0.000000	0.000000	0.000000	0.000000	0.000000
0.000000	1.000000	0.000000	0.000000	0.000000	0.000000	0.000000	0.000000	0.000000	0.000000	0.000000	0.000000	0.000000	0.000000	0.000000	0.000000	0.000000	0.000000	0.000000	0.000000	0.000000	0.000000	0.000000	0.000000	0.000000	0.000000	0.000000	0.000000	0.000000	0.000000
0.000177	0.000000	0.011932	0.000210	0.000000	0.000000	0.000000	0.000000	0.000000	0.016313	0.000000	0.000000	0.014169	0.000000	0.000000	0.927817	0.000000	0.000000	0.003758	0.000000	0.000000	0.000000	0.000000	0.000000	0.000000	0.000000	0.000000	0.000000	0.025625	0.000000
0.000294	0.000000	0.011465	0.000201	0.000000	0.000000	0.000000	0.000000	0.000000	0.014371	0.000000	0.000000	0.010225	0.000000	0.000000	0.939161	0.000000	0.000000	0.003465	0.000000	0.000000	0.000000	0.000000	0.000000	0.000000	0.000000	0.000000	0.000000	0.020818	0.000000
0.000177	0.000000	0.011949	0.000210	0.000000	0.000000	0.000000	0.000000	0.000000	0.016368	0.000000	0.000000	0.014306	0.000000	0.000000	0.927415	0.000000	0.000000	0.003776	0.000000	0.000000	0.000000	0.000000	0.000000	0.000000	0.000000	0.000000	0.000000	0.025799	0.000000
0.000000	0.000000	0.000000	0.000000	0.000000	0.000000	0.000000	0.000000	0.000000	0.000000	0.000000	0.000000	0.000000	0.000000	0.000000	0.000000	0.000000	0.000000	0.000000	0.000000	0.000000	0.000000	0.000000	0.000000	0.000000	0.000000	0.000000	0.000000	0.000000	1.000000
0.000000	0.000000	0.000000	0.000000	0.000000	0.000000	0.000000	0.000000	0.000000	0.000000	1.000000	0.000000	0.000000	0.000000	0.000000	0.000000	0.000000	0.000000	0.000000	0.000000	0.000000	0.000000	0.000000	0.000000	0.000000	0.000000	0.000000	0.000000	0.000000	0.000000
0.000143	0.000000	0.012166	0.000234	0.000000	0.000000	0.000000	0.000000	0.000000	0.014478	0.000000	0.000000	0.010627	0.000000	0.000000	0.937923	0.000000	0.000000	0.004107	0.000000	0.000000	0.000000	0.000000	0.000000	0.000000	0.000000	0.000000	0.000000	0.020322	0.000000
0.000112	0.000000	0.015121	0.000175	0.000000	0.000000	0.000000	0.000000	0.000000	0.015672	0.000000	0.000000	0.012690	0.000000	0.000000	0.925788	0.000000	0.000000	0.005645	0.000000	0.000000	0.000000	0.000000	0.000000	0.000000	0.000000	0.000000	0.000000	0.024795	0.000000
0.000140	0.000000	0.013277	0.000231	0.000000	0.000000	0.000000	0.000000	0.000000	0.014311	0.000000	0.000000	0.010370	0.000000	0.000000	0.936192	0.000000	0.000000	0.005561	0.000000	0.000000	0.000000	0.000000	0.000000	0.000000	0.000000	0.000000	0.000000	0.019918	0.000000
0.000192	0.000000	0.012012	0.000226	0.000000	0.000000	0.000000	0.000000	0.000000	0.014448	0.000000	0.000000	0.010519	0.000000	0.000000	0.938195	0.000000	0.000000	0.003956	0.000000	0.000000	0.000000	0.000000	0.000000	0.000000	0.000000	0.000000	0.000000	0.020452	0.000000
0.000136	0.000000	0.013043	0.000218	0.000000	0.000000	0.000000	0.000000	0.000000	0.014898	0.000000	0.000000	0.011370	0.000000	0.000000	0.933940	0.000000	0.000000	0.004582	0.000000	0.000000	0.000000	0.000000	0.000000	0.000000	0.000000	0.000000	0.000000	0.021813	0.000000
0.000086	0.000000	0.010883	0.000134	0.000000	0.000000	0.000000	0.000000	0.000000	0.032725	0.000000	0.000000	0.049690	0.000000	0.000000	0.847886	0.000000	0.000000	0.002554	0.000000	0.000000	0.000000	0.000000	0.000000	0.000000	0.000000	0.000000	0.000000	0.056043	0.000000
0.000086	0.000000	0.010884	0.000134	0.000000	0.000000	0.000000	0.000000	0.000000	0.032726	0.000000	0.000000	0.049706	0.000000	0.000000	0.847878	0.000000	0.000000	0.002554	0.000000	0.000000	0.000000	0.000000	0.000000	0.000000	0.000000	0.000000	0.000000	0.056032	0.000000
0.000192	0.000000	0.012009	0.000224	0.000000	0.000000	0.000000	0.000000	0.000000	0.014427	0.000000	0.000000	0.010456	0.000000	0.000000	0.938373	0.000000	0.000000	0.003933	0.000000	0.000000	0.000000	0.000000	0.000000	0.000000	0.000000	0.000000	0.000000	0.020386	0.000000
0.000112	0.000000	0.015124	0.000175	0.000000	0.000000	0.000000	0.000000	0.000000	0.015672	0.000000	0.000000	0.012690	0.000000	0.000000	0.925786	0.000000	0.000000	0.005645	0.000000	0.000000	0.000000	0.000000	0.000000	0.000000	0.000000	0.000000	0.000000	0.024795	0.000000
0.000000	0.000000	0.000000	0.000000	0.000000	0.000000	0.000000	0.000000	0.000000	0.000000	0.000000	1.000000	0.000000	0.000000	0.000000	0.000000	0.000000	0.000000	0.000000	0.000000	0.000000	0.000000	0.000000	0.000000	0.000000	0.000000	0.000000	0.000000	0.000000	0.000000
0.000192	0.000000	0.012011	0.000226	0.000000	0.000000	0.000000	0.000000	0.000000	0.014448	0.000000	0.000000	0.010519	0.000000	0.000000	0.938196	0.000000	0.000000	0.003956	0.000000	0.000000	0.000000	0.000000	0.000000	0.000000	0.000000	0.000000	0.000000	0.020452	0.000000
0.000143	0.000000	0.012166	0.000234	0.000000	0.000000	0.000000	0.000000	0.000000	0.014475	0.000000	0.000000	0.010627	0.000000	0.000000	0.937924	0.000000	0.000000	0.004107	0.000000	0.000000	0.000000	0.000000	0.000000	0.000000	0.000000	0.000000	0.000000	0.020322	0.000000
0.000143	0.000000	0.012166	0.000234	0.000000	0.000000	0.000000	0.000000	0.000000	0.014475	0.000000	0.000000	0.010627	0.000000	0.000000	0.937925	0.000000	0.000000	0.004107	0.000000	0.000000	0.000000	0.000000	0.000000	0.000000	0.000000	0.000000	0.000000	0.020322	0.000000
0.000142	0.000000	0.012169	0.000234	0.000000	0.000000	0.000000	0.000000	0.000000	0.014440	0.000000	0.000000	0.010563	0.000000	0.000000	0.938150	0.000000	0.000000	0.004086	0.000000	0.000000	0.000000	0.000000	0.000000	0.000000	0.000000	0.000000	0.000000	0.020215	0.000000
0.000143	0.000000	0.012183	0.000234	0.000000	0.000000	0.000000	0.000000	0.000000	0.014475	0.000000	0.000000	0.010627	0.000000	0.000000	0.937906	0.000000	0.000000	0.004109	0.000000	0.000000	0.000000	0.000000	0.000000	0.000000	0.000000	0.000000	0.000000	0.020322	0.000000
0.000143	0.000000	0.012176	0.000234	0.000000	0.000000	0.000000	0.000000	0.000000	0.014475	0.000000	0.000000	0.010627	0.000000	0.000000	0.937915	0.000000	0.000000	0.004107	0.000000	0.000000	0.000000	0.000000	0.000000	0.000000	0.000000	0.000000	0.000000	0.020322	0.000000
0.000143	0.000000	0.012167	0.000234	0.000000	0.000000	0.000000	0.000000	0.000000	0.014475	0.000000	0.000000	0.010627	0.000000	0.000000	0.937924	0.000000	0.000000	0.004107	0.000000	0.000000	0.000000	0.000000	0.000000	0.000000	0.000000	0.000000	0.000000	0.020322	0.000000
0.000192	0.000000	0.012010	0.000226	0.000000	0.000000	0.000000	0.000000	0.000000	0.014449	0.000000	0.000000	0.010519	0.000000	0.000000	0.938197	0.000000	0.000000	0.003956	0.000000	0.000000	0.000000	0.000000	0.000000	0.000000	0.000000	0.000000	0.000000	0.020452	0.000000
0.000192	0.000000	0.012019	0.000226	0.000000	0.000000	0.000000	0.000000	0.000000	0.014448	0.000000	0.000000	0.010519	0.000000	0.000000	0.938188	0.000000	0.000000	0.003956	0.000000	0.000000	0.000000	0.000000	0.000000	0.000000	0.000000	0.000000	0.000000	0.020452	0.000000
0.000192	0.000000	0.012013	0.000226	0.000000	0.000000	0.000000	0.000000	0.000000	0.014462	0.000000	0.000000	0.010519	0.000000	0.000000	0.938179	0.000000	0.000000	0.003956	0.000000	0.000000	0.000000	0.000000	0.000000	0.000000	0.000000	0.000000	0.000000	0.020453	0.000000
0.000000	0.000000	0.000000	0.000000	0.000000	0.000000	0.000000	0.000000	0.000000	0.000000	0.000000	0.000000	0.000000	0.000000	0.000000	0.000000	0.000000	0.000000	0.000000	0.000000	1.000000	0.000000	0.000000	0.000000	0.000000	0.000000	0.000000	0.000000	0.000000	0.000000
0.000124	0.000000	0.011709	0.000157	0.000000	0.000000	0.000000	0.000000	0.000000	0.022439	0.000000	0.000000	0.026227	0.000000	0.000000	0.893047	0.000000	0.000000	0.003133	0.000000	0.000000	0.000000	0.000000	0.000000	0.000000	0.000000	0.000000	0.000000	0.043164	0.000000
0.000000	0.000000	0.000000	0.000000	0.000000	1.000000	0.000000	0.000000	0.000000	0.000000	0.000000	0.000000	0.000000	0.000000	0.000000	0.000000	0.000000	0.000000	0.000000	0.000000	0.000000	0.000000	0.000000	0.000000	0.000000	0.000000	0.000000	0.000000	0.000000	0.000000
0.000000	0.000000	0.000000	0.000000	0.000000	0.000000	0.000000	0.000000	0.000000	0.000000	0.000000	0.000000	0.000000	0.000000	0.000000	0.000000	0.000000	0.000000	0.000000	0.000000	0.000000	0.000000	0.000000	0.000000	0.000000	0.000000	1.000000	0.000000	0.000000	0.000000
0.000000	0.000000	0.000000	0.000000	0.000000	0.000000	0.000000	0.000000	1.000000	0.000000	0.000000	0.000000	0.000000	0.000000	0.000000	0.000000	0.000000	0.000000	0.000000	0.000000	0.000000	0.000000	0.000000	0.000000	0.000000	0.000000	0.000000	0.000000	0.000000	0.000000
0.000000	0.000000	0.000000	0.000000	0.000000	0.000000	0.000000	0.000000	0.000000	0.000000	0.000000	0.000000	0.000000	0.000000	0.000000	0.000000	0.000000	0.000000	0.000000	0.000000	0.000000	0.000000	0.000000	0.000000	0.000000	0.000000	0.000000	0.000000	0.000000	1.000000
0.000000	0.000000	0.000000	0.000000	0.000000	0.000000	0.000000	0.000000	0.000000	0.000000	0.000000	0.000000	0.000000	0.000000	0.000000	0.000000	0.000000	0.000000	0.000000	0.000000	0.000000	0.000000	0.000000	0.000000	0.000000	0.000000	0.000000	0.000000	0.000000	1.000000
0.000186	0.000000	0.012788	0.000180	0.000000	0.000000	0.000000	0.000000	0.000000	0.017147	0.000000	0.000000	0.015716	0.000000	0.000000	0.921365	0.000000	0.000000	0.004138	0.000000	0.000000	0.000000	0.000000	0.000000	0.000000	0.000000	0.000000	0.000000	0.028480	0.000000
0.000086	0.000000	0.010882	0.000134	0.000000	0.000000	0.000000	0.000000	0.000000	0.032710	0.000000	0.000000	0.049735	0.000000	0.000000	0.847877	0.000000	0.000000	0.002554	0.000000	0.000000	0.000000	0.000000	0.000000	0.000000	0.000000	0.000000	0.000000	0.056023	0.000000
0.000000	0.000000	0.000000	0.000000	0.000000	1.000000	0.000000	0.000000	0.000000	0.000000	0.000000	0.000000	0.000000	0.000000	0.000000	0.000000	0.000000	0.000000	0.000000	0.000000	0.000000	0.000000	0.000000	0.000000	0.000000	0.000000	0.000000	0.000000	0.000000	0.000000
0.000136	0.000000	0.012079	0.000214	0.000000	0.000000	0.000000	0.000000	0.000000	0.016716	0.000000	0.000000	0.015005	0.000000	0.000000	0.925343	0.000000	0.000000	0.003867	0.000000	0.000000	0.000000	0.000000	0.000000	0.000000	0.000000	0.000000	0.000000	0.026640	0.000000
0.000130	0.000000	0.011904	0.000203	0.000000	0.000000	0.000000	0.000000	0.000000	0.019049	0.000000	0.000000	0.020124	0.000000	0.000000	0.914270	0.000000	0.000000	0.003691	0.000000	0.000000	0.000000	0.000000	0.000000	0.000000	0.000000	0.000000	0.000000	0.030630	0.000000
0.000192	0.000000	0.012011	0.000226	0.000000	0.000000	0.000000	0.000000	0.000000	0.014452	0.000000	0.000000	0.010519	0.000000	0.000000	0.938192	0.000000	0.000000	0.003956	0.000000	0.000000	0.000000	0.000000	0.000000	0.000000	0.000000	0.000000	0.000000	0.020452	0.000000
0.000205	0.000000	0.011613	0.000197	0.000000	0.000000	0.000000	0.000000	0.000000	0.014047	0.000000	0.000000	0.009536	0.000000	0.000000	0.941303	0.000000	0.000000	0.003375	0.000000	0.000000	0.000000	0.000000	0.000000	0.000000	0.000000	0.000000	0.000000	0.019725	0.000000
0.015548	0.000000	0.009795	0.000158	0.000000	0.000000	0.000000	0.000000	0.000000	0.014663	0.000000	0.000000	0.007263	0.000000	0.000000	0.933108	0.000000	0.000000	0.002577	0.000000	0.000000	0.000000	0.000000	0.000000	0.000000	0.000000	0.000000	0.000000	0.016888	0.000000
0.000000	0.000000	0.000000	0.000000	1.000000	0.000000	0.000000	0.000000	0.000000	0.000000	0.000000	0.000000	0.000000	0.000000	0.000000	0.000000	0.000000	0.000000	0.000000	0.000000	0.000000	0.000000	0.000000	0.000000	0.000000	0.000000	0.000000	0.000000	0.000000	0.000000
0.000112	0.000000	0.015121	0.000175	0.000000	0.000000	0.000000	0.000000	0.000000	0.015674	0.000000	0.000000	0.012690	0.000000	0.000000	0.925787	0.000000	0.000000	0.005645	0.000000	0.000000	0.000000	0.000000	0.000000	0.000000	0.000000	0.000000	0.000000	0.024795	0.000000
0.000110	0.000000	0.011361	0.000149	0.000000	0.000000	0.000000	0.000000	0.000000	0.026616	0.000000	0.000000	0.035811	0.000000	0.000000	0.874955	0.000000	0.000000	0.002901	0.000000	0.000000	0.000000	0.000000	0.000000	0.000000	0.000000	0.000000	0.000000	0.048098	0.000000
0.000205	0.000000	0.011612	0.000197	0.000000	0.000000	0.000000	0.000000	0.000000	0.014054	0.000000	0.000000	0.009536	0.000000	0.000000	0.941296	0.000000	0.000000	0.003375	0.000000	0.000000	0.000000	0.000000	0.000000	0.000000	0.000000	0.000000	0.000000	0.019725	0.000000
0.000294	0.000000	0.011465	0.000201	0.000000	0.000000	0.000000	0.000000	0.000000	0.014367	0.000000	0.000000	0.010225	0.000000	0.000000	0.939164	0.000000	0.000000	0.003465	0.000000	0.000000	0.000000	0.000000	0.000000	0.000000	0.000000	0.000000	0.000000	0.020818	0.000000
0.000294	0.000000	0.011465	0.000201	0.000000	0.000000	0.000000	0.000000	0.000000	0.014367	0.000000	0.000000	0.010225	0.000000	0.000000	0.939164	0.000000	0.000000	0.003465	0.000000	0.000000	0.000000	0.000000	0.000000	0.000000	0.000000	0.000000	0.000000	0.020818	0.000000
0.000140	0.000000	0.013271	0.000231	0.000000	0.000000	0.000000	0.000000	0.000000	0.014318	0.000000	0.000000	0.010370	0.000000	0.000000	0.936196	0.000000	0.000000	0.005556	0.000000	0.000000	0.000000	0.000000	0.000000	0.000000	0.000000	0.000000	0.000000	0.019918	0.000000
0.000131	0.000000	0.011893	0.000212	0.000000	0.000000	0.000000	0.000000	0.000000	0.018563	0.000000	0.000000	0.019390	0.000000	0.000000	0.917669	0.000000	0.000000	0.003767	0.000000	0.000000	0.000000	0.000000	0.000000	0.000000	0.000000	0.000000	0.000000	0.028375	0.000000
0.000177	0.000000	0.011948	0.000210	0.000000	0.000000	0.000000	0.000000	0.000000	0.016368	0.000000	0.000000	0.014306	0.000000	0.000000	0.927416	0.000000	0.000000	0.003776	0.000000	0.000000	0.000000	0.000000	0.000000	0.000000	0.000000	0.000000	0.000000	0.025799	0.000000
0.000116	0.000000	0.013513	0.000168	0.000000	0.000000	0.000000	0.000000	0.000000	0.018877	0.000000	0.000000	0.019097	0.000000	0.000000	0.910384	0.000000	0.000000	0.004493	0.000000	0.000000	0.000000	0.000000	0.000000	0.000000	0.000000	0.000000	0.000000	0.033353	0.000000
0.000000	0.000000	0.000000	0.000000	0.000000	0.000000	0.000000	0.000000	0.000000	0.000000	0.000000	0.000000	0.000000	0.000000	0.000000	0.000000	0.000000	1.000000	0.000000	0.000000	0.000000	0.000000	0.000000	0.000000	0.000000	0.000000	0.000000	0.000000	0.000000	0.000000
0.000294	0.000000	0.011470	0.000201	0.000000	0.000000	0.000000	0.000000	0.000000	0.014367	0.000000	0.000000	0.010225	0.000000	0.000000	0.939156	0.000000	0.000000	0.003468	0.000000	0.000000	0.000000	0.000000	0.000000	0.000000	0.000000	0.000000	0.000000	0.020818	0.000000
0.000112	0.000000	0.015150	0.000175	0.000000	0.000000	0.000000	0.000000	0.000000	0.015675	0.000000	0.000000	0.012690	0.000000	0.000000	0.925757	0.000000	0.000000	0.005645	0.000000	0.000000	0.000000	0.000000	0.000000	0.000000	0.000000	0.000000	0.000000	0.024795	0.000000
0.000000	0.000000	0.000000	0.000000	0.000000	0.000000	0.000000	0.000000	0.000000	0.000000	0.000000	0.000000	0.000000	1.000000	0.000000	0.000000	0.000000	0.000000	0.000000	0.000000	0.000000	0.000000	0.000000	0.000000	0.000000	0.000000	0.000000	0.000000	0.000000	0.000000
0.000270	0.000000	0.011527	0.000202	0.000000	0.000000	0.000000	0.000000	0.000000	0.014278	0.000000	0.000000	0.010034	0.000000	0.000000	0.939760	0.000000	0.000000	0.003481	0.000000	0.000000	0.000000	0.000000	0.000000	0.000000	0.000000	0.000000	0.000000	0.020447	0.000000
0.000000	0.000000	0.000000	0.000000	0.000000	0.000000	0.000000	1.000000	0.000000	0.000000	0.000000	0.000000	0.000000	0.000000	0.000000	0.000000	0.000000	0.000000	0.000000	0.000000	0.000000	0.000000	0.000000	0.000000	0.000000	0.000000	0.000000	0.000000	0.000000	0.000000
0.000088	0.000000	0.010917	0.000134	0.000000	0.000000	0.000000	0.000000	0.000000	0.032100	0.000000	0.000000	0.048193	0.000000	0.000000	0.850047	0.000000	0.000000	0.002563	0.000000	0.000000	0.000000	0.000000	0.000000	0.000000	0.000000	0.000000	0.000000	0.055960	0.000000
