0.000000	0.000000	0.000000	0.000000	0.000000	0.000000	0.000000	0.000000	0.000000	0.000000	0.082857	0.000000	0.000000	0.000000	0.000000	0.000000	0.000000	0.000000	0.064817	0.000000	0.365705	0.000000	0.054743	0.000000	0.000008	0.098620	0.000000	0.333251	0.000000	0.000000
0.000000	0.000000	0.000000	0.000000	0.000000	0.000000	0.000000	0.000000	0.000000	0.000000	0.082704	0.000000	0.000000	0.000000	0.000000	0.000000	0.000000	0.000000	0.063365	0.000000	0.376909	0.000000	0.054307	0.000000	0.000008	0.098191	0.000000	0.324516	0.000000	0.000000
0.040970	0.000000	0.001684	0.090473	0.000000	0.000260	0.000000	0.000000	0.002371	0.000000	0.000000	0.000000	0.379740	0.050276	0.000000	0.000000	0.000000	0.017056	0.000000	0.158602	0.000000	0.197160	0.000000	0.059739	0.001668	0.000000	0.000000	0.000000	0.000000	0.000000
0.040970	0.000000	0.001684	0.090035	0.000000	0.000260	0.000000	0.000000	0.002371	0.000000	0.000000	0.000000	0.353771	0.049712	0.000000	0.000000	0.000000	0.017056	0.000000	0.188305	0.000000	0.194422	0.000000	0.059746	0.001668	0.000000	0.000000	0.000000	0.000000	0.000000
0.000000	0.771913	0.000000	0.000000	0.000000	0.000000	0.000000	0.000000	0.000000	0.000000	0.000000	0.093488	0.000000	0.000000	0.000000	0.134598	0.000000	0.000000	0.000000	0.000000	0.000000	0.000000	0.000000	0.000000	0.000000	0.000000	0.000000	0.000000	0.000000	0.000000
0.000000	0.000000	0.000000	0.000000	0.000000	0.000000	0.000000	0.000000	0.000000	0.000000	0.000000	0.000000	0.000000	0.000000	0.000000	0.000000	0.030691	0.000000	0.000000	0.000000	0.000000	0.000000	0.000000	0.000000	0.000000	0.000000	0.000000	0.000000	0.958916	0.010393
0.000000	0.000000	0.000000	0.000000	0.000000	0.000000	0.000000	1.000000	0.000000	0.000000	0.000000	0.000000	0.000000	0.000000	0.000000	0.000000	0.000000	0.000000	0.000000	0.000000	0.000000	0.000000	0.000000	0.000000	0.000000	0.000000	0.000000	0.000000	0.000000	0.000000
0.040970	0.000000	0.001684	0.092194	0.000000	0.000260	0.000000	0.000000	0.002371	0.000000	0.000000	0.000000	0.384038	0.049712	0.000000	0.000000	0.000000	0.017056	0.000000	0.155346	0.000000	0.194960	0.000000	0.059741	0.001668	0.000000	0.000000	0.000000	0.000000	0.000000
0.040970	0.000000	0.001684	0.089908	0.000000	0.000260	0.000000	0.000000	0.002371	0.000000	0.000000	0.000000	0.371580	0.049724	0.000000	0.000000	0.000000	0.017056	0.000000	0.155098	0.000000	0.209115	0.000000	0.060564	0.001668	0.000000	0.000000	0.000000	0.000000	0.000000
0.046422	0.000000	0.013069	0.075149	0.000000	0.002016	0.000000	0.000000	0.018405	0.000000	0.000000	0.000000	0.307836	0.083926	0.000000	0.000000	0.000000	0.013340	0.000000	0.128366	0.000000	0.205822	0.000000	0.103918	0.001730	0.000000	0.000000	0.000000	0.000000	0.000000
0.040971	0.000000	0.001684	0.119268	0.000000	0.000260	0.000000	0.000000	0.002371	0.000000	0.000000	0.000000	0.357116	0.050895	0.000000	0.000000	0.000000	0.017056	0.000000	0.154495	0.000000	0.194446	0.000000	0.059769	0.001668	0.000000	0.000000	0.000000	0.000000	0.000000
0.000000	0.750246	0.000000	0.000000	0.000000	0.000000	0.000000	0.000000	0.000000	0.000000	0.000000	0.101354	0.000000	0.000000	0.000000	0.148401	0.000000	0.000000	0.000000	0.000000	0.000000	0.000000	0.000000	0.000000	0.000000	0.000000	0.000000	0.000000	0.000000	0.000000
0.000000	0.000000	0.000000	0.000000	0.000000	0.000000	0.000000	0.000000	0.000000	0.000000	0.082652	0.000000	0.000000	0.000000	0.000000	0.000000	0.000000	0.000000	0.063704	0.000000	0.375910	0.000000	0.054307	0.000000	0.000008	0.098171	0.000000	0.325247	0.000000	0.000000
0.000000	0.000000	0.000000	0.000000	0.000000	0.000000	0.000000	0.000000	0.000000	0.000000	0.082688	0.000000	0.000000	0.000000	0.000000	0.000000	0.000000	0.000000	0.063374	0.000000	0.343415	0.000000	0.054307	0.000000	0.000008	0.098249	0.000000	0.357959	0.000000	0.000000
0.040970	0.000000	0.001684	0.090424	0.000000	0.000260	0.000000	0.000000	0.002371	0.000000	0.000000	0.000000	0.367658	0.049724	0.000000	0.000000	0.000000	0.017056	0.000000	0.171012	0.000000	0.197280	0.000000	0.059892	0.001668	0.000000	0.000000	0.000000	0.000000	0.000000
0.000000	0.744977	0.000000	0.000000	0.000000	0.000000	0.000000	0.000000	0.000000	0.000000	0.000000	0.098766	0.000000	0.000000	0.000000	0.156257	0.000000	0.000000	0.000000	0.000000	0.000000	0.000000	0.000000	0.000000	0.000000	0.000000	0.000000	0.000000	0.000000	0.000000
0.000000	0.775086	0.000000	0.000000	0.000000	0.000000	0.000000	0.000000	0.000000	0.000000	0.000000	0.090814	0.000000	0.000000	0.000000	0.134100	0.000000	0.000000	0.000000	0.000000	0.000000	0.000000	0.000000	0.000000	0.000000	0.000000	0.000000	0.000000	0.000000	0.000000
0.000000	0.774943	0.000000	0.000000	0.000000	0.000000	0.000000	0.000000	0.000000	0.000000	0.000000	0.090972	0.000000	0.000000	0.000000	0.134085	0.000000	0.000000	0.000000	0.000000	0.000000	0.000000	0.000000	0.000000	0.000000	0.000000	0.000000	0.000000	0.000000	0.000000
0.054921	0.000000	0.003099	0.087972	0.000000	0.000478	0.000000	0.000000	0.004365	0.000000	0.000000	0.000000	0.353714	0.055085	0.000000	0.000000	0.000000	0.016639	0.000000	0.151485	0.000000	0.202231	0.000000	0.067941	0.002070	0.000000	0.000000	0.000000	0.000000	0.000000
0.054861	0.000000	0.001684	0.088945	0.000000	0.000260	0.000000	0.000000	0.002371	0.000000	0.000000	0.000000	0.357181	0.050594	0.000000	0.000000	0.000000	0.017056	0.000000	0.155641	0.000000	0.209036	0.000000	0.059991	0.002381	0.000000	0.000000	0.000000	0.000000	0.000000
0.000000	0.000000	0.000000	0.000000	0.000000	0.000000	0.000000	0.000000	0.000000	0.000000	0.000000	0.000000	0.000000	0.000000	0.000000	0.000000	0.030264	0.000000	0.000000	0.000000	0.000000	0.000000	0.000000	0.000000	0.000000	0.000000	0.000000	0.000000	0.958851	0.010885
0.000000	0.000000	0.000000	0.000000	0.000000	0.000000	1.000000	0.000000	0.000000	0.000000	0.000000	0.000000	0.000000	0.000000	0.000000	0.000000	0.000000	0.000000	0.000000	0.000000	0.000000	0.000000	0.000000	0.000000	0.000000	0.000000	0.000000	0.000000	0.000000	0.000000
0.000000	0.000000	0.000000	0.000000	0.000000	0.000000	0.000000	0.000000	0.000000	0.000000	0.082624	0.000000	0.000000	0.000000	0.000000	0.000000	0.000000	0.000000	0.063428	0.000000	0.346582	0.000000	0.054307	0.000000	0.000009	0.098158	0.000000	0.354892	0.000000	0.000000
0.000000	0.000000	0.000000	0.000000	0.000000	0.000000	0.000000	0.000000	0.000000	0.000000	0.082622	0.000000	0.000000	0.000000	0.000000	0.000000	0.000000	0.000000	0.064197	0.000000	0.346550	0.000000	0.054307	0.000000	0.000008	0.098157	0.000000	0.354159	0.000000	0.000000
0.000000	0.000000	0.000000	0.000000	0.000000	0.000000	0.000000	0.000000	0.000000	0.000000	0.082623	0.000000	0.000000	0.000000	0.000000	0.000000	0.000000	0.000000	0.063365	0.000000	0.345161	0.000000	0.055721	0.000000	0.000008	0.129395	0.000000	0.323726	0.000000	0.000000
0.000000	0.000000	0.000000	0.000000	0.000000	0.000000	0.000000	0.000000	0.000000	0.000000	0.110439	0.000000	0.000000	0.000000	0.000000	0.000000	0.000000	0.000000	0.064610	0.000000	0.347554	0.000000	0.054307	0.000000	0.000008	0.098157	0.000000	0.324925	0.000000	0.000000
0.000000	0.000000	0.000000	0.000000	0.000000	0.000000	0.000000	0.000000	0.000000	0.000000	0.082741	0.000000	0.000000	0.000000	0.000000	0.000000	0.000000	0.000000	0.063808	0.000000	0.376928	0.000000	0.054307	0.000000	0.000008	0.098202	0.000000	0.324006	0.000000	0.000000
0.040970	0.000000	0.001684	0.093665	0.000000	0.000260	0.000000	0.000000	0.002371	0.000000	0.000000	0.000000	0.382609	0.050104	0.000000	0.000000	0.000000	0.017056	0.000000	0.155289	0.000000	0.194586	0.000000	0.059737	0.001668	0.000000	0.000000	0.000000	0.000000	0.000000
0.000000	0.000000	0.000000	0.000000	0.000000	0.000000	0.000000	1.000000	0.000000	0.000000	0.000000	0.000000	0.000000	0.000000	0.000000	0.000000	0.000000	0.000000	0.000000	0.000000	0.000000	0.000000	0.000000	0.000000	0.000000	0.000000	0.000000	0.000000	0.000000	0.000000
0.000000	0.000000	0.000000	0.000000	0.000000	0.000000	0.000000	0.000000	0.000000	0.000000	0.082622	0.000000	0.000000	0.000000	0.000000	0.000000	0.000000	0.000000	0.089122	0.000000	0.345204	0.000000	0.054307	0.000000	0.000008	0.098157	0.000000	0.330581	0.000000	0.000000
0.040970	0.000000	0.001684	0.089803	0.000000	0.000260	0.000000	0.000000	0.002371	0.000000	0.000000	0.000000	0.364973	0.050427	0.000000	0.000000	0.000000	0.017056	0.000000	0.168234	0.000000	0.202807	0.000000	0.059745	0.001668	0.000000	0.000000	0.000000	0.000000	0.000000
0.000000	0.000000	0.000000	0.000000	0.000000	0.000000	0.000000	0.000000	0.000000	1.000000	0.000000	0.000000	0.000000	0.000000	0.000000	0.000000	0.000000	0.000000	0.000000	0.000000	0.000000	0.000000	0.000000	0.000000	0.000000	0.000000	0.000000	0.000000	0.000000	0.000000
0.040970	0.000000	0.001684	0.091996	0.000000	0.000260	0.000000	0.000000	0.002371	0.000000	0.000000	0.000000	0.384722	0.049712	0.000000	0.000000	0.000000	0.017056	0.000000	0.154965	0.000000	0.194781	0.000000	0.059814	0.001668	0.000000	0.000000	0.000000	0.000000	0.000000
0.041102	0.000000	0.003099	0.088255	0.000000	0.000478	0.000000	0.000000	0.004365	0.000000	0.000000	0.000000	0.352121	0.074346	0.000000	0.000000	0.000000	0.016639	0.000000	0.155757	0.000000	0.197531	0.000000	0.064646	0.001660	0.000000	0.000000	0.000000	0.000000	0.000000
0.040970	0.000000	0.001684	0.089751	0.000000	0.000260	0.000000	0.000000	0.002371	0.000000	0.000000	0.000000	0.368439	0.049711	0.000000	0.000000	0.000000	0.017056	0.000000	0.155789	0.000000	0.212564	0.000000	0.059737	0.001668	0.000000	0.000000	0.000000	0.000000	0.000000
0.040970	0.000000	0.001684	0.088780	0.000000	0.000260	0.000000	0.000000	0.002371	0.000000	0.000000	0.000000	0.356509	0.049716	0.000000	0.000000	0.000000	0.028802	0.000000	0.174449	0.000000	0.195037	0.000000	0.059755	0.001668	0.000000	0.000000	0.000000	0.000000	0.000000
0.041102	0.000000	0.003099	0.087281	0.000000	0.000478	0.000000	0.000000	0.004365	0.000000	0.000000	0.000000	0.352923	0.053991	0.000000	0.000000	0.000000	0.016639	0.000000	0.151815	0.000000	0.197492	0.000000	0.089154	0.001660	0.000000	0.000000	0.000000	0.000000	0.000000
0.041102	0.000000	0.003099	0.087911	0.000000	0.000478	0.000000	0.000000	0.004365	0.000000	0.000000	0.000000	0.348490	0.055270	0.000000	0.000000	0.000000	0.016639	0.000000	0.153112	0.000000	0.218667	0.000000	0.069206	0.001660	0.000000	0.000000	0.000000	0.000000	0.000000
0.000000	0.000000	0.000000	0.000000	0.000000	0.000000	0.000000	0.000000	0.000000	0.000000	0.082622	0.000000	0.000000	0.000000	0.000000	0.000000	0.000000	0.000000	0.063365	0.000000	0.346367	0.000000	0.078308	0.000000	0.000009	0.103350	0.000000	0.325979	0.000000	0.000000
0.000000	0.000000	0.000000	0.000000	0.000000	0.000000	0.000000	0.000000	0.000000	0.000000	0.093593	0.000000	0.000000	0.000000	0.000000	0.000000	0.000000	0.000000	0.063381	0.000000	0.346826	0.000000	0.054307	0.000000	0.000008	0.107796	0.000000	0.334088	0.000000	0.000000
0.000000	0.774943	0.000000	0.000000	0.000000	0.000000	0.000000	0.000000	0.000000	0.000000	0.000000	0.090972	0.000000	0.000000	0.000000	0.134085	0.000000	0.000000	0.000000	0.000000	0.000000	0.000000	0.000000	0.000000	0.000000	0.000000	0.000000	0.000000	0.000000	0.000000
0.000000	0.774497	0.000000	0.000000	0.000000	0.000000	0.000000	0.000000	0.000000	0.000000	0.000000	0.091260	0.000000	0.000000	0.000000	0.134243	0.000000	0.000000	0.000000	0.000000	0.000000	0.000000	0.000000	0.000000	0.000000	0.000000	0.000000	0.000000	0.000000	0.000000
0.041020	0.000000	0.001684	0.091794	0.000000	0.000260	0.000000	0.000000	0.002371	0.000000	0.000000	0.000000	0.358100	0.050109	0.000000	0.000000	0.000000	0.017056	0.000000	0.158980	0.000000	0.216860	0.000000	0.060087	0.001680	0.000000	0.000000	0.000000	0.000000	0.000000
0.000000	0.000000	0.000000	0.000000	1.000000	0.000000	0.000000	0.000000	0.000000	0.000000	0.000000	0.000000	0.000000	0.000000	0.000000	0.000000	0.000000	0.000000	0.000000	0.000000	0.000000	0.000000	0.000000	0.000000	0.000000	0.000000	0.000000	0.000000	0.000000	0.000000
0.000000	0.000000	0.000000	0.000000	1.000000	0.000000	0.000000	0.000000	0.000000	0.000000	0.000000	0.000000	0.000000	0.000000	0.000000	0.000000	0.000000	0.000000	0.000000	0.000000	0.000000	0.000000	0.000000	0.000000	0.000000	0.000000	0.000000	0.000000	0.000000	0.000000
