0.000000	0.000000	0.000000	0.000009	0.000005	0.073833	0.000000	0.286347	0.000028	0.000000	0.000000	0.056859	0.030205	0.000000	0.000000	0.000000	0.000000	0.000000	0.054196	0.000000	0.000000	0.000000	0.000000	0.000000	0.021206	0.477310	0.000000	0.000000	0.000000	0.000000
0.000000	0.000000	0.000000	0.000009	0.000005	0.073836	0.000000	0.286358	0.000028	0.000000	0.000000	0.056869	0.030203	0.000000	0.000000	0.000000	0.000000	0.000000	0.054201	0.000000	0.000000	0.000000	0.000000	0.000000	0.021205	0.477284	0.000000	0.000000	0.000000	0.000000
0.000000	0.000000	0.000000	0.000009	0.000005	0.073836	0.000000	0.286360	0.000028	0.000000	0.000000	0.056868	0.030204	0.000000	0.000000	0.000000	0.000000	0.000000	0.054201	0.000000	0.000000	0.000000	0.000000	0.000000	0.021205	0.477282	0.000000	0.000000	0.000000	0.000000
0.000000	0.000000	0.000000	0.000000	0.000000	0.000000	0.000000	0.000000	0.000000	1.000000	0.000000	0.000000	0.000000	0.000000	0.000000	0.000000	0.000000	0.000000	0.000000	0.000000	0.000000	0.000000	0.000000	0.000000	0.000000	0.000000	0.000000	0.000000	0.000000	0.000000
0.000000	0.000000	0.000000	0.000000	0.000000	0.000000	0.000000	0.000000	0.000000	1.000000	0.000000	0.000000	0.000000	0.000000	0.000000	0.000000	0.000000	0.000000	0.000000	0.000000	0.000000	0.000000	0.000000	0.000000	0.000000	0.000000	0.000000	0.000000	0.000000	0.000000
0.000000	0.000000	0.000000	0.000009	0.000005	0.073834	0.000000	0.286348	0.000028	0.000000	0.000000	0.056859	0.030205	0.000000	0.000000	0.000000	0.000000	0.000000	0.054197	0.000000	0.000000	0.000000	0.000000	0.000000	0.021206	0.477307	0.000000	0.000000	0.000000	0.000000
0.000000	0.000000	0.889481	0.000000	0.000546	0.000000	0.000000	0.000000	0.000000	0.000000	0.006654	0.000000	0.000000	0.000000	0.000000	0.000000	0.000009	0.000000	0.000000	0.000000	0.000000	0.103311	0.000000	0.000000	0.000000	0.000000	0.000000	0.000000	0.000000	0.000000
0.000000	0.000000	0.000000	0.000009	0.000005	0.073839	0.000000	0.286373	0.000028	0.000000	0.000000	0.056880	0.030202	0.000000	0.000000	0.000000	0.000000	0.000000	0.054207	0.000000	0.000000	0.000000	0.000000	0.000000	0.021203	0.477253	0.000000	0.000000	0.000000	0.000000
0.000000	0.000000	0.863065	0.000000	0.000818	0.000001	0.000000	0.000000	0.000000	0.000000	0.009967	0.000000	0.000000	0.000000	0.000000	0.000000	0.000013	0.000000	0.000000	0.000000	0.000000	0.126136	0.000000	0.000000	0.000000	0.000000	0.000000	0.000000	0.000000	0.000000
0.000000	0.000000	0.859523	0.000000	0.000763	0.000001	0.000000	0.000000	0.000000	0.000000	0.009295	0.000000	0.000000	0.000000	0.000000	0.000000	0.000012	0.000000	0.000000	0.000000	0.000000	0.130406	0.000000	0.000000	0.000000	0.000000	0.000000	0.000000	0.000000	0.000000
0.000000	0.000000	0.899238	0.000000	0.000471	0.000000	0.000000	0.000000	0.000000	0.000000	0.005739	0.000000	0.000000	0.000000	0.000000	0.000000	0.000007	0.000000	0.000000	0.000000	0.000000	0.094544	0.000000	0.000000	0.000000	0.000000	0.000000	0.000000	0.000000	0.000000
0.000000	0.000000	0.000000	0.000009	0.000005	0.073837	0.000000	0.286358	0.000028	0.000000	0.000000	0.056868	0.030203	0.000000	0.000000	0.000000	0.000000	0.000000	0.054201	0.000000	0.000000	0.000000	0.000000	0.000000	0.021205	0.477284	0.000000	0.000000	0.000000	0.000000
0.000000	0.000000	0.000000	0.000000	0.000000	0.000000	0.000000	0.000000	0.000000	0.000000	0.000000	0.000000	0.000000	0.000000	0.000000	0.000000	0.000000	0.000000	0.000000	0.000000	0.000000	0.000000	0.000000	0.000000	0.000000	0.000000	0.000000	0.000000	0.000000	1.000000
0.000000	0.000000	0.899238	0.000000	0.000471	0.000000	0.000000	0.000000	0.000000	0.000000	0.005739	0.000000	0.000000	0.000000	0.000000	0.000000	0.000007	0.000000	0.000000	0.000000	0.000000	0.094544	0.000000	0.000000	0.000000	0.000000	0.000000	0.000000	0.000000	0.000000
0.000000	0.000000	0.000000	0.000000	0.000000	0.000000	0.000000	0.000000	0.000000	0.000000	0.000000	0.000000	0.000000	0.000000	0.000000	0.000000	0.000000	0.000000	0.000000	1.000000	0.000000	0.000000	0.000000	0.000000	0.000000	0.000000	0.000000	0.000000	0.000000	0.000000
0.000000	0.000000	0.899238	0.000000	0.000471	0.000000	0.000000	0.000000	0.000000	0.000000	0.005739	0.000000	0.000000	0.000000	0.000000	0.000000	0.000007	0.000000	0.000000	0.000000	0.000000	0.094544	0.000000	0.000000	0.000000	0.000000	0.000000	0.000000	0.000000	0.000000
0.000000	0.000000	0.895205	0.000000	0.000522	0.000000	0.000000	0.000000	0.000000	0.000000	0.006363	0.000000	0.000000	0.000000	0.000000	0.000000	0.000008	0.000000	0.000000	0.000000	0.000000	0.097901	0.000000	0.000000	0.000000	0.000000	0.000000	0.000000	0.000000	0.000000
0.000000	0.000000	0.904766	0.000000	0.000436	0.000000	0.000000	0.000000	0.000000	0.000000	0.005307	0.000000	0.000000	0.000000	0.000000	0.000000	0.000007	0.000000	0.000000	0.000000	0.000000	0.089484	0.000000	0.000000	0.000000	0.000000	0.000000	0.000000	0.000000	0.000000
0.000000	0.000000	0.820031	0.000000	0.001008	0.000001	0.000000	0.000000	0.000000	0.000000	0.012278	0.000000	0.000000	0.000000	0.000000	0.000000	0.000016	0.000000	0.000000	0.000000	0.000000	0.166666	0.000000	0.000000	0.000000	0.000000	0.000000	0.000000	0.000000	0.000000
0.000000	0.000000	0.000000	0.000000	0.000000	0.000000	0.000000	0.000000	0.000000	0.000000	0.000000	0.000000	0.000000	0.000000	0.000000	0.000000	0.000000	0.000000	0.000000	0.000000	0.000000	0.000000	0.000000	0.000000	0.000000	0.000000	0.000000	0.000000	1.000000	0.000000
0.000000	0.000000	0.810610	0.000000	0.001197	0.000001	0.000000	0.000000	0.000000	0.000000	0.014582	0.000000	0.000000	0.000000	0.000000	0.000000	0.000019	0.000000	0.000000	0.000000	0.000000	0.173591	0.000000	0.000000	0.000000	0.000000	0.000000	0.000000	0.000000	0.000000
0.000000	0.192195	0.000000	0.000000	0.000000	0.000000	0.000000	0.000000	0.000000	0.000000	0.000000	0.000000	0.000000	0.000000	0.000000	0.000000	0.000000	0.000000	0.000000	0.000000	0.807805	0.000000	0.000000	0.000000	0.000000	0.000000	0.000000	0.000000	0.000000	0.000000
0.000000	0.000000	0.000000	0.000009	0.000005	0.073836	0.000000	0.286362	0.000028	0.000000	0.000000	0.056868	0.030203	0.000000	0.000000	0.000000	0.000000	0.000000	0.054200	0.000000	0.000000	0.000000	0.000000	0.000000	0.021205	0.477282	0.000000	0.000000	0.000000	0.000000
0.000000	0.000000	0.790448	0.000000	0.001615	0.000001	0.000000	0.000000	0.000000	0.000000	0.019675	0.000000	0.000000	0.000000	0.000000	0.000000	0.000025	0.000000	0.000000	0.000000	0.000000	0.188236	0.000000	0.000000	0.000000	0.000000	0.000000	0.000000	0.000000	0.000000
0.000000	0.000000	0.000000	0.000009	0.000005	0.073841	0.000000	0.286375	0.000028	0.000000	0.000000	0.056880	0.030202	0.000000	0.000000	0.000000	0.000000	0.000000	0.054206	0.000000	0.000000	0.000000	0.000000	0.000000	0.021203	0.477250	0.000000	0.000000	0.000000	0.000000
0.000000	0.000000	0.861646	0.000000	0.000728	0.000001	0.000000	0.000000	0.000000	0.000000	0.008866	0.000000	0.000000	0.000000	0.000000	0.000000	0.000011	0.000000	0.000000	0.000000	0.000000	0.128749	0.000000	0.000000	0.000000	0.000000	0.000000	0.000000	0.000000	0.000000
0.000000	0.000000	0.820031	0.000000	0.001008	0.000001	0.000000	0.000000	0.000000	0.000000	0.012278	0.000000	0.000000	0.000000	0.000000	0.000000	0.000016	0.000000	0.000000	0.000000	0.000000	0.166666	0.000000	0.000000	0.000000	0.000000	0.000000	0.000000	0.000000	0.000000
0.000000	0.000000	0.899238	0.000000	0.000471	0.000000	0.000000	0.000000	0.000000	0.000000	0.005739	0.000000	0.000000	0.000000	0.000000	0.000000	0.000007	0.000000	0.000000	0.000000	0.000000	0.094544	0.000000	0.000000	0.000000	0.000000	0.000000	0.000000	0.000000	0.000000
0.000000	0.000000	0.790446	0.000000	0.001615	0.000001	0.000000	0.000000	0.000000	0.000000	0.019677	0.000000	0.000000	0.000000	0.000000	0.000000	0.000025	0.000000	0.000000	0.000000	0.000000	0.188236	0.000000	0.000000	0.000000	0.000000	0.000000	0.000000	0.000000	0.000000
0.000000	0.000000	0.899238	0.000000	0.000471	0.000000	0.000000	0.000000	0.000000	0.000000	0.005739	0.000000	0.000000	0.000000	0.000000	0.000000	0.000007	0.000000	0.000000	0.000000	0.000000	0.094544	0.000000	0.000000	0.000000	0.000000	0.000000	0.000000	0.000000	0.000000
0.000000	0.000000	0.899238	0.000000	0.000471	0.000000	0.000000	0.000000	0.000000	0.000000	0.005739	0.000000	0.000000	0.000000	0.000000	0.000000	0.000007	0.000000	0.000000	0.000000	0.000000	0.094544	0.000000	0.000000	0.000000	0.000000	0.000000	0.000000	0.000000	0.000000
0.000000	0.000000	0.859523	0.000000	0.000763	0.000001	0.000000	0.000000	0.000000	0.000000	0.009295	0.000000	0.000000	0.000000	0.000000	0.000000	0.000012	0.000000	0.000000	0.000000	0.000000	0.130406	0.000000	0.000000	0.000000	0.000000	0.000000	0.000000	0.000000	0.000000
0.000000	0.000000	0.820031	0.000000	0.001008	0.000001	0.000000	0.000000	0.000000	0.000000	0.012278	0.000000	0.000000	0.000000	0.000000	0.000000	0.000016	0.000000	0.000000	0.000000	0.000000	0.166666	0.000000	0.000000	0.000000	0.000000	0.000000	0.000000	0.000000	0.000000
0.000000	0.000000	0.820031	0.000000	0.001008	0.000001	0.000000	0.000000	0.000000	0.000000	0.012278	0.000000	0.000000	0.000000	0.000000	0.000000	0.000016	0.000000	0.000000	0.000000	0.000000	0.166666	0.000000	0.000000	0.000000	0.000000	0.000000	0.000000	0.000000	0.000000
0.000000	0.000000	0.820031	0.000000	0.001008	0.000001	0.000000	0.000000	0.000000	0.000000	0.012278	0.000000	0.000000	0.000000	0.000000	0.000000	0.000016	0.000000	0.000000	0.000000	0.000000	0.166666	0.000000	0.000000	0.000000	0.000000	0.000000	0.000000	0.000000	0.000000
0.000000	0.000000	0.861646	0.000000	0.000728	0.000001	0.000000	0.000000	0.000000	0.000000	0.008866	0.000000	0.000000	0.000000	0.000000	0.000000	0.000011	0.000000	0.000000	0.000000	0.000000	0.128749	0.000000	0.000000	0.000000	0.000000	0.000000	0.000000	0.000000	0.000000
0.000000	0.000000	0.899238	0.000000	0.000471	0.000000	0.000000	0.000000	0.000000	0.000000	0.005739	0.000000	0.000000	0.000000	0.000000	0.000000	0.000007	0.000000	0.000000	0.000000	0.000000	0.094544	0.000000	0.000000	0.000000	0.000000	0.000000	0.000000	0.000000	0.000000
0.000000	0.000000	0.899238	0.000000	0.000471	0.000000	0.000000	0.000000	0.000000	0.000000	0.005739	0.000000	0.000000	0.000000	0.000000	0.000000	0.000007	0.000000	0.000000	0.000000	0.000000	0.094544	0.000000	0.000000	0.000000	0.000000	0.000000	0.000000	0.000000	0.000000
0.000000	0.000000	0.859523	0.000000	0.000763	0.000001	0.000000	0.000000	0.000000	0.000000	0.009295	0.000000	0.000000	0.000000	0.000000	0.000000	0.000012	0.000000	0.000000	0.000000	0.000000	0.130406	0.000000	0.000000	0.000000	0.000000	0.000000	0.000000	0.000000	0.000000
0.000000	0.000000	0.899238	0.000000	0.000471	0.000000	0.000000	0.000000	0.000000	0.000000	0.005739	0.000000	0.000000	0.000000	0.000000	0.000000	0.000007	0.000000	0.000000	0.000000	0.000000	0.094544	0.000000	0.000000	0.000000	0.000000	0.000000	0.000000	0.000000	0.000000
0.000000	0.000000	0.000000	0.000009	0.000005	0.073836	0.000000	0.286358	0.000028	0.000000	0.000000	0.056869	0.030204	0.000000	0.000000	0.000000	0.000000	0.000000	0.054201	0.000000	0.000000	0.000000	0.000000	0.000000	0.021205	0.477284	0.000000	0.000000	0.000000	0.000000
0.000000	0.000000	0.000000	0.000009	0.000005	0.073836	0.000000	0.286358	0.000028	0.000000	0.000000	0.056869	0.030203	0.000000	0.000000	0.000000	0.000000	0.000000	0.054201	0.000000	0.000000	0.000000	0.000000	0.000000	0.021205	0.477285	0.000000	0.000000	0.000000	0.000000
0.000000	0.000000	0.000000	0.000009	0.000005	0.073836	0.000000	0.286360	0.000028	0.000000	0.000000	0.056868	0.030204	0.000000	0.000000	0.000000	0.000000	0.000000	0.054201	0.000000	0.000000	0.000000	0.000000	0.000000	0.021205	0.477282	0.000000	0.000000	0.000000	0.000000
0.000000	0.000000	0.000000	0.000009	0.000005	0.073833	0.000000	0.286347	0.000028	0.000000	0.000000	0.056859	0.030205	0.000000	0.000000	0.000000	0.000000	0.000000	0.054196	0.000000	0.000000	0.000000	0.000000	0.000000	0.021206	0.477310	0.000000	0.000000	0.000000	0.000000
0.000000	0.000000	0.830844	0.000000	0.001035	0.000001	0.000000	0.000000	0.000000	0.000000	0.012606	0.000000	0.000000	0.000000	0.000000	0.000000	0.000016	0.000000	0.000000	0.000000	0.000000	0.155498	0.000000	0.000000	0.000000	0.000000	0.000000	0.000000	0.000000	0.000000
0.000000	0.000000	0.790446	0.000000	0.001615	0.000001	0.000000	0.000000	0.000000	0.000000	0.019672	0.000000	0.000000	0.000000	0.000000	0.000000	0.000025	0.000000	0.000000	0.000000	0.000000	0.188241	0.000000	0.000000	0.000000	0.000000	0.000000	0.000000	0.000000	0.000000
0.000000	0.000000	0.863065	0.000000	0.000818	0.000001	0.000000	0.000000	0.000000	0.000000	0.009967	0.000000	0.000000	0.000000	0.000000	0.000000	0.000013	0.000000	0.000000	0.000000	0.000000	0.126136	0.000000	0.000000	0.000000	0.000000	0.000000	0.000000	0.000000	0.000000
0.000000	0.000000	0.904766	0.000000	0.000436	0.000000	0.000000	0.000000	0.000000	0.000000	0.005307	0.000000	0.000000	0.000000	0.000000	0.000000	0.000007	0.000000	0.000000	0.000000	0.000000	0.089484	0.000000	0.000000	0.000000	0.000000	0.000000	0.000000	0.000000	0.000000
0.000000	0.000000	0.000000	0.000000	0.000000	0.000000	0.000000	0.000000	0.000000	0.000000	0.000000	0.000000	0.000000	0.000000	0.000000	0.000000	0.000000	0.000000	0.000000	0.000000	0.000000	0.000000	0.000000	0.000000	0.000000	0.000000	0.000000	0.000000	0.000000	1.000000
0.000000	0.000000	0.820032	0.000000	0.001008	0.000001	0.000000	0.000000	0.000000	0.000000	0.012278	0.000000	0.000000	0.000000	0.000000	0.000000	0.000016	0.000000	0.000000	0.000000	0.000000	0.166665	0.000000	0.000000	0.000000	0.000000	0.000000	0.000000	0.000000	0.000000
0.000000	0.000000	0.820029	0.000000	0.001008	0.000001	0.000000	0.000000	0.000000	0.000000	0.012278	0.000000	0.000000	0.000000	0.000000	0.000000	0.000016	0.000000	0.000000	0.000000	0.000000	0.166669	0.000000	0.000000	0.000000	0.000000	0.000000	0.000000	0.000000	0.000000
0.000000	0.000000	0.899238	0.000000	0.000471	0.000000	0.000000	0.000000	0.000000	0.000000	0.005739	0.000000	0.000000	0.000000	0.000000	0.000000	0.000007	0.000000	0.000000	0.000000	0.000000	0.094544	0.000000	0.000000	0.000000	0.000000	0.000000	0.000000	0.000000	0.000000
0.000000	0.000000	0.000000	0.000000	0.000000	0.000000	0.000000	0.000000	0.000000	0.000000	0.000000	0.000000	0.000000	0.000000	0.000000	0.000000	0.000000	0.000000	0.000000	0.000000	0.000000	0.000000	0.000000	0.000000	0.000000	0.000000	0.000000	0.000000	0.000000	1.000000
