0.000000	0.000000	0.000000	0.000000	0.000000	0.000000	0.000000	0.000000	0.165277	0.000000	0.000000	0.292851	0.000000	0.000000	0.000000	0.000000	0.114832	0.000000	0.000000	0.004703	0.178031	0.000000	0.000000	0.244306	0.000000	0.000000	0.000000	0.000000	0.000000	0.000000
0.000000	0.000000	0.000000	0.000000	0.000000	0.000000	0.000000	0.000000	0.166233	0.000000	0.000000	0.250255	0.000000	0.000000	0.000000	0.000000	0.114834	0.000000	0.000000	0.004703	0.180005	0.000000	0.000000	0.283970	0.000000	0.000000	0.000000	0.000000	0.000000	0.000000
0.000000	0.000000	0.000000	0.000000	0.000000	0.000000	0.000000	0.000000	0.000000	0.000000	0.000000	0.000000	0.000000	0.000000	0.000000	0.000000	0.000000	0.000000	0.000000	0.000000	0.000000	0.000000	1.000000	0.000000	0.000000	0.000000	0.000000	0.000000	0.000000	0.000000
0.000000	0.000000	0.000006	0.000000	0.000000	0.000000	0.000000	0.000000	0.000000	0.000000	0.000000	0.000000	0.000000	0.000000	0.000000	0.000000	0.000000	0.000000	0.000000	0.000000	0.000000	0.000000	0.000000	0.000000	0.000000	0.000000	0.000000	0.000000	0.000000	0.999994
0.000000	0.000000	0.000000	0.000000	0.000000	0.000000	0.000000	0.000000	0.167023	0.000000	0.000000	0.244490	0.000000	0.000000	0.000000	0.000000	0.162453	0.000000	0.000000	0.006495	0.174898	0.000000	0.000000	0.244640	0.000000	0.000000	0.000000	0.000000	0.000000	0.000000
0.000000	0.000000	0.000000	0.000000	0.000000	0.000000	0.000000	0.000000	0.000000	0.000000	0.000000	0.000000	0.000000	1.000000	0.000000	0.000000	0.000000	0.000000	0.000000	0.000000	0.000000	0.000000	0.000000	0.000000	0.000000	0.000000	0.000000	0.000000	0.000000	0.000000
0.000000	0.000000	0.000000	0.000000	0.000000	0.000000	0.000000	0.000000	0.165276	0.000000	0.000000	0.244457	0.000000	0.000000	0.000000	0.000000	0.114832	0.000000	0.000000	0.004703	0.228877	0.000000	0.000000	0.241855	0.000000	0.000000	0.000000	0.000000	0.000000	0.000000
0.000000	0.000000	0.000000	0.000000	0.000000	0.000000	0.000000	0.000000	0.000000	0.000000	0.000000	0.000000	0.000000	0.000000	0.000000	0.000000	0.000000	0.000000	0.000000	0.000000	0.000000	0.554975	0.000000	0.000000	0.000000	0.445025	0.000000	0.000000	0.000000	0.000000
0.099131	0.000000	0.000000	0.000000	0.000000	0.134052	0.000000	0.000000	0.000000	0.000000	0.000000	0.000000	0.101899	0.000000	0.000000	0.656921	0.000000	0.000000	0.000000	0.000000	0.000000	0.000000	0.000000	0.000000	0.007997	0.000000	0.000000	0.000000	0.000000	0.000000
0.000000	0.000000	0.000000	0.000000	0.000000	0.000000	0.000000	0.000000	0.192856	0.000000	0.000000	0.268323	0.000000	0.000000	0.000000	0.000000	0.115446	0.000000	0.000000	0.004907	0.176255	0.000000	0.000000	0.242213	0.000000	0.000000	0.000000	0.000000	0.000000	0.000000
0.000000	0.000000	0.000000	0.000000	0.000000	0.000000	0.000000	0.000000	0.000000	0.000000	0.000000	0.000000	0.000000	1.000000	0.000000	0.000000	0.000000	0.000000	0.000000	0.000000	0.000000	0.000000	0.000000	0.000000	0.000000	0.000000	0.000000	0.000000	0.000000	0.000000
0.000000	0.000000	0.000000	0.000000	0.000000	0.000000	0.000000	0.000000	0.165773	0.000000	0.000000	0.242974	0.000000	0.000000	0.000000	0.000000	0.115182	0.000000	0.000000	0.004733	0.180717	0.000000	0.000000	0.290620	0.000000	0.000000	0.000000	0.000000	0.000000	0.000000
0.000000	0.000000	0.000005	0.000000	0.000000	0.000000	0.000000	0.000000	0.000000	0.000000	0.000000	0.000000	0.000000	0.000000	0.000000	0.000000	0.000000	0.000000	0.000000	0.000000	0.000000	0.000000	0.000000	0.000000	0.000000	0.000000	0.000000	0.000000	0.000000	0.999995
0.000000	0.000000	0.000000	0.000000	0.000000	0.000000	0.000000	0.000000	0.000000	0.000000	0.000000	0.000000	0.000000	0.000000	0.000000	0.000000	0.000000	1.000000	0.000000	0.000000	0.000000	0.000000	0.000000	0.000000	0.000000	0.000000	0.000000	0.000000	0.000000	0.000000
0.000000	0.000000	0.000000	0.000000	0.000000	0.000000	0.000000	0.000000	0.000000	0.000000	0.000000	0.000000	0.000000	0.000000	0.000000	0.000000	0.000000	1.000000	0.000000	0.000000	0.000000	0.000000	0.000000	0.000000	0.000000	0.000000	0.000000	0.000000	0.000000	0.000000
0.099784	0.000000	0.000000	0.000000	0.000000	0.113104	0.000000	0.000000	0.000000	0.000000	0.000000	0.000000	0.086037	0.000000	0.000000	0.694326	0.000000	0.000000	0.000000	0.000000	0.000000	0.000000	0.000000	0.000000	0.006748	0.000000	0.000000	0.000000	0.000000	0.000000
0.000000	0.000000	0.000000	1.000000	0.000000	0.000000	0.000000	0.000000	0.000000	0.000000	0.000000	0.000000	0.000000	0.000000	0.000000	0.000000	0.000000	0.000000	0.000000	0.000000	0.000000	0.000000	0.000000	0.000000	0.000000	0.000000	0.000000	0.000000	0.000000	0.000000
0.116761	0.000000	0.000000	0.000000	0.000000	0.113105	0.000000	0.000000	0.000000	0.000000	0.000000	0.000000	0.086048	0.000000	0.000000	0.677338	0.000000	0.000000	0.000000	0.000000	0.000000	0.000000	0.000000	0.000000	0.006749	0.000000	0.000000	0.000000	0.000000	0.000000
0.000000	0.000000	0.000005	0.000000	0.000000	0.000000	0.000000	0.000000	0.000000	0.000000	0.000000	0.000000	0.000000	0.000000	0.000000	0.000000	0.000000	0.000000	0.000000	0.000000	0.000000	0.000000	0.000000	0.000000	0.000000	0.000000	0.000000	0.000000	0.000000	0.999995
0.000000	0.000000	0.000005	0.000000	0.000000	0.000000	0.000000	0.000000	0.000000	0.000000	0.000000	0.000000	0.000000	0.000000	0.000000	0.000000	0.000000	0.000000	0.000000	0.000000	0.000000	0.000000	0.000000	0.000000	0.000000	0.000000	0.000000	0.000000	0.000000	0.999995
0.000000	0.000000	0.000000	0.000000	0.000000	0.000000	0.000000	0.000000	0.205917	0.000000	0.000000	0.248559	0.000000	0.000000	0.000000	0.000000	0.115873	0.000000	0.000000	0.004708	0.178433	0.000000	0.000000	0.246510	0.000000	0.000000	0.000000	0.000000	0.000000	0.000000
