0.000000	0.000000	0.000000	0.000000	0.000000	0.000000	0.000000	0.732307	0.000000	0.000000	0.000000	0.000000	0.000000	0.000000	0.000000	0.000000	0.000000	0.000000	0.000000	0.000000	0.000000	0.267693	0.000000	0.000000	0.000000	0.000000	0.000000	0.000000	0.000000	0.000000
0.000104	0.000000	0.003767	0.022045	0.000000	0.231814	0.075782	0.000000	0.000000	0.000000	0.000000	0.017820	0.000000	0.000000	0.000035	0.000000	0.595403	0.000001	0.000000	0.018369	0.001566	0.008328	0.018636	0.000000	0.000002	0.006329	0.000000	0.000000	0.000000	0.000000
0.000251	0.000000	0.008446	0.079949	0.000001	0.092123	0.247776	0.000000	0.000000	0.000000	0.000000	0.032791	0.000000	0.000000	0.000013	0.000000	0.325191	0.000003	0.000000	0.024057	0.004684	0.043632	0.108571	0.000000	0.000005	0.032510	0.000000	0.000000	0.000000	0.000000
0.000251	0.000000	0.008444	0.079888	0.000001	0.092126	0.247772	0.000000	0.000000	0.000000	0.000000	0.032774	0.000000	0.000000	0.000013	0.000000	0.325278	0.000003	0.000000	0.024053	0.004681	0.043632	0.108574	0.000000	0.000005	0.032506	0.000000	0.000000	0.000000	0.000000
0.000132	0.000000	0.004525	0.093451	0.000000	0.026479	0.142249	0.000000	0.000000	0.000000	0.000000	0.025762	0.000000	0.000000	0.000003	0.000000	0.144705	0.000002	0.000000	0.023029	0.003671	0.129435	0.320456	0.000000	0.000003	0.086096	0.000000	0.000000	0.000000	0.000000
0.000104	0.000000	0.003767	0.022045	0.000000	0.231814	0.075782	0.000000	0.000000	0.000000	0.000000	0.017820	0.000000	0.000000	0.000035	0.000000	0.595403	0.000001	0.000000	0.018369	0.001566	0.008328	0.018636	0.000000	0.000002	0.006329	0.000000	0.000000	0.000000	0.000000
0.000165	0.000000	0.005728	0.046385	0.000000	0.172911	0.147892	0.000000	0.000000	0.000000	0.000000	0.024107	0.000000	0.000000	0.000026	0.000000	0.481661	0.000002	0.000000	0.020760	0.002875	0.023301	0.056770	0.000000	0.000003	0.017415	0.000000	0.000000	0.000000	0.000000
0.000104	0.000000	0.003768	0.022045	0.000000	0.231635	0.075782	0.000000	0.000000	0.000000	0.000000	0.017826	0.000000	0.000000	0.000035	0.000000	0.595572	0.000001	0.000000	0.018370	0.001566	0.008328	0.018636	0.000000	0.000002	0.006329	0.000000	0.000000	0.000000	0.000000
0.000104	0.000000	0.003769	0.022046	0.000000	0.231638	0.075782	0.000000	0.000000	0.000000	0.000000	0.017828	0.000000	0.000000	0.000035	0.000000	0.595563	0.000001	0.000000	0.018373	0.001566	0.008327	0.018637	0.000000	0.000002	0.006329	0.000000	0.000000	0.000000	0.000000
0.000104	0.000000	0.003767	0.022045	0.000000	0.231811	0.075782	0.000000	0.000000	0.000000	0.000000	0.017820	0.000000	0.000000	0.000035	0.000000	0.595408	0.000001	0.000000	0.018365	0.001566	0.008329	0.018637	0.000000	0.000002	0.006329	0.000000	0.000000	0.000000	0.000000
0.000000	0.000000	0.000000	0.000000	0.000000	0.000000	0.000000	0.000000	0.000000	0.000000	0.000000	0.000000	0.000000	0.000000	0.000000	0.000000	0.000000	0.000000	0.287831	0.000000	0.035963	0.000000	0.000000	0.000000	0.000000	0.000000	0.000000	0.676206	0.000000	0.000000
0.000252	0.000000	0.008462	0.079893	0.000001	0.092123	0.247793	0.000000	0.000000	0.000000	0.000000	0.032793	0.000000	0.000000	0.000013	0.000000	0.325219	0.000003	0.000000	0.024052	0.004687	0.043631	0.108568	0.000000	0.000005	0.032506	0.000000	0.000000	0.000000	0.000000
0.000000	0.000000	0.000000	0.000000	0.000000	0.000000	0.000000	0.000000	0.000000	0.000000	0.000000	0.000000	0.000002	0.000000	0.000000	0.000000	0.000000	0.000000	0.000000	0.000000	0.000000	0.000000	0.000000	0.000000	0.000000	0.198584	0.801413	0.000000	0.000000	0.000000
0.000132	0.000000	0.004525	0.093443	0.000000	0.026479	0.142249	0.000000	0.000000	0.000000	0.000000	0.025759	0.000000	0.000000	0.000003	0.000000	0.144692	0.000002	0.000000	0.023028	0.003671	0.129495	0.320433	0.000000	0.000003	0.086087	0.000000	0.000000	0.000000	0.000000
0.000000	0.000000	0.000000	0.000000	0.000000	0.000000	0.000000	0.000000	0.000000	1.000000	0.000000	0.000000	0.000000	0.000000	0.000000	0.000000	0.000000	0.000000	0.000000	0.000000	0.000000	0.000000	0.000000	0.000000	0.000000	0.000000	0.000000	0.000000	0.000000	0.000000
0.000132	0.000000	0.004525	0.093450	0.000000	0.026479	0.142249	0.000000	0.000000	0.000000	0.000000	0.025762	0.000000	0.000000	0.000003	0.000000	0.144689	0.000002	0.000000	0.023032	0.003671	0.129478	0.320442	0.000000	0.000003	0.086082	0.000000	0.000000	0.000000	0.000000
0.000104	0.000000	0.003768	0.022045	0.000000	0.231632	0.075782	0.000000	0.000000	0.000000	0.000000	0.017827	0.000000	0.000000	0.000035	0.000000	0.595574	0.000001	0.000000	0.018372	0.001566	0.008327	0.018636	0.000000	0.000002	0.006329	0.000000	0.000000	0.000000	0.000000
0.000104	0.000000	0.003767	0.022047	0.000000	0.231684	0.075782	0.000000	0.000000	0.000000	0.000000	0.017824	0.000000	0.000000	0.000035	0.000000	0.595510	0.000001	0.000000	0.018385	0.001567	0.008327	0.018637	0.000000	0.000002	0.006329	0.000000	0.000000	0.000000	0.000000
0.000195	0.000000	0.006604	0.086130	0.000000	0.061903	0.198026	0.000000	0.000000	0.000000	0.000000	0.029472	0.000000	0.000000	0.000008	0.000000	0.241784	0.000002	0.000000	0.023566	0.004204	0.083544	0.207140	0.000000	0.000004	0.057417	0.000000	0.000000	0.000000	0.000000
0.000000	0.000000	0.000000	0.000000	0.000000	0.000000	0.000000	0.000000	0.000000	0.000000	0.000000	0.000000	0.000000	0.302123	0.000000	0.697877	0.000000	0.000000	0.000000	0.000000	0.000000	0.000000	0.000000	0.000000	0.000000	0.000000	0.000000	0.000000	0.000000	0.000000
0.000104	0.000000	0.003767	0.022045	0.000000	0.231610	0.075782	0.000000	0.000000	0.000000	0.000000	0.017820	0.000000	0.000000	0.000035	0.000000	0.595612	0.000001	0.000000	0.018365	0.001566	0.008327	0.018636	0.000000	0.000002	0.006329	0.000000	0.000000	0.000000	0.000000
0.000251	0.000000	0.008445	0.079895	0.000001	0.092123	0.247874	0.000000	0.000000	0.000000	0.000000	0.032776	0.000000	0.000000	0.000013	0.000000	0.325180	0.000003	0.000000	0.024054	0.004682	0.043629	0.108567	0.000000	0.000005	0.032502	0.000000	0.000000	0.000000	0.000000
0.000132	0.000000	0.004525	0.093447	0.000000	0.026479	0.142249	0.000000	0.000000	0.000000	0.000000	0.025764	0.000000	0.000000	0.000003	0.000000	0.144694	0.000002	0.000000	0.023028	0.003672	0.129392	0.320561	0.000000	0.000003	0.086048	0.000000	0.000000	0.000000	0.000000
0.000132	0.000000	0.004525	0.093440	0.000000	0.026479	0.142249	0.000000	0.000000	0.000000	0.000000	0.025760	0.000000	0.000000	0.000003	0.000000	0.144691	0.000002	0.000000	0.023028	0.003671	0.129459	0.320477	0.000000	0.000003	0.086080	0.000000	0.000000	0.000000	0.000000
0.000104	0.000000	0.003767	0.022045	0.000000	0.231746	0.075782	0.000000	0.000000	0.000000	0.000000	0.017820	0.000000	0.000000	0.000035	0.000000	0.595474	0.000001	0.000000	0.018367	0.001566	0.008327	0.018636	0.000000	0.000002	0.006329	0.000000	0.000000	0.000000	0.000000
0.000000	0.000000	0.000000	0.000000	0.000000	0.000000	0.000000	0.000000	0.000000	0.000000	0.000000	0.000000	0.000000	0.000000	0.000000	0.000000	0.000000	0.000000	0.000000	0.000000	0.000000	0.000000	0.000000	1.000000	0.000000	0.000000	0.000000	0.000000	0.000000	0.000000
0.000104	0.000000	0.003767	0.022045	0.000000	0.231610	0.075782	0.000000	0.000000	0.000000	0.000000	0.017820	0.000000	0.000000	0.000035	0.000000	0.595612	0.000001	0.000000	0.018365	0.001566	0.008327	0.018636	0.000000	0.000002	0.006329	0.000000	0.000000	0.000000	0.000000
0.000000	0.000000	0.000000	0.000000	0.000000	0.000000	0.000000	0.000000	0.000000	1.000000	0.000000	0.000000	0.000000	0.000000	0.000000	0.000000	0.000000	0.000000	0.000000	0.000000	0.000000	0.000000	0.000000	0.000000	0.000000	0.000000	0.000000	0.000000	0.000000	0.000000
0.000000	0.000000	0.000000	0.000000	0.000000	0.000000	0.000000	0.000000	0.000000	1.000000	0.000000	0.000000	0.000000	0.000000	0.000000	0.000000	0.000000	0.000000	0.000000	0.000000	0.000000	0.000000	0.000000	0.000000	0.000000	0.000000	0.000000	0.000000	0.000000	0.000000
0.000132	0.000000	0.004525	0.093437	0.000000	0.026479	0.142251	0.000000	0.000000	0.000000	0.000000	0.025764	0.000000	0.000000	0.000003	0.000000	0.144705	0.000002	0.000000	0.023030	0.003671	0.129416	0.320527	0.000000	0.000003	0.086055	0.000000	0.000000	0.000000	0.000000
0.000000	0.949289	0.000000	0.000000	0.050711	0.000000	0.000000	0.000000	0.000000	0.000000	0.000000	0.000000	0.000000	0.000000	0.000000	0.000000	0.000000	0.000000	0.000000	0.000000	0.000000	0.000000	0.000000	0.000000	0.000000	0.000000	0.000000	0.000000	0.000000	0.000000
0.000251	0.000000	0.008460	0.079886	0.000001	0.092123	0.247819	0.000000	0.000000	0.000000	0.000000	0.032792	0.000000	0.000000	0.000013	0.000000	0.325202	0.000003	0.000000	0.024055	0.004688	0.043631	0.108569	0.000000	0.000005	0.032504	0.000000	0.000000	0.000000	0.000000
0.000251	0.000000	0.008445	0.079895	0.000001	0.092123	0.247874	0.000000	0.000000	0.000000	0.000000	0.032776	0.000000	0.000000	0.000013	0.000000	0.325180	0.000003	0.000000	0.024054	0.004682	0.043629	0.108567	0.000000	0.000005	0.032502	0.000000	0.000000	0.000000	0.000000
