0.000000	0.000000	0.000000	0.000000	0.000000	0.000000	0.000000	0.000000	0.000000	0.000000	0.000000	0.000000	0.000000	0.000000	0.000000	0.000000	0.000000	0.000000	0.000000	0.000000	0.000000	0.000000	0.000000	0.000000	0.000000	0.000000	0.000000	0.000000	1.000000	0.000000
0.000000	0.000000	0.000000	0.000000	0.000000	0.000000	0.000000	0.000082	0.009100	0.000000	0.000000	0.000000	0.000000	0.000000	0.000000	0.000000	0.000000	0.169429	0.616815	0.000000	0.000000	0.000000	0.000000	0.000000	0.000000	0.204573	0.000000	0.000001	0.000000	0.000000
0.000000	0.000000	0.000000	0.000000	0.000000	0.000000	0.000000	0.000050	0.001044	0.000000	0.000000	0.000000	0.000000	0.000000	0.000000	0.000000	0.000000	0.047748	0.931444	0.000000	0.000000	0.000000	0.000000	0.000000	0.000000	0.019712	0.000000	0.000001	0.000000	0.000000
0.000000	0.000000	0.000000	0.000000	0.000000	0.000000	0.000000	0.000049	0.000746	0.000000	0.000000	0.000000	0.000000	0.000000	0.000000	0.000000	0.000000	0.041876	0.944157	0.000000	0.000000	0.000000	0.000000	0.000000	0.000000	0.013170	0.000000	0.000001	0.000000	0.000000
0.000000	0.000000	0.000000	0.000000	0.000000	0.000000	0.000000	0.000050	0.001044	0.000000	0.000000	0.000000	0.000000	0.000000	0.000000	0.000000	0.000000	0.047748	0.931444	0.000000	0.000000	0.000000	0.000000	0.000000	0.000000	0.019712	0.000000	0.000001	0.000000	0.000000
0.000000	0.000000	0.000000	0.000000	0.000000	0.000000	0.000000	0.000049	0.000746	0.000000	0.000000	0.000000	0.000000	0.000000	0.000000	0.000000	0.000000	0.041865	0.944168	0.000000	0.000000	0.000000	0.000000	0.000000	0.000000	0.013170	0.000000	0.000001	0.000000	0.000000
0.000000	0.000000	0.000000	0.000000	0.000000	0.000000	0.000000	0.000050	0.000746	0.000000	0.000000	0.000000	0.000000	0.000000	0.000000	0.000000	0.000000	0.041901	0.944132	0.000000	0.000000	0.000000	0.000000	0.000000	0.000000	0.013170	0.000000	0.000001	0.000000	0.000000
0.000000	0.000000	0.000000	0.000000	0.000000	0.000000	0.000000	0.000049	0.000746	0.000000	0.000000	0.000000	0.000000	0.000000	0.000000	0.000000	0.000000	0.041942	0.944092	0.000000	0.000000	0.000000	0.000000	0.000000	0.000000	0.013170	0.000000	0.000001	0.000000	0.000000
0.000000	0.000000	0.000000	0.000000	0.000000	0.000000	0.000000	0.000000	0.000000	0.000000	0.000000	0.000000	1.000000	0.000000	0.000000	0.000000	0.000000	0.000000	0.000000	0.000000	0.000000	0.000000	0.000000	0.000000	0.000000	0.000000	0.000000	0.000000	0.000000	0.000000
0.000000	0.000000	0.000000	0.000000	0.000000	0.000000	0.000000	0.000000	0.000000	0.000000	0.000000	0.000000	0.000000	0.000000	0.000000	0.000000	0.000000	0.000000	0.000000	0.000000	0.000000	0.398388	0.601612	0.000000	0.000000	0.000000	0.000000	0.000000	0.000000	0.000000
0.000000	0.000000	0.000000	0.000000	0.000000	0.000000	0.000000	0.000050	0.001044	0.000000	0.000000	0.000000	0.000000	0.000000	0.000000	0.000000	0.000000	0.047883	0.931310	0.000000	0.000000	0.000000	0.000000	0.000000	0.000000	0.019712	0.000000	0.000001	0.000000	0.000000
0.000000	0.000000	0.000000	0.000000	0.000000	0.000000	0.000000	0.000049	0.000746	0.000000	0.000000	0.000000	0.000000	0.000000	0.000000	0.000000	0.000000	0.041878	0.944156	0.000000	0.000000	0.000000	0.000000	0.000000	0.000000	0.013170	0.000000	0.000001	0.000000	0.000000
0.000000	0.000000	0.000000	0.000000	0.000000	0.000000	0.000000	0.000080	0.009277	0.000000	0.000000	0.000000	0.000000	0.000000	0.000000	0.000000	0.000000	0.169189	0.616776	0.000000	0.000000	0.000000	0.000000	0.000000	0.000000	0.204677	0.000000	0.000001	0.000000	0.000000
0.000000	0.000000	0.000000	0.000000	0.000000	0.000000	0.000000	0.000000	0.000000	0.000000	0.000000	0.000000	0.000000	0.000000	0.000000	0.000000	0.000000	0.000000	0.000000	0.000000	0.000000	0.000000	0.000000	0.996877	0.000000	0.000000	0.000000	0.003123	0.000000	0.000000
0.000000	0.000000	0.000000	0.000000	0.000000	0.000000	0.000000	0.000000	0.000000	0.000000	0.000000	0.000000	0.000000	0.000000	0.000000	0.000000	0.000000	0.000000	0.000000	0.000000	1.000000	0.000000	0.000000	0.000000	0.000000	0.000000	0.000000	0.000000	0.000000	0.000000
0.000000	0.000000	0.000000	0.000000	0.000000	0.000000	0.000000	0.000051	0.000746	0.000000	0.000000	0.000000	0.000000	0.000000	0.000000	0.000000	0.000000	0.041886	0.944145	0.000000	0.000000	0.000000	0.000000	0.000000	0.000000	0.013170	0.000000	0.000001	0.000000	0.000000
0.000000	0.000000	0.000000	0.000000	0.000000	0.000000	0.000000	0.000050	0.001044	0.000000	0.000000	0.000000	0.000000	0.000000	0.000000	0.000000	0.000000	0.047747	0.931446	0.000000	0.000000	0.000000	0.000000	0.000000	0.000000	0.019712	0.000000	0.000001	0.000000	0.000000
0.000000	0.000000	0.000000	0.000000	0.000000	0.000000	0.000000	0.000049	0.000746	0.000000	0.000000	0.000000	0.000000	0.000000	0.000000	0.000000	0.000000	0.041892	0.944141	0.000000	0.000000	0.000000	0.000000	0.000000	0.000000	0.013170	0.000000	0.000001	0.000000	0.000000
0.000000	0.000000	0.000000	0.000000	0.000000	0.000000	0.000000	0.000050	0.001044	0.000000	0.000000	0.000000	0.000000	0.000000	0.000000	0.000000	0.000000	0.047769	0.931423	0.000000	0.000000	0.000000	0.000000	0.000000	0.000000	0.019712	0.000000	0.000001	0.000000	0.000000
0.000000	0.000000	0.000000	0.000000	0.000000	0.000000	0.000000	0.000000	0.000000	0.000000	0.000000	0.000000	0.000000	0.000000	0.000000	0.000000	0.000000	0.000000	0.000000	0.000000	0.000000	0.000000	0.000000	0.000000	0.197835	0.000000	0.000000	0.000000	0.000000	0.802165
0.000000	0.000000	0.000000	0.000000	0.000000	0.000000	0.000000	0.000060	0.004017	0.000000	0.000000	0.000000	0.000000	0.000000	0.000000	0.000000	0.000000	0.095858	0.813467	0.000000	0.000000	0.000000	0.000000	0.000000	0.000000	0.086597	0.000000	0.000001	0.000000	0.000000
0.000000	0.000000	0.000000	0.000000	0.000000	0.000000	0.000000	0.000000	0.000000	0.000000	0.000000	0.000000	0.000000	0.000000	0.000000	0.000000	0.000000	0.000000	0.000000	0.000000	1.000000	0.000000	0.000000	0.000000	0.000000	0.000000	0.000000	0.000000	0.000000	0.000000
0.000000	0.112616	0.000000	0.000000	0.000000	0.000000	0.000000	0.000000	0.000000	0.000000	0.000000	0.000000	0.000000	0.000000	0.000000	0.877800	0.000000	0.000000	0.000000	0.000000	0.000000	0.000000	0.000000	0.000000	0.000000	0.000000	0.000000	0.009584	0.000000	0.000000
0.000000	0.000000	0.000000	0.000000	0.000000	0.000000	0.000000	0.000000	0.000000	0.000000	0.000000	0.000000	0.000000	0.000000	0.000000	0.000000	0.000000	0.000000	0.000000	0.000000	1.000000	0.000000	0.000000	0.000000	0.000000	0.000000	0.000000	0.000000	0.000000	0.000000
