0.000000	0.000000	0.000000	0.000000	0.000000	0.000000	0.000000	0.000000	0.000000	0.000000	0.000000	0.000000	0.000000	1.000000	0.000000	0.000000	0.000000	0.000000	0.000000	0.000000	0.000000	0.000000	0.000000	0.000000	0.000000	0.000000	0.000000	0.000000	0.000000	0.000000
0.000000	0.000000	0.000000	0.000000	0.000000	0.000000	0.000000	0.000000	0.000000	0.000000	0.000000	0.000000	0.000000	0.000000	0.000000	0.000000	0.000000	1.000000	0.000000	0.000000	0.000000	0.000000	0.000000	0.000000	0.000000	0.000000	0.000000	0.000000	0.000000	0.000000
0.000000	0.000000	0.000000	0.000000	0.000000	0.000000	0.000000	0.000000	0.000000	0.000000	0.000000	0.000000	0.000000	0.000000	0.000000	1.000000	0.000000	0.000000	0.000000	0.000000	0.000000	0.000000	0.000000	0.000000	0.000000	0.000000	0.000000	0.000000	0.000000	0.000000
0.000000	0.035714	0.000000	0.000000	0.000000	0.000000	0.000000	0.000528	0.262070	0.000000	0.000000	0.000000	0.000000	0.000000	0.008106	0.000000	0.000000	0.000000	0.000000	0.651154	0.000000	0.042428	0.000000	0.000000	0.000000	0.000000	0.000000	0.000000	0.000000	0.000000
0.000000	0.000000	0.979346	0.000000	0.000000	0.000000	0.000000	0.000000	0.000000	0.000000	0.000000	0.000000	0.000000	0.000000	0.000000	0.000000	0.000000	0.000000	0.000000	0.000000	0.020654	0.000000	0.000000	0.000000	0.000000	0.000000	0.000000	0.000000	0.000000	0.000000
0.000000	0.000000	0.000000	0.000000	0.000000	0.000000	0.000000	0.000000	0.000000	0.000000	0.000000	0.000000	1.000000	0.000000	0.000000	0.000000	0.000000	0.000000	0.000000	0.000000	0.000000	0.000000	0.000000	0.000000	0.000000	0.000000	0.000000	0.000000	0.000000	0.000000
0.000000	0.003653	0.000000	0.000000	0.000000	0.000000	0.000000	0.000311	0.080943	0.000000	0.000000	0.000000	0.000000	0.000000	0.007651	0.000000	0.000000	0.000000	0.000000	0.875033	0.000000	0.032410	0.000000	0.000000	0.000000	0.000000	0.000000	0.000000	0.000000	0.000000
0.000000	0.005868	0.000000	0.000000	0.000000	0.000000	0.000000	0.000178	0.105941	0.000000	0.000000	0.000000	0.000000	0.000000	0.020314	0.000000	0.000000	0.000000	0.000000	0.743186	0.000000	0.124513	0.000000	0.000000	0.000000	0.000000	0.000000	0.000000	0.000000	0.000000
0.000000	0.006539	0.000000	0.000000	0.000000	0.000000	0.000000	0.002072	0.213053	0.000000	0.000000	0.000000	0.000000	0.000000	0.005630	0.000000	0.000000	0.000000	0.000000	0.752361	0.000000	0.020345	0.000000	0.000000	0.000000	0.000000	0.000000	0.000000	0.000000	0.000000
0.000000	0.025713	0.000000	0.000000	0.000000	0.000000	0.000000	0.000544	0.258346	0.000000	0.000000	0.000000	0.000000	0.000000	0.008226	0.000000	0.000000	0.000000	0.000000	0.663989	0.000000	0.043181	0.000000	0.000000	0.000000	0.000000	0.000000	0.000000	0.000000	0.000000
0.000000	0.000000	0.000000	0.000000	0.000000	0.000000	0.000000	0.000000	0.000000	0.000000	0.000000	0.000000	0.000000	0.000000	0.000000	0.000000	0.000000	0.000000	0.000000	0.000000	0.000000	0.000000	0.000000	0.000000	0.000000	0.000000	0.000000	1.000000	0.000000	0.000000
0.000000	0.000000	0.000000	0.000000	0.000000	1.000000	0.000000	0.000000	0.000000	0.000000	0.000000	0.000000	0.000000	0.000000	0.000000	0.000000	0.000000	0.000000	0.000000	0.000000	0.000000	0.000000	0.000000	0.000000	0.000000	0.000000	0.000000	0.000000	0.000000	0.000000
0.000000	0.000000	0.000000	0.000000	0.000000	0.000000	0.000000	0.000000	0.000000	0.000000	0.000000	0.000000	0.000000	0.000000	0.000000	0.000000	0.000000	0.000000	0.000000	0.000000	0.000000	0.000000	0.000000	0.000000	0.000000	0.000000	0.000000	0.000000	0.000000	1.000000
1.000000	0.000000	0.000000	0.000000	0.000000	0.000000	0.000000	0.000000	0.000000	0.000000	0.000000	0.000000	0.000000	0.000000	0.000000	0.000000	0.000000	0.000000	0.000000	0.000000	0.000000	0.000000	0.000000	0.000000	0.000000	0.000000	0.000000	0.000000	0.000000	0.000000
0.000000	0.000000	0.000000	0.000000	0.000000	0.000000	0.000000	0.000000	0.000000	0.000000	0.000000	0.000000	0.000000	0.000000	0.000000	0.000000	0.000000	0.000000	0.000000	0.000000	0.000000	0.000000	0.000000	0.000000	1.000000	0.000000	0.000000	0.000000	0.000000	0.000000
0.000000	0.003653	0.000000	0.000000	0.000000	0.000000	0.000000	0.000311	0.080943	0.000000	0.000000	0.000000	0.000000	0.000000	0.007651	0.000000	0.000000	0.000000	0.000000	0.875033	0.000000	0.032410	0.000000	0.000000	0.000000	0.000000	0.000000	0.000000	0.000000	0.000000
0.000000	0.000000	0.000000	0.000000	0.000000	0.000000	0.000000	0.000000	0.000000	1.000000	0.000000	0.000000	0.000000	0.000000	0.000000	0.000000	0.000000	0.000000	0.000000	0.000000	0.000000	0.000000	0.000000	0.000000	0.000000	0.000000	0.000000	0.000000	0.000000	0.000000
0.000000	0.007282	0.000000	0.000000	0.000000	0.000000	0.000000	0.000200	0.119367	0.000000	0.000000	0.000000	0.000000	0.000000	0.020288	0.000000	0.000000	0.000000	0.000000	0.727683	0.000000	0.125179	0.000000	0.000000	0.000000	0.000000	0.000000	0.000000	0.000000	0.000000
0.000000	0.000000	0.000000	0.000000	0.000000	0.000000	0.000000	0.000000	0.000000	0.000000	0.000000	0.000000	0.000000	0.000000	0.000000	0.000000	0.000000	0.000000	0.000000	0.000000	0.000000	0.000000	0.000000	0.000000	0.000000	1.000000	0.000000	0.000000	0.000000	0.000000
0.000000	0.000000	0.000000	0.000000	0.000000	0.000000	0.000000	0.000000	0.000000	0.000000	0.000000	0.000000	0.000000	0.000000	0.000000	1.000000	0.000000	0.000000	0.000000	0.000000	0.000000	0.000000	0.000000	0.000000	0.000000	0.000000	0.000000	0.000000	0.000000	0.000000
0.000000	0.000000	0.000000	0.000000	0.000000	0.000000	0.000000	0.000000	0.000000	0.000000	0.000000	0.000000	0.000000	0.000000	0.000000	0.000000	0.000000	0.000000	0.000000	0.000000	0.000000	0.000000	0.000000	1.000000	0.000000	0.000000	0.000000	0.000000	0.000000	0.000000
0.000000	0.022932	0.000000	0.000000	0.000000	0.000000	0.000000	0.000559	0.251659	0.000000	0.000000	0.000000	0.000000	0.000000	0.008185	0.000000	0.000000	0.000000	0.000000	0.674054	0.000000	0.042612	0.000000	0.000000	0.000000	0.000000	0.000000	0.000000	0.000000	0.000000
0.000000	0.006498	0.000000	0.000000	0.000000	0.000000	0.000000	0.001970	0.213879	0.000000	0.000000	0.000000	0.000000	0.000000	0.005624	0.000000	0.000000	0.000000	0.000000	0.751919	0.000000	0.020110	0.000000	0.000000	0.000000	0.000000	0.000000	0.000000	0.000000	0.000000
0.000000	0.007150	0.000000	0.000000	0.000000	0.000000	0.000000	0.001636	0.194222	0.000000	0.000000	0.000000	0.000000	0.000000	0.006076	0.000000	0.000000	0.000000	0.000000	0.767478	0.000000	0.023439	0.000000	0.000000	0.000000	0.000000	0.000000	0.000000	0.000000	0.000000
0.000000	0.005480	0.000000	0.000000	0.000000	0.000000	0.000000	0.000396	0.101364	0.000000	0.000000	0.000000	0.000000	0.000000	0.007620	0.000000	0.000000	0.000000	0.000000	0.852278	0.000000	0.032862	0.000000	0.000000	0.000000	0.000000	0.000000	0.000000	0.000000	0.000000
0.000000	0.003653	0.000000	0.000000	0.000000	0.000000	0.000000	0.000311	0.080943	0.000000	0.000000	0.000000	0.000000	0.000000	0.007651	0.000000	0.000000	0.000000	0.000000	0.875033	0.000000	0.032410	0.000000	0.000000	0.000000	0.000000	0.000000	0.000000	0.000000	0.000000
0.000000	0.000000	0.000000	0.000000	0.000000	0.000000	0.000000	0.000000	0.000000	0.000000	0.000000	0.000000	0.000000	0.000000	0.000000	0.000000	0.000000	0.000000	1.000000	0.000000	0.000000	0.000000	0.000000	0.000000	0.000000	0.000000	0.000000	0.000000	0.000000	0.000000
0.000000	0.000000	0.000000	0.000000	0.000000	0.000000	0.000000	0.000000	0.000000	0.000000	0.000000	0.000000	1.000000	0.000000	0.000000	0.000000	0.000000	0.000000	0.000000	0.000000	0.000000	0.000000	0.000000	0.000000	0.000000	0.000000	0.000000	0.000000	0.000000	0.000000
1.000000	0.000000	0.000000	0.000000	0.000000	0.000000	0.000000	0.000000	0.000000	0.000000	0.000000	0.000000	0.000000	0.000000	0.000000	0.000000	0.000000	0.000000	0.000000	0.000000	0.000000	0.000000	0.000000	0.000000	0.000000	0.000000	0.000000	0.000000	0.000000	0.000000
0.000000	0.000000	0.000000	0.000000	0.000000	1.000000	0.000000	0.000000	0.000000	0.000000	0.000000	0.000000	0.000000	0.000000	0.000000	0.000000	0.000000	0.000000	0.000000	0.000000	0.000000	0.000000	0.000000	0.000000	0.000000	0.000000	0.000000	0.000000	0.000000	0.000000
0.000000	0.000000	0.000000	0.000000	0.000000	0.000000	0.000000	0.000000	0.000000	0.000000	0.000000	0.000000	0.000000	0.000000	0.000000	0.000000	0.000000	0.000000	0.000000	0.000000	0.000000	0.000000	1.000000	0.000000	0.000000	0.000000	0.000000	0.000000	0.000000	0.000000
0.000000	0.005480	0.000000	0.000000	0.000000	0.000000	0.000000	0.000396	0.101364	0.000000	0.000000	0.000000	0.000000	0.000000	0.007620	0.000000	0.000000	0.000000	0.000000	0.852278	0.000000	0.032862	0.000000	0.000000	0.000000	0.000000	0.000000	0.000000	0.000000	0.000000
0.000000	0.006224	0.000000	0.000000	0.000000	0.000000	0.000000	0.000212	0.108272	0.000000	0.000000	0.000000	0.000000	0.000000	0.017965	0.000000	0.000000	0.000000	0.000000	0.759402	0.000000	0.107925	0.000000	0.000000	0.000000	0.000000	0.000000	0.000000	0.000000	0.000000
0.000000	0.003119	0.000000	0.000000	0.000000	0.000000	0.000000	0.000269	0.072590	0.000000	0.000000	0.000000	0.000000	0.000000	0.007283	0.000000	0.000000	0.000000	0.000000	0.887158	0.000000	0.029580	0.000000	0.000000	0.000000	0.000000	0.000000	0.000000	0.000000	0.000000
0.000000	0.018963	0.000000	0.000000	0.000000	0.000000	0.000000	0.000596	0.214563	0.000000	0.000000	0.000000	0.000000	0.000000	0.008206	0.000000	0.000000	0.000000	0.000000	0.716443	0.000000	0.041228	0.000000	0.000000	0.000000	0.000000	0.000000	0.000000	0.000000	0.000000
0.000000	0.035714	0.000000	0.000000	0.000000	0.000000	0.000000	0.000528	0.262070	0.000000	0.000000	0.000000	0.000000	0.000000	0.008106	0.000000	0.000000	0.000000	0.000000	0.651154	0.000000	0.042428	0.000000	0.000000	0.000000	0.000000	0.000000	0.000000	0.000000	0.000000
0.000000	0.003653	0.000000	0.000000	0.000000	0.000000	0.000000	0.000311	0.080943	0.000000	0.000000	0.000000	0.000000	0.000000	0.007651	0.000000	0.000000	0.000000	0.000000	0.875033	0.000000	0.032410	0.000000	0.000000	0.000000	0.000000	0.000000	0.000000	0.000000	0.000000
0.000000	0.018963	0.000000	0.000000	0.000000	0.000000	0.000000	0.000596	0.214563	0.000000	0.000000	0.000000	0.000000	0.000000	0.008206	0.000000	0.000000	0.000000	0.000000	0.716443	0.000000	0.041228	0.000000	0.000000	0.000000	0.000000	0.000000	0.000000	0.000000	0.000000
0.000000	0.003613	0.000000	0.000000	0.000000	0.000000	0.000000	0.000308	0.080296	0.000000	0.000000	0.000000	0.000000	0.000000	0.007622	0.000000	0.000000	0.000000	0.000000	0.875973	0.000000	0.032188	0.000000	0.000000	0.000000	0.000000	0.000000	0.000000	0.000000	0.000000
0.000000	0.000000	0.000000	0.000000	0.000000	0.000000	0.000000	0.000000	0.000000	0.000000	0.000000	1.000000	0.000000	0.000000	0.000000	0.000000	0.000000	0.000000	0.000000	0.000000	0.000000	0.000000	0.000000	0.000000	0.000000	0.000000	0.000000	0.000000	0.000000	0.000000
0.000000	0.000000	0.000000	0.000000	0.000000	0.000000	1.000000	0.000000	0.000000	0.000000	0.000000	0.000000	0.000000	0.000000	0.000000	0.000000	0.000000	0.000000	0.000000	0.000000	0.000000	0.000000	0.000000	0.000000	0.000000	0.000000	0.000000	0.000000	0.000000	0.000000
0.000000	0.000000	0.000000	0.000000	0.000000	0.000000	1.000000	0.000000	0.000000	0.000000	0.000000	0.000000	0.000000	0.000000	0.000000	0.000000	0.000000	0.000000	0.000000	0.000000	0.000000	0.000000	0.000000	0.000000	0.000000	0.000000	0.000000	0.000000	0.000000	0.000000
0.000000	0.000000	0.000000	0.000000	0.000000	0.000000	0.000000	0.000000	0.000000	0.000000	0.000000	0.000000	0.000000	0.000000	0.000000	0.000000	1.000000	0.000000	0.000000	0.000000	0.000000	0.000000	0.000000	0.000000	0.000000	0.000000	0.000000	0.000000	0.000000	0.000000
0.000000	0.005480	0.000000	0.000000	0.000000	0.000000	0.000000	0.000396	0.101364	0.000000	0.000000	0.000000	0.000000	0.000000	0.007620	0.000000	0.000000	0.000000	0.000000	0.852278	0.000000	0.032862	0.000000	0.000000	0.000000	0.000000	0.000000	0.000000	0.000000	0.000000
0.000000	0.003653	0.000000	0.000000	0.000000	0.000000	0.000000	0.000311	0.080943	0.000000	0.000000	0.000000	0.000000	0.000000	0.007651	0.000000	0.000000	0.000000	0.000000	0.875033	0.000000	0.032410	0.000000	0.000000	0.000000	0.000000	0.000000	0.000000	0.000000	0.000000
0.000000	0.003653	0.000000	0.000000	0.000000	0.000000	0.000000	0.000311	0.080943	0.000000	0.000000	0.000000	0.000000	0.000000	0.007651	0.000000	0.000000	0.000000	0.000000	0.875033	0.000000	0.032410	0.000000	0.000000	0.000000	0.000000	0.000000	0.000000	0.000000	0.000000
0.000000	0.003653	0.000000	0.000000	0.000000	0.000000	0.000000	0.000311	0.080943	0.000000	0.000000	0.000000	0.000000	0.000000	0.007651	0.000000	0.000000	0.000000	0.000000	0.875033	0.000000	0.032410	0.000000	0.000000	0.000000	0.000000	0.000000	0.000000	0.000000	0.000000
0.000000	0.003653	0.000000	0.000000	0.000000	0.000000	0.000000	0.000311	0.080943	0.000000	0.000000	0.000000	0.000000	0.000000	0.007651	0.000000	0.000000	0.000000	0.000000	0.875033	0.000000	0.032410	0.000000	0.000000	0.000000	0.000000	0.000000	0.000000	0.000000	0.000000
0.000000	0.003653	0.000000	0.000000	0.000000	0.000000	0.000000	0.000311	0.080943	0.000000	0.000000	0.000000	0.000000	0.000000	0.007651	0.000000	0.000000	0.000000	0.000000	0.875033	0.000000	0.032410	0.000000	0.000000	0.000000	0.000000	0.000000	0.000000	0.000000	0.000000
0.000000	0.007336	0.000000	0.000000	0.000000	0.000000	0.000000	0.001497	0.188484	0.000000	0.000000	0.000000	0.000000	0.000000	0.006207	0.000000	0.000000	0.000000	0.000000	0.772122	0.000000	0.024354	0.000000	0.000000	0.000000	0.000000	0.000000	0.000000	0.000000	0.000000
0.000000	0.000000	0.000000	0.000000	0.000000	0.000000	0.000000	0.000000	0.000000	0.000000	0.000000	0.000000	0.000000	0.000000	0.000000	1.000000	0.000000	0.000000	0.000000	0.000000	0.000000	0.000000	0.000000	0.000000	0.000000	0.000000	0.000000	0.000000	0.000000	0.000000
0.000000	0.003627	0.000000	0.000000	0.000000	0.000000	0.000000	0.000308	0.080516	0.000000	0.000000	0.000000	0.000000	0.000000	0.007715	0.000000	0.000000	0.000000	0.000000	0.874972	0.000000	0.032862	0.000000	0.000000	0.000000	0.000000	0.000000	0.000000	0.000000	0.000000
0.000000	0.006539	0.000000	0.000000	0.000000	0.000000	0.000000	0.002072	0.213053	0.000000	0.000000	0.000000	0.000000	0.000000	0.005630	0.000000	0.000000	0.000000	0.000000	0.752360	0.000000	0.020345	0.000000	0.000000	0.000000	0.000000	0.000000	0.000000	0.000000	0.000000
0.000000	0.000000	0.000000	0.000000	0.000000	0.000000	0.000000	0.000000	0.000000	0.000000	0.000000	0.000000	0.000000	0.000000	0.000000	0.000000	0.000000	0.000000	1.000000	0.000000	0.000000	0.000000	0.000000	0.000000	0.000000	0.000000	0.000000	0.000000	0.000000	0.000000
0.000000	0.009466	0.000000	0.000000	0.000000	0.000000	0.000000	0.001075	0.177971	0.000000	0.000000	0.000000	0.000000	0.000000	0.006866	0.000000	0.000000	0.000000	0.000000	0.775257	0.000000	0.029365	0.000000	0.000000	0.000000	0.000000	0.000000	0.000000	0.000000	0.000000
0.000000	0.006095	0.000000	0.000000	0.000000	0.000000	0.000000	0.000201	0.107031	0.000000	0.000000	0.000000	0.000000	0.000000	0.019038	0.000000	0.000000	0.000000	0.000000	0.751825	0.000000	0.115811	0.000000	0.000000	0.000000	0.000000	0.000000	0.000000	0.000000	0.000000
0.000000	0.005480	0.000000	0.000000	0.000000	0.000000	0.000000	0.000396	0.101364	0.000000	0.000000	0.000000	0.000000	0.000000	0.007620	0.000000	0.000000	0.000000	0.000000	0.852278	0.000000	0.032862	0.000000	0.000000	0.000000	0.000000	0.000000	0.000000	0.000000	0.000000
0.000000	0.009466	0.000000	0.000000	0.000000	0.000000	0.000000	0.001075	0.177971	0.000000	0.000000	0.000000	0.000000	0.000000	0.006866	0.000000	0.000000	0.000000	0.000000	0.775257	0.000000	0.029365	0.000000	0.000000	0.000000	0.000000	0.000000	0.000000	0.000000	0.000000
0.000000	0.003653	0.000000	0.000000	0.000000	0.000000	0.000000	0.000311	0.080943	0.000000	0.000000	0.000000	0.000000	0.000000	0.007651	0.000000	0.000000	0.000000	0.000000	0.875033	0.000000	0.032410	0.000000	0.000000	0.000000	0.000000	0.000000	0.000000	0.000000	0.000000
0.000000	0.000000	0.000000	0.000000	0.000000	0.000000	0.000000	0.000000	0.000000	0.000000	1.000000	0.000000	0.000000	0.000000	0.000000	0.000000	0.000000	0.000000	0.000000	0.000000	0.000000	0.000000	0.000000	0.000000	0.000000	0.000000	0.000000	0.000000	0.000000	0.000000
0.000000	0.003653	0.000000	0.000000	0.000000	0.000000	0.000000	0.000311	0.080943	0.000000	0.000000	0.000000	0.000000	0.000000	0.007651	0.000000	0.000000	0.000000	0.000000	0.875033	0.000000	0.032410	0.000000	0.000000	0.000000	0.000000	0.000000	0.000000	0.000000	0.000000
0.000000	0.007336	0.000000	0.000000	0.000000	0.000000	0.000000	0.001497	0.188484	0.000000	0.000000	0.000000	0.000000	0.000000	0.006207	0.000000	0.000000	0.000000	0.000000	0.772122	0.000000	0.024354	0.000000	0.000000	0.000000	0.000000	0.000000	0.000000	0.000000	0.000000
0.000000	0.003653	0.000000	0.000000	0.000000	0.000000	0.000000	0.000311	0.080943	0.000000	0.000000	0.000000	0.000000	0.000000	0.007651	0.000000	0.000000	0.000000	0.000000	0.875033	0.000000	0.032410	0.000000	0.000000	0.000000	0.000000	0.000000	0.000000	0.000000	0.000000
0.000000	0.003119	0.000000	0.000000	0.000000	0.000000	0.000000	0.000269	0.072590	0.000000	0.000000	0.000000	0.000000	0.000000	0.007283	0.000000	0.000000	0.000000	0.000000	0.887158	0.000000	0.029580	0.000000	0.000000	0.000000	0.000000	0.000000	0.000000	0.000000	0.000000
0.000000	0.000000	0.000000	0.000000	0.000000	0.000000	0.000000	0.000000	0.000000	0.000000	0.000000	0.000000	0.000000	1.000000	0.000000	0.000000	0.000000	0.000000	0.000000	0.000000	0.000000	0.000000	0.000000	0.000000	0.000000	0.000000	0.000000	0.000000	0.000000	0.000000
0.000000	0.004502	0.000000	0.000000	0.000000	0.000000	0.000000	0.000582	0.105596	0.000000	0.000000	0.000000	0.000000	0.000000	0.007323	0.000000	0.000000	0.000000	0.000000	0.851407	0.000000	0.030589	0.000000	0.000000	0.000000	0.000000	0.000000	0.000000	0.000000	0.000000
0.000000	0.000000	0.000000	0.000000	0.000000	0.000000	0.000000	0.000000	0.000000	0.000000	0.000000	0.000000	0.000000	0.000000	0.000000	1.000000	0.000000	0.000000	0.000000	0.000000	0.000000	0.000000	0.000000	0.000000	0.000000	0.000000	0.000000	0.000000	0.000000	0.000000
0.000000	0.005598	0.000000	0.000000	0.000000	0.000000	0.000000	0.000157	0.102813	0.000000	0.000000	0.000000	0.000000	0.000000	0.022861	0.000000	0.000000	0.000000	0.000000	0.724990	0.000000	0.143581	0.000000	0.000000	0.000000	0.000000	0.000000	0.000000	0.000000	0.000000
0.000000	0.007282	0.000000	0.000000	0.000000	0.000000	0.000000	0.000200	0.119367	0.000000	0.000000	0.000000	0.000000	0.000000	0.020288	0.000000	0.000000	0.000000	0.000000	0.727683	0.000000	0.125179	0.000000	0.000000	0.000000	0.000000	0.000000	0.000000	0.000000	0.000000
0.000000	0.000000	0.000000	0.000000	0.000000	0.000000	0.000000	0.000000	0.000000	0.000000	0.000000	0.000000	0.000000	0.000000	0.000000	0.000000	0.000000	0.000000	0.000000	0.000000	0.000000	0.000000	0.000000	0.000000	0.000000	0.000000	0.000000	1.000000	0.000000	0.000000
0.000000	0.003402	0.000000	0.000000	0.000000	0.000000	0.000000	0.000265	0.076643	0.000000	0.000000	0.000000	0.000000	0.000000	0.008862	0.000000	0.000000	0.000000	0.000000	0.869766	0.000000	0.041063	0.000000	0.000000	0.000000	0.000000	0.000000	0.000000	0.000000	0.000000
0.000000	0.003402	0.000000	0.000000	0.000000	0.000000	0.000000	0.000265	0.076643	0.000000	0.000000	0.000000	0.000000	0.000000	0.008862	0.000000	0.000000	0.000000	0.000000	0.869766	0.000000	0.041063	0.000000	0.000000	0.000000	0.000000	0.000000	0.000000	0.000000	0.000000
0.000000	0.000000	0.000000	0.000000	0.000000	0.000000	0.000000	0.000000	0.000000	0.000000	1.000000	0.000000	0.000000	0.000000	0.000000	0.000000	0.000000	0.000000	0.000000	0.000000	0.000000	0.000000	0.000000	0.000000	0.000000	0.000000	0.000000	0.000000	0.000000	0.000000
0.000000	0.003653	0.000000	0.000000	0.000000	0.000000	0.000000	0.000311	0.080943	0.000000	0.000000	0.000000	0.000000	0.000000	0.007651	0.000000	0.000000	0.000000	0.000000	0.875033	0.000000	0.032410	0.000000	0.000000	0.000000	0.000000	0.000000	0.000000	0.000000	0.000000
0.000000	0.003601	0.000000	0.000000	0.000000	0.000000	0.000000	0.000307	0.080022	0.000000	0.000000	0.000000	0.000000	0.000000	0.007614	0.000000	0.000000	0.000000	0.000000	0.876375	0.000000	0.032082	0.000000	0.000000	0.000000	0.000000	0.000000	0.000000	0.000000	0.000000
0.000000	0.003613	0.000000	0.000000	0.000000	0.000000	0.000000	0.000308	0.080296	0.000000	0.000000	0.000000	0.000000	0.000000	0.007622	0.000000	0.000000	0.000000	0.000000	0.875973	0.000000	0.032188	0.000000	0.000000	0.000000	0.000000	0.000000	0.000000	0.000000	0.000000
0.000000	0.000000	0.000000	0.000000	1.000000	0.000000	0.000000	0.000000	0.000000	0.000000	0.000000	0.000000	0.000000	0.000000	0.000000	0.000000	0.000000	0.000000	0.000000	0.000000	0.000000	0.000000	0.000000	0.000000	0.000000	0.000000	0.000000	0.000000	0.000000	0.000000
0.000000	0.003653	0.000000	0.000000	0.000000	0.000000	0.000000	0.000311	0.080943	0.000000	0.000000	0.000000	0.000000	0.000000	0.007651	0.000000	0.000000	0.000000	0.000000	0.875033	0.000000	0.032410	0.000000	0.000000	0.000000	0.000000	0.000000	0.000000	0.000000	0.000000
0.000000	0.000000	0.000000	0.000000	1.000000	0.000000	0.000000	0.000000	0.000000	0.000000	0.000000	0.000000	0.000000	0.000000	0.000000	0.000000	0.000000	0.000000	0.000000	0.000000	0.000000	0.000000	0.000000	0.000000	0.000000	0.000000	0.000000	0.000000	0.000000	0.000000
0.000000	0.003653	0.000000	0.000000	0.000000	0.000000	0.000000	0.000311	0.080943	0.000000	0.000000	0.000000	0.000000	0.000000	0.007651	0.000000	0.000000	0.000000	0.000000	0.875033	0.000000	0.032410	0.000000	0.000000	0.000000	0.000000	0.000000	0.000000	0.000000	0.000000
0.000000	0.003653	0.000000	0.000000	0.000000	0.000000	0.000000	0.000311	0.080943	0.000000	0.000000	0.000000	0.000000	0.000000	0.007651	0.000000	0.000000	0.000000	0.000000	0.875033	0.000000	0.032410	0.000000	0.000000	0.000000	0.000000	0.000000	0.000000	0.000000	0.000000
0.000000	0.003653	0.000000	0.000000	0.000000	0.000000	0.000000	0.000311	0.080943	0.000000	0.000000	0.000000	0.000000	0.000000	0.007651	0.000000	0.000000	0.000000	0.000000	0.875033	0.000000	0.032410	0.000000	0.000000	0.000000	0.000000	0.000000	0.000000	0.000000	0.000000
0.000000	0.003653	0.000000	0.000000	0.000000	0.000000	0.000000	0.000311	0.080943	0.000000	0.000000	0.000000	0.000000	0.000000	0.007651	0.000000	0.000000	0.000000	0.000000	0.875033	0.000000	0.032410	0.000000	0.000000	0.000000	0.000000	0.000000	0.000000	0.000000	0.000000
0.000000	0.003912	0.000000	0.000000	0.000000	0.000000	0.000000	0.000291	0.083689	0.000000	0.000000	0.000000	0.000000	0.000000	0.009339	0.000000	0.000000	0.000000	0.000000	0.858041	0.000000	0.044728	0.000000	0.000000	0.000000	0.000000	0.000000	0.000000	0.000000	0.000000
0.000000	0.002885	0.000000	0.000000	0.000000	0.000000	0.000000	0.000244	0.067519	0.000000	0.000000	0.000000	0.000000	0.000000	0.007111	0.000000	0.000000	0.000000	0.000000	0.894583	0.000000	0.027658	0.000000	0.000000	0.000000	0.000000	0.000000	0.000000	0.000000	0.000000
0.000000	0.003653	0.000000	0.000000	0.000000	0.000000	0.000000	0.000311	0.080943	0.000000	0.000000	0.000000	0.000000	0.000000	0.007651	0.000000	0.000000	0.000000	0.000000	0.875033	0.000000	0.032410	0.000000	0.000000	0.000000	0.000000	0.000000	0.000000	0.000000	0.000000
0.000000	0.002885	0.000000	0.000000	0.000000	0.000000	0.000000	0.000244	0.067519	0.000000	0.000000	0.000000	0.000000	0.000000	0.007111	0.000000	0.000000	0.000000	0.000000	0.894583	0.000000	0.027658	0.000000	0.000000	0.000000	0.000000	0.000000	0.000000	0.000000	0.000000
0.000000	0.003653	0.000000	0.000000	0.000000	0.000000	0.000000	0.000311	0.080943	0.000000	0.000000	0.000000	0.000000	0.000000	0.007651	0.000000	0.000000	0.000000	0.000000	0.875033	0.000000	0.032410	0.000000	0.000000	0.000000	0.000000	0.000000	0.000000	0.000000	0.000000
0.000000	0.003653	0.000000	0.000000	0.000000	0.000000	0.000000	0.000311	0.080943	0.000000	0.000000	0.000000	0.000000	0.000000	0.007651	0.000000	0.000000	0.000000	0.000000	0.875033	0.000000	0.032410	0.000000	0.000000	0.000000	0.000000	0.000000	0.000000	0.000000	0.000000
0.000000	0.003653	0.000000	0.000000	0.000000	0.000000	0.000000	0.000311	0.080943	0.000000	0.000000	0.000000	0.000000	0.000000	0.007651	0.000000	0.000000	0.000000	0.000000	0.875033	0.000000	0.032410	0.000000	0.000000	0.000000	0.000000	0.000000	0.000000	0.000000	0.000000
0.000000	0.024928	0.000000	0.000000	0.000000	0.000000	0.000000	0.000531	0.253264	0.000000	0.000000	0.000000	0.000000	0.000000	0.008750	0.000000	0.000000	0.000000	0.000000	0.665750	0.000000	0.046778	0.000000	0.000000	0.000000	0.000000	0.000000	0.000000	0.000000	0.000000
0.000000	0.005598	0.000000	0.000000	0.000000	0.000000	0.000000	0.000157	0.102813	0.000000	0.000000	0.000000	0.000000	0.000000	0.022861	0.000000	0.000000	0.000000	0.000000	0.724990	0.000000	0.143581	0.000000	0.000000	0.000000	0.000000	0.000000	0.000000	0.000000	0.000000
0.000000	0.003653	0.000000	0.000000	0.000000	0.000000	0.000000	0.000311	0.080943	0.000000	0.000000	0.000000	0.000000	0.000000	0.007651	0.000000	0.000000	0.000000	0.000000	0.875033	0.000000	0.032410	0.000000	0.000000	0.000000	0.000000	0.000000	0.000000	0.000000	0.000000
0.000000	0.018963	0.000000	0.000000	0.000000	0.000000	0.000000	0.000596	0.214563	0.000000	0.000000	0.000000	0.000000	0.000000	0.008206	0.000000	0.000000	0.000000	0.000000	0.716443	0.000000	0.041228	0.000000	0.000000	0.000000	0.000000	0.000000	0.000000	0.000000	0.000000
0.000000	0.018963	0.000000	0.000000	0.000000	0.000000	0.000000	0.000596	0.214563	0.000000	0.000000	0.000000	0.000000	0.000000	0.008206	0.000000	0.000000	0.000000	0.000000	0.716443	0.000000	0.041228	0.000000	0.000000	0.000000	0.000000	0.000000	0.000000	0.000000	0.000000
0.000000	0.007336	0.000000	0.000000	0.000000	0.000000	0.000000	0.001497	0.188484	0.000000	0.000000	0.000000	0.000000	0.000000	0.006207	0.000000	0.000000	0.000000	0.000000	0.772122	0.000000	0.024354	0.000000	0.000000	0.000000	0.000000	0.000000	0.000000	0.000000	0.000000
0.000000	0.203851	0.000000	0.000000	0.000000	0.000000	0.000000	0.000265	0.325440	0.000000	0.000000	0.000000	0.000000	0.000000	0.005892	0.000000	0.000000	0.000000	0.000000	0.436229	0.000000	0.028323	0.000000	0.000000	0.000000	0.000000	0.000000	0.000000	0.000000	0.000000
0.000000	0.203851	0.000000	0.000000	0.000000	0.000000	0.000000	0.000265	0.325440	0.000000	0.000000	0.000000	0.000000	0.000000	0.005892	0.000000	0.000000	0.000000	0.000000	0.436229	0.000000	0.028323	0.000000	0.000000	0.000000	0.000000	0.000000	0.000000	0.000000	0.000000
0.000000	0.137513	0.000000	0.000000	0.000000	0.000000	0.000000	0.000364	0.306629	0.000000	0.000000	0.000000	0.000000	0.000000	0.006702	0.000000	0.000000	0.000000	0.000000	0.515100	0.000000	0.033692	0.000000	0.000000	0.000000	0.000000	0.000000	0.000000	0.000000	0.000000
0.000000	0.000000	0.000000	0.000000	0.000000	0.000000	0.000000	0.000000	0.000000	0.000000	0.000000	0.000000	0.000000	0.000000	0.000000	0.000000	1.000000	0.000000	0.000000	0.000000	0.000000	0.000000	0.000000	0.000000	0.000000	0.000000	0.000000	0.000000	0.000000	0.000000
0.000000	0.000000	0.000000	0.000000	0.000000	0.000000	0.000000	0.000000	0.000000	0.000000	0.000000	0.000000	0.000000	0.000000	0.000000	0.000000	0.000000	0.000000	0.000000	0.000000	0.000000	1.000000	0.000000	0.000000	0.000000	0.000000	0.000000	0.000000	0.000000	0.000000
0.000000	0.007232	0.000000	0.000000	0.000000	0.000000	0.000000	0.001555	0.191626	0.000000	0.000000	0.000000	0.000000	0.000000	0.006137	0.000000	0.000000	0.000000	0.000000	0.769611	0.000000	0.023838	0.000000	0.000000	0.000000	0.000000	0.000000	0.000000	0.000000	0.000000
0.000000	0.006095	0.000000	0.000000	0.000000	0.000000	0.000000	0.000201	0.107031	0.000000	0.000000	0.000000	0.000000	0.000000	0.019038	0.000000	0.000000	0.000000	0.000000	0.751825	0.000000	0.115811	0.000000	0.000000	0.000000	0.000000	0.000000	0.000000	0.000000	0.000000
0.000000	0.005238	0.000000	0.000000	0.000000	0.000000	0.000000	0.000206	0.098345	0.000000	0.000000	0.000000	0.000000	0.000000	0.017291	0.000000	0.000000	0.000000	0.000000	0.776153	0.000000	0.102767	0.000000	0.000000	0.000000	0.000000	0.000000	0.000000	0.000000	0.000000
0.000000	0.000000	0.000000	0.000000	0.000000	0.000000	0.000000	0.000000	0.000000	0.000000	0.000000	0.000000	0.000000	0.000000	0.000000	0.000000	0.000000	0.000000	1.000000	0.000000	0.000000	0.000000	0.000000	0.000000	0.000000	0.000000	0.000000	0.000000	0.000000	0.000000
0.000000	0.003912	0.000000	0.000000	0.000000	0.000000	0.000000	0.000291	0.083689	0.000000	0.000000	0.000000	0.000000	0.000000	0.009339	0.000000	0.000000	0.000000	0.000000	0.858041	0.000000	0.044728	0.000000	0.000000	0.000000	0.000000	0.000000	0.000000	0.000000	0.000000
0.000000	0.025713	0.000000	0.000000	0.000000	0.000000	0.000000	0.000544	0.258346	0.000000	0.000000	0.000000	0.000000	0.000000	0.008226	0.000000	0.000000	0.000000	0.000000	0.663989	0.000000	0.043181	0.000000	0.000000	0.000000	0.000000	0.000000	0.000000	0.000000	0.000000
0.000000	0.000000	0.000000	0.000000	0.000000	0.000000	0.000000	0.000000	0.000000	0.000000	1.000000	0.000000	0.000000	0.000000	0.000000	0.000000	0.000000	0.000000	0.000000	0.000000	0.000000	0.000000	0.000000	0.000000	0.000000	0.000000	0.000000	0.000000	0.000000	0.000000
0.000000	0.025033	0.000000	0.000000	0.000000	0.000000	0.000000	0.000529	0.252117	0.000000	0.000000	0.000000	0.000000	0.000000	0.008808	0.000000	0.000000	0.000000	0.000000	0.666364	0.000000	0.047149	0.000000	0.000000	0.000000	0.000000	0.000000	0.000000	0.000000	0.000000
1.000000	0.000000	0.000000	0.000000	0.000000	0.000000	0.000000	0.000000	0.000000	0.000000	0.000000	0.000000	0.000000	0.000000	0.000000	0.000000	0.000000	0.000000	0.000000	0.000000	0.000000	0.000000	0.000000	0.000000	0.000000	0.000000	0.000000	0.000000	0.000000	0.000000
0.000000	0.007150	0.000000	0.000000	0.000000	0.000000	0.000000	0.001636	0.194222	0.000000	0.000000	0.000000	0.000000	0.000000	0.006076	0.000000	0.000000	0.000000	0.000000	0.767478	0.000000	0.023439	0.000000	0.000000	0.000000	0.000000	0.000000	0.000000	0.000000	0.000000
0.000000	0.003922	0.000000	0.000000	0.000000	0.000000	0.000000	0.000296	0.083926	0.000000	0.000000	0.000000	0.000000	0.000000	0.009139	0.000000	0.000000	0.000000	0.000000	0.859433	0.000000	0.043284	0.000000	0.000000	0.000000	0.000000	0.000000	0.000000	0.000000	0.000000
0.000000	0.025033	0.000000	0.000000	0.000000	0.000000	0.000000	0.000529	0.252117	0.000000	0.000000	0.000000	0.000000	0.000000	0.008808	0.000000	0.000000	0.000000	0.000000	0.666364	0.000000	0.047149	0.000000	0.000000	0.000000	0.000000	0.000000	0.000000	0.000000	0.000000
0.000000	0.000000	0.000000	0.000000	0.000000	0.000000	0.000000	0.000000	0.000000	0.000000	0.000000	0.000000	0.000000	0.000000	0.000000	0.000000	0.000000	0.000000	0.000000	0.000000	1.000000	0.000000	0.000000	0.000000	0.000000	0.000000	0.000000	0.000000	0.000000	0.000000
0.000000	0.000000	0.000000	0.000000	0.000000	0.000000	0.000000	0.000000	0.000000	0.000000	0.000000	0.000000	0.000000	0.000000	0.000000	1.000000	0.000000	0.000000	0.000000	0.000000	0.000000	0.000000	0.000000	0.000000	0.000000	0.000000	0.000000	0.000000	0.000000	0.000000
0.000000	0.003653	0.000000	0.000000	0.000000	0.000000	0.000000	0.000311	0.080943	0.000000	0.000000	0.000000	0.000000	0.000000	0.007651	0.000000	0.000000	0.000000	0.000000	0.875033	0.000000	0.032410	0.000000	0.000000	0.000000	0.000000	0.000000	0.000000	0.000000	0.000000
0.000000	0.003653	0.000000	0.000000	0.000000	0.000000	0.000000	0.000311	0.080943	0.000000	0.000000	0.000000	0.000000	0.000000	0.007651	0.000000	0.000000	0.000000	0.000000	0.875033	0.000000	0.032410	0.000000	0.000000	0.000000	0.000000	0.000000	0.000000	0.000000	0.000000
0.000000	0.006224	0.000000	0.000000	0.000000	0.000000	0.000000	0.000212	0.108272	0.000000	0.000000	0.000000	0.000000	0.000000	0.017965	0.000000	0.000000	0.000000	0.000000	0.759402	0.000000	0.107925	0.000000	0.000000	0.000000	0.000000	0.000000	0.000000	0.000000	0.000000
1.000000	0.000000	0.000000	0.000000	0.000000	0.000000	0.000000	0.000000	0.000000	0.000000	0.000000	0.000000	0.000000	0.000000	0.000000	0.000000	0.000000	0.000000	0.000000	0.000000	0.000000	0.000000	0.000000	0.000000	0.000000	0.000000	0.000000	0.000000	0.000000	0.000000
0.000000	0.000000	0.000000	0.000000	0.000000	0.000000	0.000000	0.000000	0.000000	0.000000	0.000000	0.000000	0.000000	0.000000	0.000000	0.000000	0.000000	0.000000	1.000000	0.000000	0.000000	0.000000	0.000000	0.000000	0.000000	0.000000	0.000000	0.000000	0.000000	0.000000
0.000000	0.006095	0.000000	0.000000	0.000000	0.000000	0.000000	0.000201	0.107031	0.000000	0.000000	0.000000	0.000000	0.000000	0.019038	0.000000	0.000000	0.000000	0.000000	0.751825	0.000000	0.115811	0.000000	0.000000	0.000000	0.000000	0.000000	0.000000	0.000000	0.000000
0.000000	0.007150	0.000000	0.000000	0.000000	0.000000	0.000000	0.001636	0.194222	0.000000	0.000000	0.000000	0.000000	0.000000	0.006076	0.000000	0.000000	0.000000	0.000000	0.767478	0.000000	0.023439	0.000000	0.000000	0.000000	0.000000	0.000000	0.000000	0.000000	0.000000
0.000000	0.005598	0.000000	0.000000	0.000000	0.000000	0.000000	0.000157	0.102813	0.000000	0.000000	0.000000	0.000000	0.000000	0.022861	0.000000	0.000000	0.000000	0.000000	0.724990	0.000000	0.143581	0.000000	0.000000	0.000000	0.000000	0.000000	0.000000	0.000000	0.000000
0.000000	0.009466	0.000000	0.000000	0.000000	0.000000	0.000000	0.001075	0.177971	0.000000	0.000000	0.000000	0.000000	0.000000	0.006866	0.000000	0.000000	0.000000	0.000000	0.775257	0.000000	0.029365	0.000000	0.000000	0.000000	0.000000	0.000000	0.000000	0.000000	0.000000
0.000000	0.000000	0.000000	0.000000	0.000000	0.000000	0.000000	0.000000	0.000000	0.000000	0.000000	0.000000	0.000000	0.000000	0.000000	0.000000	0.000000	0.000000	0.000000	0.000000	0.000000	0.000000	0.000000	1.000000	0.000000	0.000000	0.000000	0.000000	0.000000	0.000000
0.000000	0.014526	0.000000	0.000000	0.000000	0.000000	0.000000	0.000368	0.179823	0.000000	0.000000	0.000000	0.000000	0.000000	0.014683	0.000000	0.000000	0.000000	0.000000	0.703694	0.000000	0.086905	0.000000	0.000000	0.000000	0.000000	0.000000	0.000000	0.000000	0.000000
0.000000	0.024928	0.000000	0.000000	0.000000	0.000000	0.000000	0.000531	0.253264	0.000000	0.000000	0.000000	0.000000	0.000000	0.008750	0.000000	0.000000	0.000000	0.000000	0.665750	0.000000	0.046778	0.000000	0.000000	0.000000	0.000000	0.000000	0.000000	0.000000	0.000000
0.000000	0.000000	0.000000	0.000000	0.000000	1.000000	0.000000	0.000000	0.000000	0.000000	0.000000	0.000000	0.000000	0.000000	0.000000	0.000000	0.000000	0.000000	0.000000	0.000000	0.000000	0.000000	0.000000	0.000000	0.000000	0.000000	0.000000	0.000000	0.000000	0.000000
0.000000	0.007282	0.000000	0.000000	0.000000	0.000000	0.000000	0.000200	0.119367	0.000000	0.000000	0.000000	0.000000	0.000000	0.020288	0.000000	0.000000	0.000000	0.000000	0.727683	0.000000	0.125179	0.000000	0.000000	0.000000	0.000000	0.000000	0.000000	0.000000	0.000000
