0.000000	0.000001	0.448408	0.000000	0.000015	0.000000	0.156152	0.039879	0.000000	0.000000	0.000000	0.000000	0.000000	0.000000	0.000142	0.000000	0.299125	0.000000	0.000000	0.000102	0.000001	0.000062	0.000000	0.000000	0.001487	0.000000	0.051865	0.000000	0.000000	0.002761
0.000000	0.000001	0.449157	0.000000	0.000015	0.000000	0.151598	0.039893	0.000000	0.000000	0.000000	0.000000	0.000000	0.000000	0.000142	0.000000	0.302444	0.000000	0.000000	0.000102	0.000001	0.000062	0.000000	0.000000	0.001487	0.000000	0.052337	0.000000	0.000000	0.002762
0.000000	0.000001	0.456189	0.000000	0.000015	0.000000	0.148662	0.039831	0.000000	0.000000	0.000000	0.000000	0.000000	0.000000	0.000142	0.000000	0.298730	0.000000	0.000000	0.000102	0.000001	0.000062	0.000000	0.000000	0.001487	0.000000	0.052016	0.000000	0.000000	0.002761
0.000000	0.000001	0.447064	0.000000	0.000015	0.000000	0.148530	0.039854	0.000000	0.000000	0.000000	0.000000	0.000000	0.000000	0.000142	0.000000	0.308328	0.000000	0.000000	0.000102	0.000001	0.000062	0.000000	0.000000	0.001487	0.000000	0.051652	0.000000	0.000000	0.002761
0.000000	0.000001	0.456697	0.000000	0.000015	0.000000	0.148719	0.039822	0.000000	0.000000	0.000000	0.000000	0.000000	0.000000	0.000142	0.000000	0.298551	0.000000	0.000000	0.000102	0.000001	0.000062	0.000000	0.000000	0.001487	0.000000	0.051639	0.000000	0.000000	0.002761
0.000000	0.000001	0.448638	0.000000	0.000015	0.000000	0.149049	0.047776	0.000000	0.000000	0.000000	0.000000	0.000000	0.000000	0.000142	0.000000	0.298296	0.000000	0.000000	0.000102	0.000001	0.000062	0.000000	0.000000	0.001487	0.000000	0.051669	0.000000	0.000000	0.002761
0.000000	0.000001	0.457357	0.000000	0.000015	0.000000	0.148535	0.039858	0.000000	0.000000	0.000000	0.000000	0.000000	0.000000	0.000142	0.000000	0.297950	0.000000	0.000000	0.000102	0.000001	0.000062	0.000000	0.000000	0.001487	0.000000	0.051728	0.000000	0.000000	0.002761
0.000000	0.000001	0.450681	0.000000	0.000015	0.000000	0.152528	0.040911	0.000000	0.000000	0.000000	0.000000	0.000000	0.000000	0.000142	0.000000	0.299613	0.000000	0.000000	0.000102	0.000001	0.000062	0.000000	0.000000	0.001487	0.000000	0.051695	0.000000	0.000000	0.002761
0.000000	0.000001	0.447529	0.000000	0.000015	0.000000	0.148498	0.039826	0.000000	0.000000	0.000000	0.000000	0.000000	0.000000	0.000142	0.000000	0.307926	0.000000	0.000000	0.000102	0.000001	0.000062	0.000000	0.000000	0.001487	0.000000	0.051649	0.000000	0.000000	0.002761
0.000000	0.000001	0.451520	0.000000	0.000015	0.000000	0.149467	0.039905	0.000000	0.000000	0.000000	0.000000	0.000000	0.000000	0.000142	0.000000	0.302840	0.000000	0.000000	0.000102	0.000001	0.000062	0.000000	0.000000	0.001487	0.000000	0.051694	0.000000	0.000000	0.002762
0.000000	0.000001	0.450845	0.000000	0.000019	0.000000	0.149029	0.039969	0.000000	0.000000	0.000000	0.000000	0.000000	0.000000	0.000176	0.000000	0.302513	0.000000	0.000000	0.000127	0.000001	0.000077	0.000000	0.000000	0.001844	0.000000	0.051975	0.000000	0.000000	0.003424
0.000000	0.000001	0.446728	0.000000	0.000015	0.000000	0.149350	0.039830	0.000000	0.000000	0.000000	0.000000	0.000000	0.000000	0.000142	0.000000	0.307461	0.000000	0.000000	0.000102	0.000001	0.000062	0.000000	0.000000	0.001487	0.000000	0.052060	0.000000	0.000000	0.002761
0.000000	0.000001	0.444689	0.000000	0.000015	0.000000	0.161373	0.039822	0.000000	0.000000	0.000000	0.000000	0.000000	0.000000	0.000142	0.000000	0.297773	0.000000	0.000000	0.000102	0.000001	0.000062	0.000000	0.000000	0.001487	0.000000	0.051771	0.000000	0.000000	0.002761
0.000000	0.000000	0.000000	0.000000	0.000000	0.000000	0.000000	0.000000	0.000000	0.529991	0.000000	0.151681	0.000000	0.000000	0.000000	0.000000	0.000000	0.000000	0.000000	0.000000	0.000000	0.000000	0.000000	0.318328	0.000000	0.000000	0.000000	0.000000	0.000000	0.000000
0.000000	0.000001	0.447233	0.000000	0.000015	0.000000	0.148495	0.039829	0.000000	0.000000	0.000000	0.000000	0.000000	0.000000	0.000142	0.000000	0.308211	0.000000	0.000000	0.000102	0.000001	0.000062	0.000000	0.000000	0.001487	0.000000	0.051659	0.000000	0.000000	0.002761
0.000000	0.000001	0.457080	0.000000	0.000015	0.000000	0.148642	0.039841	0.000000	0.000000	0.000000	0.000000	0.000000	0.000000	0.000142	0.000000	0.298218	0.000000	0.000000	0.000102	0.000001	0.000062	0.000000	0.000000	0.001487	0.000000	0.051648	0.000000	0.000000	0.002761
0.000000	0.000001	0.445815	0.000000	0.000015	0.000000	0.149967	0.039830	0.000000	0.000000	0.000000	0.000000	0.000000	0.000000	0.000142	0.000000	0.298303	0.000000	0.000000	0.000102	0.000001	0.000062	0.000000	0.000000	0.001487	0.000000	0.061513	0.000000	0.000000	0.002761
