0.000000	0.000000	0.000000	0.000000	0.000000	0.765435	0.000000	0.000000	0.000000	0.000000	0.000000	0.031846	0.000829	0.000000	0.000000	0.001791	0.000000	0.038169	0.000049	0.005658	0.000000	0.000000	0.142952	0.003469	0.007163	0.000927	0.000000	0.000000	0.000017	0.001693
0.000000	0.000000	0.000000	0.000000	0.000000	0.781556	0.000000	0.000000	0.000000	0.000000	0.000000	0.022929	0.000604	0.000000	0.000000	0.001529	0.000000	0.035203	0.000039	0.004291	0.000000	0.000000	0.138596	0.003674	0.009182	0.000814	0.000000	0.000000	0.000014	0.001567
0.000000	0.000000	0.000000	0.000000	0.000000	0.781282	0.000000	0.000000	0.000000	0.000000	0.000000	0.023345	0.000617	0.000000	0.000000	0.001553	0.000000	0.035637	0.000039	0.004344	0.000000	0.000000	0.139341	0.003691	0.007734	0.000826	0.000000	0.000000	0.000014	0.001575
0.000000	0.000000	0.000000	0.000000	0.000000	0.781258	0.000000	0.000000	0.000000	0.000000	0.000000	0.023346	0.000617	0.000000	0.000000	0.001553	0.000000	0.035639	0.000039	0.004345	0.000000	0.000000	0.139364	0.003690	0.007734	0.000826	0.000000	0.000000	0.000014	0.001576
0.000000	0.000000	0.000000	0.000000	0.000000	0.497837	0.000000	0.000000	0.000000	0.000000	0.000000	0.271847	0.000332	0.000000	0.000000	0.003129	0.000000	0.024410	0.000089	0.002771	0.000000	0.000000	0.188304	0.001772	0.002709	0.001769	0.000000	0.000000	0.000032	0.004998
0.000000	0.000000	0.000000	0.071119	0.000000	0.000000	0.000000	0.000000	0.000000	0.000000	0.000000	0.000000	0.000000	0.000000	0.000000	0.000000	0.928881	0.000000	0.000000	0.000000	0.000000	0.000000	0.000000	0.000000	0.000000	0.000000	0.000000	0.000000	0.000000	0.000000
0.000076	0.000000	0.000000	0.000000	0.000000	0.000000	0.000000	0.000000	0.000000	0.000000	0.000000	0.000000	0.000000	0.000000	0.999924	0.000000	0.000000	0.000000	0.000000	0.000000	0.000000	0.000000	0.000000	0.000000	0.000000	0.000000	0.000000	0.000000	0.000000	0.000000
0.000000	0.000000	1.000000	0.000000	0.000000	0.000000	0.000000	0.000000	0.000000	0.000000	0.000000	0.000000	0.000000	0.000000	0.000000	0.000000	0.000000	0.000000	0.000000	0.000000	0.000000	0.000000	0.000000	0.000000	0.000000	0.000000	0.000000	0.000000	0.000000	0.000000
0.000000	0.000000	0.000000	0.000000	0.000000	0.781368	0.000000	0.000000	0.000000	0.000000	0.000000	0.023345	0.000617	0.000000	0.000000	0.001553	0.000000	0.035620	0.000039	0.004344	0.000000	0.000000	0.139272	0.003691	0.007734	0.000826	0.000000	0.000000	0.000014	0.001575
0.000000	0.000000	0.000000	0.000000	0.000000	0.661538	0.000000	0.000000	0.000000	0.000000	0.000000	0.121833	0.000578	0.000000	0.000000	0.002659	0.000000	0.032927	0.000060	0.004063	0.000000	0.000000	0.164552	0.002611	0.005018	0.001221	0.000000	0.000000	0.000021	0.002918
0.000000	0.000000	0.000000	0.000000	0.000000	0.753115	0.000000	0.000000	0.000000	0.000000	0.000000	0.025957	0.004999	0.000000	0.000000	0.001656	0.000000	0.053682	0.000068	0.008747	0.000000	0.000000	0.139678	0.003072	0.006260	0.001140	0.000000	0.000000	0.000024	0.001601
0.000000	0.000000	0.000000	0.000000	0.000000	0.781170	0.000000	0.000000	0.000000	0.000000	0.000000	0.023364	0.000617	0.000000	0.000000	0.001553	0.000000	0.035609	0.000039	0.004345	0.000000	0.000000	0.139458	0.003689	0.007734	0.000826	0.000000	0.000000	0.000014	0.001583
0.000000	0.000000	0.000000	0.000000	0.000000	0.781388	0.000000	0.000000	0.000000	0.000000	0.000000	0.023345	0.000617	0.000000	0.000000	0.001553	0.000000	0.035610	0.000039	0.004348	0.000000	0.000000	0.139259	0.003692	0.007734	0.000826	0.000000	0.000000	0.000014	0.001576
0.000000	0.000000	0.000000	0.000000	0.000000	0.776472	0.000000	0.000000	0.000000	0.000000	0.000000	0.023414	0.000868	0.000000	0.000000	0.001558	0.000000	0.038801	0.000049	0.005895	0.000000	0.000000	0.139361	0.003597	0.007486	0.000907	0.000000	0.000000	0.000017	0.001576
0.000000	0.000000	0.000000	0.000000	0.000000	0.765410	0.000000	0.000000	0.000000	0.000000	0.000000	0.031826	0.000829	0.000000	0.000000	0.001791	0.000000	0.038158	0.000049	0.005662	0.000000	0.000000	0.143009	0.003469	0.007163	0.000927	0.000000	0.000000	0.000017	0.001689
0.000000	0.000000	0.000000	0.000000	0.000000	0.776726	0.000000	0.000000	0.000000	0.000000	0.000000	0.023417	0.000868	0.000000	0.000000	0.001558	0.000000	0.038742	0.000049	0.005896	0.000000	0.000000	0.139165	0.003594	0.007486	0.000907	0.000000	0.000000	0.000017	0.001576
0.000000	0.000000	0.000000	0.000000	0.000000	0.781260	0.000000	0.000000	0.000000	0.000000	0.000000	0.023358	0.000618	0.000000	0.000000	0.001553	0.000000	0.035627	0.000039	0.004348	0.000000	0.000000	0.139354	0.003692	0.007734	0.000826	0.000000	0.000000	0.000014	0.001579
0.000000	0.000000	0.000000	0.000000	0.000000	0.000000	0.000000	0.008410	0.000000	0.000000	0.000000	0.000000	0.000000	0.000000	0.000000	0.000000	0.000000	0.000000	0.000000	0.000000	0.991590	0.000000	0.000000	0.000000	0.000000	0.000000	0.000000	0.000000	0.000000	0.000000
0.000000	0.000000	0.000000	0.000000	0.000000	0.000000	0.000000	0.007095	0.000000	0.000000	0.000000	0.000000	0.000000	0.000000	0.000000	0.000000	0.000000	0.000000	0.000000	0.000000	0.992905	0.000000	0.000000	0.000000	0.000000	0.000000	0.000000	0.000000	0.000000	0.000000
0.000000	0.000000	0.000000	0.000000	0.000000	0.781230	0.000000	0.000000	0.000000	0.000000	0.000000	0.023357	0.000617	0.000000	0.000000	0.001553	0.000000	0.035647	0.000039	0.004345	0.000000	0.000000	0.139367	0.003688	0.007734	0.000826	0.000000	0.000000	0.000014	0.001582
0.000000	0.000000	0.000000	0.000000	0.000000	0.661508	0.000000	0.000000	0.000000	0.000000	0.000000	0.121902	0.000578	0.000000	0.000000	0.002659	0.000000	0.032927	0.000060	0.004065	0.000000	0.000000	0.164506	0.002613	0.005018	0.001221	0.000000	0.000000	0.000021	0.002921
0.000051	0.000000	0.000000	0.000000	0.000000	0.000000	0.000000	0.000000	0.000000	0.000000	0.000000	0.000000	0.000000	0.000000	0.999949	0.000000	0.000000	0.000000	0.000000	0.000000	0.000000	0.000000	0.000000	0.000000	0.000000	0.000000	0.000000	0.000000	0.000000	0.000000
0.000000	0.000000	0.000000	0.000000	0.000000	0.786335	0.000000	0.000000	0.000000	0.000000	0.000000	0.019202	0.000481	0.000000	0.000000	0.001344	0.000000	0.032084	0.000037	0.003726	0.000000	0.000000	0.133676	0.003425	0.017455	0.000717	0.000000	0.000000	0.000013	0.001505
0.000000	0.000000	0.000000	0.000000	0.000000	0.765451	0.000000	0.000000	0.000000	0.000000	0.000000	0.031815	0.000829	0.000000	0.000000	0.001791	0.000000	0.038146	0.000049	0.005655	0.000000	0.000000	0.142994	0.003470	0.007163	0.000927	0.000000	0.000000	0.000017	0.001693
0.000000	0.000000	0.000000	0.000000	0.000000	0.728309	0.000000	0.000000	0.000000	0.000000	0.000000	0.025353	0.001322	0.000000	0.000000	0.001607	0.000000	0.048307	0.000296	0.048071	0.000000	0.000000	0.134819	0.003002	0.006108	0.001156	0.000000	0.000000	0.000102	0.001548
0.000000	0.000000	0.000000	0.000000	0.000000	0.781607	0.000000	0.000000	0.000000	0.000000	0.000000	0.022929	0.000604	0.000000	0.000000	0.001529	0.000000	0.035218	0.000039	0.004291	0.000000	0.000000	0.138530	0.003670	0.009182	0.000814	0.000000	0.000000	0.000014	0.001572
0.000000	0.000000	0.000000	0.000000	0.000000	0.154745	0.000000	0.000000	0.000000	0.000000	0.000000	0.004226	0.000245	0.000000	0.000000	0.000228	0.000000	0.052503	0.004101	0.745846	0.000000	0.000000	0.033296	0.000647	0.000547	0.001872	0.000000	0.000006	0.001406	0.000332
0.000000	0.000000	0.000000	0.000000	0.000000	0.497804	0.000000	0.000000	0.000000	0.000000	0.000000	0.271858	0.000332	0.000000	0.000000	0.003129	0.000000	0.024394	0.000089	0.002769	0.000000	0.000000	0.188358	0.001771	0.002709	0.001749	0.000000	0.000000	0.000032	0.005005
0.000000	0.000000	0.000000	0.000000	0.000000	0.781346	0.000000	0.000000	0.000000	0.000000	0.000000	0.023355	0.000617	0.000000	0.000000	0.001553	0.000000	0.035610	0.000040	0.004345	0.000000	0.000000	0.139294	0.003689	0.007734	0.000826	0.000000	0.000000	0.000014	0.001578
0.000000	0.000000	0.000000	0.000000	0.000000	0.000000	0.000000	0.007743	0.000000	0.000000	0.000000	0.000000	0.000000	0.000000	0.000000	0.000000	0.000000	0.000000	0.000000	0.000000	0.992257	0.000000	0.000000	0.000000	0.000000	0.000000	0.000000	0.000000	0.000000	0.000000
0.000000	0.000000	0.000000	0.000000	0.000000	0.760860	0.000000	0.000000	0.000000	0.000000	0.000000	0.026552	0.001381	0.000000	0.000000	0.001686	0.000000	0.047654	0.000069	0.008871	0.000000	0.000000	0.140594	0.003133	0.006440	0.001113	0.000000	0.000000	0.000024	0.001621
0.000000	0.000000	0.000000	0.071000	0.000000	0.000000	0.000000	0.000000	0.000000	0.000000	0.000000	0.000000	0.000000	0.000000	0.000000	0.000000	0.929000	0.000000	0.000000	0.000000	0.000000	0.000000	0.000000	0.000000	0.000000	0.000000	0.000000	0.000000	0.000000	0.000000
0.000075	0.000000	0.000000	0.000000	0.000000	0.000000	0.000000	0.000000	0.000000	0.000000	0.000000	0.000000	0.000000	0.000000	0.999925	0.000000	0.000000	0.000000	0.000000	0.000000	0.000000	0.000000	0.000000	0.000000	0.000000	0.000000	0.000000	0.000000	0.000000	0.000000
0.000000	0.000000	0.000000	0.000000	0.000000	0.154756	0.000000	0.000000	0.000000	0.000000	0.000000	0.004226	0.000245	0.000000	0.000000	0.000228	0.000000	0.052511	0.004100	0.745843	0.000000	0.000000	0.033293	0.000647	0.000547	0.001861	0.000000	0.000006	0.001406	0.000332
0.000000	0.000000	0.000000	0.000000	0.000000	0.266841	0.000000	0.000000	0.000000	0.000000	0.000000	0.008065	0.000480	0.000000	0.000000	0.000492	0.000000	0.054671	0.003383	0.606800	0.000000	0.000000	0.053220	0.001065	0.001489	0.001760	0.000000	0.000005	0.001161	0.000569
0.000000	0.000000	0.000000	0.000000	0.000000	0.765472	0.000000	0.000000	0.000000	0.000000	0.000000	0.031817	0.000829	0.000000	0.000000	0.001791	0.000000	0.038160	0.000049	0.005655	0.000000	0.000000	0.142964	0.003468	0.007163	0.000927	0.000000	0.000000	0.000017	0.001687
0.000000	0.000000	0.000000	0.000000	0.000000	0.735320	0.000000	0.000000	0.000000	0.000000	0.000000	0.053275	0.000667	0.000000	0.000000	0.002794	0.000000	0.036419	0.000046	0.004538	0.000000	0.000000	0.154954	0.002986	0.006039	0.000969	0.000000	0.000000	0.000016	0.001976
0.000000	0.000000	0.000000	0.000000	0.000000	0.775773	0.000000	0.000000	0.000000	0.000000	0.000000	0.026238	0.000614	0.000000	0.000000	0.001739	0.000000	0.035622	0.000039	0.004320	0.000000	0.000000	0.142062	0.003609	0.007520	0.000835	0.000000	0.000000	0.000014	0.001614
0.000000	0.000000	0.000000	0.000000	0.000000	0.781631	0.000000	0.000000	0.000000	0.000000	0.000000	0.022931	0.000604	0.000000	0.000000	0.001529	0.000000	0.035203	0.000039	0.004293	0.000000	0.000000	0.138519	0.003671	0.009182	0.000814	0.000000	0.000000	0.000014	0.001568
0.000000	0.000000	0.000000	0.000000	0.000000	0.781573	0.000000	0.000000	0.000000	0.000000	0.000000	0.022938	0.000605	0.000000	0.000000	0.001529	0.000000	0.035203	0.000039	0.004291	0.000000	0.000000	0.138557	0.003682	0.009186	0.000814	0.000000	0.000000	0.000014	0.001567
0.000000	0.000000	0.000000	0.000000	0.000000	0.781575	0.000000	0.000000	0.000000	0.000000	0.000000	0.022927	0.000604	0.000000	0.000000	0.001529	0.000000	0.035203	0.000039	0.004292	0.000000	0.000000	0.138581	0.003671	0.009183	0.000814	0.000000	0.000000	0.000014	0.001568
0.000000	0.000000	0.000000	0.000000	0.000000	0.488421	0.000000	0.000000	0.000000	0.000000	0.000000	0.008523	0.000152	0.000000	0.000000	0.000520	0.000000	0.018191	0.000018	0.002277	0.000000	0.000000	0.097620	0.378822	0.002853	0.001879	0.000000	0.000000	0.000006	0.000717
0.000000	0.000000	0.000000	0.000000	0.000000	0.686404	0.000000	0.000000	0.000000	0.000000	0.000000	0.020353	0.034351	0.000000	0.000000	0.001393	0.000000	0.108549	0.000059	0.007592	0.000000	0.000000	0.131454	0.002456	0.004474	0.001445	0.000000	0.000000	0.000021	0.001448
0.000063	0.000000	0.000000	0.000000	0.000000	0.000000	0.000000	0.000000	0.000000	0.000000	0.000000	0.000000	0.000000	0.000000	0.999937	0.000000	0.000000	0.000000	0.000000	0.000000	0.000000	0.000000	0.000000	0.000000	0.000000	0.000000	0.000000	0.000000	0.000000	0.000000
0.000000	0.000000	0.000000	0.000000	0.000000	0.781271	0.000000	0.000000	0.000000	0.000000	0.000000	0.023348	0.000617	0.000000	0.000000	0.001553	0.000000	0.035632	0.000039	0.004347	0.000000	0.000000	0.139355	0.003689	0.007734	0.000826	0.000000	0.000000	0.000014	0.001575
0.000000	0.000000	0.000000	0.000000	0.000000	0.765283	0.000000	0.000000	0.000000	0.000000	0.000000	0.031834	0.000830	0.000000	0.000000	0.001791	0.000000	0.038218	0.000049	0.005654	0.000000	0.000000	0.143064	0.003469	0.007163	0.000927	0.000000	0.000000	0.000017	0.001700
0.000000	0.000000	0.000000	0.000000	0.000000	0.781442	0.000000	0.000000	0.000000	0.000000	0.000000	0.022929	0.000604	0.000000	0.000000	0.001529	0.000000	0.035265	0.000039	0.004294	0.000000	0.000000	0.138643	0.003672	0.009182	0.000814	0.000000	0.000000	0.000014	0.001573
0.000000	0.000000	0.000000	0.000000	0.000000	0.781243	0.000000	0.000000	0.000000	0.000000	0.000000	0.023345	0.000617	0.000000	0.000000	0.001553	0.000000	0.035608	0.000039	0.004344	0.000000	0.000000	0.139413	0.003689	0.007734	0.000826	0.000000	0.000000	0.000014	0.001575
0.000000	0.000000	0.000000	0.000000	0.000000	0.781224	0.000000	0.000000	0.000000	0.000000	0.000000	0.023354	0.000618	0.000000	0.000000	0.001553	0.000000	0.035630	0.000039	0.004344	0.000000	0.000000	0.139394	0.003689	0.007734	0.000826	0.000000	0.000000	0.000014	0.001581
0.000000	0.000000	0.000000	0.000000	0.000000	0.767835	0.000000	0.000000	0.000000	0.000000	0.000000	0.032663	0.000608	0.000000	0.000000	0.001811	0.000000	0.035363	0.000041	0.004283	0.000000	0.000000	0.143939	0.003540	0.007345	0.000858	0.000000	0.000000	0.000014	0.001700
0.000000	0.000000	0.000000	0.000000	0.000000	0.584964	0.000000	0.000000	0.000000	0.000000	0.000000	0.012502	0.000271	0.000000	0.000000	0.000818	0.000000	0.023284	0.000023	0.002799	0.000000	0.000000	0.110830	0.257669	0.004317	0.001534	0.000000	0.000000	0.000008	0.000979
0.000051	0.000000	0.000000	0.000000	0.000000	0.000000	0.000000	0.000000	0.000000	0.000000	0.000000	0.000000	0.000000	0.000000	0.999949	0.000000	0.000000	0.000000	0.000000	0.000000	0.000000	0.000000	0.000000	0.000000	0.000000	0.000000	0.000000	0.000000	0.000000	0.000000
0.000000	0.000000	0.000000	0.000000	0.000000	0.765431	0.000000	0.000000	0.000000	0.000000	0.000000	0.031814	0.000829	0.000000	0.000000	0.001791	0.000000	0.038139	0.000049	0.005656	0.000000	0.000000	0.143025	0.003469	0.007163	0.000927	0.000000	0.000000	0.000017	0.001689
0.000000	0.000000	0.000000	0.000000	0.000000	0.776703	0.000000	0.000000	0.000000	0.000000	0.000000	0.023418	0.000868	0.000000	0.000000	0.001558	0.000000	0.038736	0.000049	0.005896	0.000000	0.000000	0.139192	0.003594	0.007486	0.000907	0.000000	0.000000	0.000017	0.001576
0.000000	0.000000	0.000000	0.000000	0.000000	0.735357	0.000000	0.000000	0.000000	0.000000	0.000000	0.053298	0.000667	0.000000	0.000000	0.002461	0.000000	0.036461	0.000046	0.004539	0.000000	0.000000	0.155182	0.002984	0.006039	0.000969	0.000000	0.000000	0.000016	0.001980
0.000000	0.000000	0.000000	0.000000	0.000000	0.761039	0.000000	0.000000	0.000000	0.000000	0.000000	0.026560	0.001381	0.000000	0.000000	0.001686	0.000000	0.047107	0.000069	0.008930	0.000000	0.000000	0.140732	0.003150	0.006440	0.001260	0.000000	0.000000	0.000024	0.001622
0.000000	0.000000	0.000000	0.000000	0.000000	0.735416	0.000000	0.000000	0.000000	0.000000	0.000000	0.053294	0.000667	0.000000	0.000000	0.002461	0.000000	0.036433	0.000046	0.004538	0.000000	0.000000	0.155153	0.002988	0.006043	0.000969	0.000000	0.000000	0.000016	0.001975
0.000000	0.000000	0.000000	0.000000	0.000000	0.781201	0.000000	0.000000	0.000000	0.000000	0.000000	0.023360	0.000617	0.000000	0.000000	0.001553	0.000000	0.035626	0.000040	0.004347	0.000000	0.000000	0.139407	0.003692	0.007734	0.000826	0.000000	0.000000	0.000014	0.001584
0.000000	0.000000	0.000000	0.000000	0.000000	0.497845	0.000000	0.000000	0.000000	0.000000	0.000000	0.271621	0.000332	0.000000	0.000000	0.003129	0.000000	0.024395	0.000089	0.002770	0.000000	0.000000	0.188549	0.001771	0.002709	0.001749	0.000000	0.000000	0.000032	0.005008
0.000000	0.000000	0.000000	0.000000	0.000000	0.497868	0.000000	0.000000	0.000000	0.000000	0.000000	0.271942	0.000332	0.000000	0.000000	0.003129	0.000000	0.024392	0.000090	0.002770	0.000000	0.000000	0.188211	0.001771	0.002709	0.001770	0.000000	0.000000	0.000033	0.004984
0.000000	0.000000	0.000000	0.000000	0.000000	0.154763	0.000000	0.000000	0.000000	0.000000	0.000000	0.004226	0.000245	0.000000	0.000000	0.000228	0.000000	0.052491	0.004101	0.745840	0.000000	0.000000	0.033303	0.000647	0.000547	0.001865	0.000000	0.000006	0.001406	0.000332
0.000000	0.000000	0.000000	0.000000	0.000000	0.776726	0.000000	0.000000	0.000000	0.000000	0.000000	0.023417	0.000868	0.000000	0.000000	0.001558	0.000000	0.038742	0.000049	0.005896	0.000000	0.000000	0.139165	0.003594	0.007486	0.000907	0.000000	0.000000	0.000017	0.001576
0.000000	0.000000	0.000000	0.000000	0.000000	0.765431	0.000000	0.000000	0.000000	0.000000	0.000000	0.031814	0.000829	0.000000	0.000000	0.001791	0.000000	0.038139	0.000049	0.005656	0.000000	0.000000	0.143025	0.003469	0.007163	0.000927	0.000000	0.000000	0.000017	0.001689
0.000000	0.000000	0.000000	0.000000	0.000000	0.774277	0.000000	0.000000	0.000000	0.000000	0.000000	0.022982	0.000605	0.000000	0.000000	0.001527	0.000000	0.035180	0.000039	0.004291	0.000000	0.000000	0.138462	0.012606	0.007612	0.000852	0.000000	0.000000	0.000014	0.001554
0.000000	0.000000	0.000000	0.000000	0.000000	0.781243	0.000000	0.000000	0.000000	0.000000	0.000000	0.023345	0.000617	0.000000	0.000000	0.001553	0.000000	0.035608	0.000039	0.004344	0.000000	0.000000	0.139413	0.003689	0.007734	0.000826	0.000000	0.000000	0.000014	0.001575
0.000000	0.000000	0.000000	0.000000	0.000000	0.786335	0.000000	0.000000	0.000000	0.000000	0.000000	0.019202	0.000481	0.000000	0.000000	0.001344	0.000000	0.032084	0.000037	0.003726	0.000000	0.000000	0.133676	0.003425	0.017455	0.000717	0.000000	0.000000	0.000013	0.001505
