0.000000	0.036749	0.000070	0.190938	0.000003	0.000684	0.000000	0.000000	0.000488	0.372238	0.001484	0.000000	0.000000	0.000098	0.000000	0.000000	0.000000	0.006176	0.000000	0.002617	0.000000	0.264665	0.004987	0.000126	0.000000	0.000000	0.000053	0.004436	0.114190	0.000000
0.000000	0.000000	0.000000	0.000000	0.000000	0.000000	0.000000	0.000000	0.000000	0.000000	0.000000	0.719343	0.000000	0.000000	0.000000	0.254963	0.000000	0.000000	0.025693	0.000000	0.000000	0.000000	0.000000	0.000000	0.000000	0.000000	0.000000	0.000000	0.000000	0.000000
0.000000	0.034106	0.000055	0.158600	0.000003	0.000678	0.000000	0.000000	0.000424	0.386018	0.001765	0.000000	0.000000	0.000082	0.000000	0.000000	0.000000	0.005892	0.000000	0.003225	0.000000	0.322029	0.004828	0.000122	0.000000	0.000000	0.000044	0.003503	0.078625	0.000000
0.000000	0.032016	0.000044	0.134193	0.000004	0.000673	0.000000	0.000000	0.000374	0.397303	0.001984	0.000000	0.000000	0.000068	0.000000	0.000000	0.000000	0.005678	0.000000	0.003699	0.000000	0.366960	0.004685	0.000119	0.000000	0.000000	0.000037	0.002775	0.049391	0.000000
0.000000	0.032013	0.000044	0.134193	0.000004	0.000673	0.000000	0.000000	0.000374	0.397278	0.001986	0.000000	0.000000	0.000068	0.000000	0.000000	0.000000	0.005676	0.000000	0.003699	0.000000	0.366988	0.004686	0.000119	0.000000	0.000000	0.000037	0.002775	0.049388	0.000000
0.000000	0.052635	0.000123	0.061379	0.000002	0.000998	0.000000	0.000000	0.001008	0.124897	0.000663	0.000000	0.000000	0.000404	0.000000	0.000000	0.000000	0.006212	0.000000	0.000261	0.000000	0.028015	0.011347	0.000248	0.000000	0.000000	0.000013	0.007615	0.704180	0.000000
0.000000	0.032014	0.000044	0.134193	0.000004	0.000673	0.000000	0.000000	0.000374	0.397295	0.001985	0.000000	0.000000	0.000068	0.000000	0.000000	0.000000	0.005676	0.000000	0.003699	0.000000	0.366973	0.004687	0.000119	0.000000	0.000000	0.000037	0.002775	0.049388	0.000000
0.000000	0.032016	0.000044	0.134193	0.000004	0.000673	0.000000	0.000000	0.000374	0.397303	0.001984	0.000000	0.000000	0.000068	0.000000	0.000000	0.000000	0.005677	0.000000	0.003699	0.000000	0.366958	0.004687	0.000119	0.000000	0.000000	0.000037	0.002775	0.049391	0.000000
0.000000	0.000000	0.000000	0.000000	0.000000	0.000000	0.000000	0.000000	0.000000	0.000000	0.000000	0.000000	0.000000	0.000000	1.000000	0.000000	0.000000	0.000000	0.000000	0.000000	0.000000	0.000000	0.000000	0.000000	0.000000	0.000000	0.000000	0.000000	0.000000	0.000000
0.000000	0.032013	0.000044	0.134193	0.000004	0.000673	0.000000	0.000000	0.000374	0.397281	0.001984	0.000000	0.000000	0.000068	0.000000	0.000000	0.000000	0.005676	0.000000	0.003700	0.000000	0.366989	0.004685	0.000119	0.000000	0.000000	0.000037	0.002775	0.049388	0.000000
0.000000	0.036751	0.000070	0.190922	0.000003	0.000684	0.000000	0.000000	0.000488	0.372250	0.001484	0.000000	0.000000	0.000098	0.000000	0.000000	0.000000	0.006172	0.000000	0.002617	0.000000	0.264669	0.004987	0.000126	0.000000	0.000000	0.000053	0.004438	0.114190	0.000000
0.000000	0.000000	0.000000	0.000000	0.000000	0.000000	0.937130	0.000000	0.000000	0.000000	0.000017	0.000000	0.000000	0.000000	0.000000	0.000000	0.000000	0.000000	0.000000	0.000000	0.000000	0.000000	0.062854	0.000000	0.000000	0.000000	0.000000	0.000000	0.000000	0.000000
0.000000	0.052627	0.000123	0.061379	0.000002	0.000999	0.000000	0.000000	0.001008	0.124909	0.000664	0.000000	0.000000	0.000404	0.000000	0.000000	0.000000	0.006212	0.000000	0.000261	0.000000	0.028015	0.011349	0.000248	0.000000	0.000000	0.000013	0.007614	0.704174	0.000000
0.000000	0.000000	0.000000	0.000000	0.000000	0.000000	0.000000	0.000000	0.000000	0.000000	0.000000	0.000000	0.000000	0.217642	0.000000	0.000000	0.000000	0.000000	0.000000	0.000000	0.000000	0.000000	0.000000	0.000000	0.000000	0.782358	0.000000	0.000000	0.000000	0.000000
0.000000	0.052627	0.000123	0.061379	0.000002	0.000999	0.000000	0.000000	0.001008	0.124905	0.000663	0.000000	0.000000	0.000404	0.000000	0.000000	0.000000	0.006213	0.000000	0.000261	0.000000	0.028015	0.011350	0.000248	0.000000	0.000000	0.000013	0.007614	0.704176	0.000000
0.000000	0.049567	0.000113	0.090812	0.000002	0.000934	0.000000	0.000000	0.000908	0.174819	0.000809	0.000000	0.000000	0.000342	0.000000	0.000000	0.000000	0.006225	0.000000	0.000698	0.000000	0.072144	0.010056	0.000223	0.000000	0.000000	0.000022	0.007039	0.585288	0.000000
0.000000	0.052622	0.000123	0.061379	0.000002	0.000998	0.000000	0.000000	0.001008	0.124896	0.000663	0.000000	0.000000	0.000404	0.000000	0.000000	0.000000	0.006211	0.000000	0.000261	0.000000	0.028015	0.011347	0.000248	0.000000	0.000000	0.000013	0.007616	0.704193	0.000000
0.000000	0.032020	0.000044	0.134193	0.000004	0.000673	0.000000	0.000000	0.000374	0.397318	0.001985	0.000000	0.000000	0.000068	0.000000	0.000000	0.000000	0.005676	0.000000	0.003701	0.000000	0.366936	0.004685	0.000119	0.000000	0.000000	0.000037	0.002775	0.049392	0.000000
0.000000	0.034107	0.000055	0.158600	0.000003	0.000678	0.000000	0.000000	0.000425	0.385999	0.001765	0.000000	0.000000	0.000082	0.000000	0.000000	0.000000	0.005893	0.000000	0.003225	0.000000	0.322045	0.004828	0.000122	0.000000	0.000000	0.000044	0.003503	0.078626	0.000000
0.000000	0.036754	0.000070	0.190910	0.000003	0.000684	0.000000	0.000000	0.000488	0.372252	0.001484	0.000000	0.000000	0.000098	0.000000	0.000000	0.000000	0.006173	0.000000	0.002617	0.000000	0.264665	0.004987	0.000126	0.000000	0.000000	0.000053	0.004442	0.114196	0.000000
0.000000	0.038411	0.000075	0.178481	0.000003	0.000716	0.000000	0.000000	0.000543	0.346938	0.001395	0.000000	0.000000	0.000129	0.000000	0.000000	0.000000	0.006180	0.000000	0.002366	0.000000	0.239531	0.005639	0.000139	0.000000	0.000000	0.000049	0.004779	0.174625	0.000000
0.000000	0.032016	0.000044	0.134193	0.000004	0.000673	0.000000	0.000000	0.000374	0.397333	0.001984	0.000000	0.000000	0.000068	0.000000	0.000000	0.000000	0.005675	0.000000	0.003705	0.000000	0.366924	0.004686	0.000119	0.000000	0.000000	0.000037	0.002775	0.049392	0.000000
0.000000	0.038412	0.000075	0.178488	0.000003	0.000716	0.000000	0.000000	0.000543	0.346926	0.001395	0.000000	0.000000	0.000129	0.000000	0.000000	0.000000	0.006182	0.000000	0.002366	0.000000	0.239531	0.005639	0.000139	0.000000	0.000000	0.000049	0.004782	0.174625	0.000000
0.000000	0.052631	0.000123	0.061379	0.000002	0.000998	0.000000	0.000000	0.001009	0.124916	0.000663	0.000000	0.000000	0.000404	0.000000	0.000000	0.000000	0.006215	0.000000	0.000261	0.000000	0.028015	0.011350	0.000248	0.000000	0.000000	0.000013	0.007613	0.704159	0.000000
0.000000	0.000000	0.000000	0.000000	0.000000	0.000000	0.000000	0.000000	0.000000	0.000000	0.000000	0.000000	0.000000	0.000000	0.000000	0.000000	0.000000	0.000000	0.000000	0.000000	1.000000	0.000000	0.000000	0.000000	0.000000	0.000000	0.000000	0.000000	0.000000	0.000000
0.000000	0.000000	0.000000	0.000000	0.000000	0.000000	0.000000	0.000000	0.000000	0.000000	0.000000	0.000000	0.848822	0.000000	0.000000	0.000000	0.000000	0.000000	0.000000	0.000000	0.000000	0.000000	0.000000	0.000000	0.000000	0.000000	0.000000	0.000000	0.000000	0.151178
0.000000	0.000000	0.000000	0.000000	0.000000	0.000000	0.000000	0.000000	0.000000	0.000000	0.000000	0.000000	0.000000	0.000000	0.000000	0.000000	0.000000	0.000000	0.000000	0.000000	1.000000	0.000000	0.000000	0.000000	0.000000	0.000000	0.000000	0.000000	0.000000	0.000000
0.000000	0.052622	0.000123	0.061379	0.000002	0.000999	0.000000	0.000000	0.001008	0.124905	0.000663	0.000000	0.000000	0.000404	0.000000	0.000000	0.000000	0.006211	0.000000	0.000261	0.000000	0.028015	0.011347	0.000248	0.000000	0.000000	0.000013	0.007613	0.704187	0.000000
0.000000	0.000000	0.000000	0.000000	0.000000	0.000000	0.000000	0.000000	0.000000	0.000000	0.000000	0.000000	0.000000	0.000000	1.000000	0.000000	0.000000	0.000000	0.000000	0.000000	0.000000	0.000000	0.000000	0.000000	0.000000	0.000000	0.000000	0.000000	0.000000	0.000000
0.000000	0.000000	0.000000	0.000000	0.000000	0.000000	0.000000	0.000000	0.000000	0.000000	0.000000	0.719343	0.000000	0.000000	0.000000	0.254963	0.000000	0.000000	0.025693	0.000000	0.000000	0.000000	0.000000	0.000000	0.000000	0.000000	0.000000	0.000000	0.000000	0.000000
