0.000000	0.000000	0.000000	0.000000	0.000000	0.000000	0.000000	0.000000	0.000000	0.000000	0.000000	0.000000	0.000000	0.000000	0.000000	0.000000	0.000000	1.000000	0.000000	0.000000	0.000000	0.000000	0.000000	0.000000	0.000000	0.000000	0.000000	0.000000	0.000000	0.000000
0.000000	0.000000	0.000000	0.000000	0.000000	0.000000	0.000000	0.000000	0.000000	0.000000	0.000000	0.000000	0.000000	0.000000	0.000000	0.000000	0.000000	1.000000	0.000000	0.000000	0.000000	0.000000	0.000000	0.000000	0.000000	0.000000	0.000000	0.000000	0.000000	0.000000
0.000000	0.000000	0.000000	0.000000	0.000000	0.000000	0.000000	0.000000	0.000000	0.000000	0.000000	0.000000	0.000000	0.000000	0.000000	0.000000	0.000000	1.000000	0.000000	0.000000	0.000000	0.000000	0.000000	0.000000	0.000000	0.000000	0.000000	0.000000	0.000000	0.000000
0.000000	0.000000	0.000000	0.000000	0.000000	0.000000	0.000000	0.000000	0.000000	0.000000	0.000000	0.000000	0.000000	0.000000	0.000000	0.000000	0.000000	0.000000	0.000000	0.000000	1.000000	0.000000	0.000000	0.000000	0.000000	0.000000	0.000000	0.000000	0.000000	0.000000
0.000000	0.000000	0.000000	0.000000	0.000000	0.000000	0.000000	0.000000	0.000000	0.000000	0.000000	0.000000	0.000000	0.000000	1.000000	0.000000	0.000000	0.000000	0.000000	0.000000	0.000000	0.000000	0.000000	0.000000	0.000000	0.000000	0.000000	0.000000	0.000000	0.000000
0.000000	0.000000	0.015465	0.000000	0.000000	0.217928	0.000000	0.079377	0.000000	0.000000	0.000000	0.000000	0.000000	0.000000	0.000000	0.023671	0.000000	0.000000	0.000000	0.041012	0.000000	0.000000	0.000000	0.036838	0.000000	0.000000	0.000000	0.017678	0.010485	0.557546
0.000000	0.000000	0.003130	0.000000	0.000000	0.077276	0.000000	0.012880	0.000000	0.000000	0.000000	0.000000	0.000000	0.000000	0.000000	0.011348	0.000000	0.000000	0.000000	0.062851	0.000000	0.000000	0.000000	0.522285	0.000000	0.000000	0.000000	0.004141	0.001820	0.304269
0.000000	0.000000	0.000000	0.000000	0.000000	0.000000	0.000000	0.000000	0.000000	0.000000	1.000000	0.000000	0.000000	0.000000	0.000000	0.000000	0.000000	0.000000	0.000000	0.000000	0.000000	0.000000	0.000000	0.000000	0.000000	0.000000	0.000000	0.000000	0.000000	0.000000
0.000000	0.000000	0.003486	0.000000	0.000000	0.167884	0.000000	0.125955	0.000000	0.000000	0.000000	0.000000	0.000000	0.000000	0.000000	0.004286	0.000000	0.000000	0.000000	0.001332	0.000000	0.000000	0.000000	0.002044	0.000000	0.000000	0.000000	0.000982	0.616786	0.077244
0.000000	0.000000	0.010728	0.000000	0.000000	0.256016	0.000000	0.046142	0.000000	0.000000	0.000000	0.000000	0.000000	0.000000	0.000000	0.028908	0.000000	0.000000	0.000000	0.030996	0.000000	0.000000	0.000000	0.025630	0.000000	0.000000	0.000000	0.036765	0.005457	0.559358
0.000000	0.000000	0.015470	0.000000	0.000000	0.217930	0.000000	0.079377	0.000000	0.000000	0.000000	0.000000	0.000000	0.000000	0.000000	0.023673	0.000000	0.000000	0.000000	0.041014	0.000000	0.000000	0.000000	0.036839	0.000000	0.000000	0.000000	0.017680	0.010486	0.557532
0.000000	0.000000	0.060901	0.000000	0.000000	0.407465	0.000000	0.092934	0.000000	0.000000	0.000000	0.000000	0.000000	0.000000	0.000000	0.040918	0.000000	0.000000	0.000000	0.017525	0.000000	0.000000	0.000000	0.014789	0.000000	0.000000	0.000000	0.008253	0.010860	0.346356
0.000000	0.000000	0.000000	0.000000	0.000000	0.000000	0.000000	0.000000	0.000000	0.000000	0.000000	0.000000	0.000000	1.000000	0.000000	0.000000	0.000000	0.000000	0.000000	0.000000	0.000000	0.000000	0.000000	0.000000	0.000000	0.000000	0.000000	0.000000	0.000000	0.000000
0.000000	0.000000	0.008561	0.000000	0.000000	0.778657	0.000000	0.043668	0.000000	0.000000	0.000000	0.000000	0.000000	0.000000	0.000000	0.028650	0.000000	0.000000	0.000000	0.004361	0.000000	0.000000	0.000000	0.005748	0.000000	0.000000	0.000000	0.004086	0.005701	0.120567
0.000000	0.000000	0.000000	0.000000	0.000000	0.000000	0.000000	0.000000	0.000000	0.000000	1.000000	0.000000	0.000000	0.000000	0.000000	0.000000	0.000000	0.000000	0.000000	0.000000	0.000000	0.000000	0.000000	0.000000	0.000000	0.000000	0.000000	0.000000	0.000000	0.000000
0.000000	0.000000	0.017663	0.000000	0.000000	0.450755	0.000000	0.050141	0.000000	0.000000	0.000000	0.000000	0.000000	0.000000	0.000000	0.064558	0.000000	0.000000	0.000000	0.025678	0.000000	0.000000	0.000000	0.025902	0.000000	0.000000	0.000000	0.010996	0.006194	0.348112
0.000000	0.000000	0.010728	0.000000	0.000000	0.256013	0.000000	0.046143	0.000000	0.000000	0.000000	0.000000	0.000000	0.000000	0.000000	0.028908	0.000000	0.000000	0.000000	0.030995	0.000000	0.000000	0.000000	0.025630	0.000000	0.000000	0.000000	0.036772	0.005457	0.559353
0.000000	0.000000	0.007087	0.000000	0.000000	0.818235	0.000000	0.042353	0.000000	0.000000	0.000000	0.000000	0.000000	0.000000	0.000000	0.023004	0.000000	0.000000	0.000000	0.002184	0.000000	0.000000	0.000000	0.003934	0.000000	0.000000	0.000000	0.003151	0.005570	0.094481
0.000000	0.000000	0.014251	0.000000	0.000000	0.278732	0.000000	0.050051	0.000000	0.000000	0.000000	0.000000	0.000000	0.000000	0.000000	0.039568	0.000000	0.000000	0.000000	0.042661	0.000000	0.000000	0.000000	0.052549	0.000000	0.000000	0.000000	0.014471	0.005841	0.501877
0.000000	0.000000	0.003130	0.000000	0.000000	0.077277	0.000000	0.012880	0.000000	0.000000	0.000000	0.000000	0.000000	0.000000	0.000000	0.011348	0.000000	0.000000	0.000000	0.062854	0.000000	0.000000	0.000000	0.522283	0.000000	0.000000	0.000000	0.004141	0.001820	0.304267
0.000000	0.000000	0.010728	0.000000	0.000000	0.256015	0.000000	0.046143	0.000000	0.000000	0.000000	0.000000	0.000000	0.000000	0.000000	0.028907	0.000000	0.000000	0.000000	0.030995	0.000000	0.000000	0.000000	0.025630	0.000000	0.000000	0.000000	0.036786	0.005457	0.559337
0.000000	0.000000	0.018208	0.000000	0.000000	0.505484	0.000000	0.055733	0.000000	0.000000	0.000000	0.000000	0.000000	0.000000	0.000000	0.056846	0.000000	0.000000	0.000000	0.020151	0.000000	0.000000	0.000000	0.019821	0.000000	0.000000	0.000000	0.010304	0.007028	0.306424
0.000000	0.000000	0.007087	0.000000	0.000000	0.818236	0.000000	0.042353	0.000000	0.000000	0.000000	0.000000	0.000000	0.000000	0.000000	0.023004	0.000000	0.000000	0.000000	0.002184	0.000000	0.000000	0.000000	0.003934	0.000000	0.000000	0.000000	0.003151	0.005570	0.094481
0.000000	0.000000	0.006103	0.000000	0.000000	0.109610	0.000000	0.024199	0.000000	0.000000	0.000000	0.000000	0.000000	0.000000	0.000000	0.016402	0.000000	0.000000	0.000000	0.061150	0.000000	0.000000	0.000000	0.364048	0.000000	0.000000	0.000000	0.008000	0.002963	0.407525
0.000000	0.000000	0.011688	0.000000	0.000000	0.412817	0.000000	0.051136	0.000000	0.000000	0.000000	0.000000	0.000000	0.000000	0.000000	0.036587	0.000000	0.000000	0.000000	0.022330	0.000000	0.000000	0.000000	0.019249	0.000000	0.000000	0.000000	0.025194	0.006575	0.414425
0.000000	0.000000	0.007087	0.000000	0.000000	0.818233	0.000000	0.042354	0.000000	0.000000	0.000000	0.000000	0.000000	0.000000	0.000000	0.023004	0.000000	0.000000	0.000000	0.002184	0.000000	0.000000	0.000000	0.003934	0.000000	0.000000	0.000000	0.003151	0.005570	0.094482
0.000000	0.000000	0.000000	0.000000	0.000000	0.000000	0.000000	0.000000	0.000000	0.000000	0.000000	0.000000	0.000000	0.000000	0.000000	0.000000	0.000000	0.000000	0.000000	0.000000	0.000000	0.000000	0.000000	1.000000	0.000000	0.000000	0.000000	0.000000	0.000000	0.000000
0.000000	0.000000	0.007087	0.000000	0.000000	0.818237	0.000000	0.042353	0.000000	0.000000	0.000000	0.000000	0.000000	0.000000	0.000000	0.023004	0.000000	0.000000	0.000000	0.002184	0.000000	0.000000	0.000000	0.003934	0.000000	0.000000	0.000000	0.003151	0.005570	0.094480
0.000000	0.000000	0.000000	0.000000	0.000000	0.000000	0.000000	0.000000	0.000000	0.000000	0.000000	0.000000	0.000000	0.000000	0.000000	0.000000	0.000000	0.000000	0.000000	0.000000	0.000000	0.000000	1.000000	0.000000	0.000000	0.000000	0.000000	0.000000	0.000000	0.000000
0.000000	0.000000	0.000000	0.000000	0.000000	0.000000	0.000000	0.000000	0.000000	0.000000	0.000000	0.000000	0.000000	0.000000	0.000000	0.000000	0.000000	0.000000	0.000000	0.000000	0.000000	1.000000	0.000000	0.000000	0.000000	0.000000	0.000000	0.000000	0.000000	0.000000
1.000000	0.000000	0.000000	0.000000	0.000000	0.000000	0.000000	0.000000	0.000000	0.000000	0.000000	0.000000	0.000000	0.000000	0.000000	0.000000	0.000000	0.000000	0.000000	0.000000	0.000000	0.000000	0.000000	0.000000	0.000000	0.000000	0.000000	0.000000	0.000000	0.000000
0.000000	0.000000	0.048431	0.000000	0.000000	0.497617	0.000000	0.080323	0.000000	0.000000	0.000000	0.000000	0.000000	0.000000	0.000000	0.038117	0.000000	0.000000	0.000000	0.014177	0.000000	0.000000	0.000000	0.012453	0.000000	0.000000	0.000000	0.007505	0.009488	0.291890
0.000000	0.000000	0.000000	0.000000	0.000000	0.000000	0.000000	0.000000	0.000000	0.000000	1.000000	0.000000	0.000000	0.000000	0.000000	0.000000	0.000000	0.000000	0.000000	0.000000	0.000000	0.000000	0.000000	0.000000	0.000000	0.000000	0.000000	0.000000	0.000000	0.000000
0.000000	0.000000	0.030525	0.000000	0.000000	0.355886	0.000000	0.099872	0.000000	0.000000	0.000000	0.000000	0.000000	0.000000	0.000000	0.036977	0.000000	0.000000	0.000000	0.025203	0.000000	0.000000	0.000000	0.021414	0.000000	0.000000	0.000000	0.011345	0.013832	0.404947
0.000000	0.000000	0.014111	0.000000	0.000000	0.434155	0.000000	0.203435	0.000000	0.000000	0.000000	0.000000	0.000000	0.000000	0.000000	0.020061	0.000000	0.000000	0.000000	0.010596	0.000000	0.000000	0.000000	0.009467	0.000000	0.000000	0.000000	0.005996	0.041628	0.260551
0.000000	0.000000	0.003130	0.000000	0.000000	0.077278	0.000000	0.012880	0.000000	0.000000	0.000000	0.000000	0.000000	0.000000	0.000000	0.011348	0.000000	0.000000	0.000000	0.062851	0.000000	0.000000	0.000000	0.522283	0.000000	0.000000	0.000000	0.004141	0.001820	0.304270
0.000000	0.000000	0.000000	0.000000	0.000000	0.000000	0.000000	0.000000	0.000000	0.000000	0.000000	0.000000	0.000000	0.000000	0.000000	0.000000	0.000000	0.000000	0.000000	0.000000	0.000000	0.000000	0.000000	0.000000	0.000000	0.000000	1.000000	0.000000	0.000000	0.000000
0.000000	0.000000	0.013508	0.000000	0.000000	0.186304	0.000000	0.061071	0.000000	0.000000	0.000000	0.000000	0.000000	0.000000	0.000000	0.022790	0.000000	0.000000	0.000000	0.045897	0.000000	0.000000	0.000000	0.041589	0.000000	0.000000	0.000000	0.019655	0.007054	0.602132
0.000000	0.000000	0.007087	0.000000	0.000000	0.818236	0.000000	0.042353	0.000000	0.000000	0.000000	0.000000	0.000000	0.000000	0.000000	0.023004	0.000000	0.000000	0.000000	0.002184	0.000000	0.000000	0.000000	0.003934	0.000000	0.000000	0.000000	0.003151	0.005570	0.094481
0.000000	0.000000	0.010728	0.000000	0.000000	0.256015	0.000000	0.046142	0.000000	0.000000	0.000000	0.000000	0.000000	0.000000	0.000000	0.028908	0.000000	0.000000	0.000000	0.030995	0.000000	0.000000	0.000000	0.025630	0.000000	0.000000	0.000000	0.036778	0.005457	0.559345
0.000000	0.000000	0.000000	0.000000	0.000000	0.000000	0.000000	0.000000	0.000000	0.000000	0.000000	0.000000	0.000000	0.000000	0.000000	0.000000	0.000000	0.000000	0.000000	0.000000	0.000000	0.000000	0.000000	0.000000	0.000000	0.000000	1.000000	0.000000	0.000000	0.000000
0.000000	0.000000	0.007087	0.000000	0.000000	0.818233	0.000000	0.042353	0.000000	0.000000	0.000000	0.000000	0.000000	0.000000	0.000000	0.023004	0.000000	0.000000	0.000000	0.002184	0.000000	0.000000	0.000000	0.003934	0.000000	0.000000	0.000000	0.003152	0.005570	0.094483
0.000000	0.000000	0.005400	0.000000	0.000000	0.213879	0.000000	0.144899	0.000000	0.000000	0.000000	0.000000	0.000000	0.000000	0.000000	0.006928	0.000000	0.000000	0.000000	0.002765	0.000000	0.000000	0.000000	0.003202	0.000000	0.000000	0.000000	0.001782	0.511955	0.109190
0.000000	0.000000	0.007432	0.000000	0.000000	0.807700	0.000000	0.042811	0.000000	0.000000	0.000000	0.000000	0.000000	0.000000	0.000000	0.024629	0.000000	0.000000	0.000000	0.002641	0.000000	0.000000	0.000000	0.004291	0.000000	0.000000	0.000000	0.003533	0.005628	0.101334
0.000000	0.000000	0.000000	0.000000	0.000000	0.000000	0.000000	0.000000	0.000000	0.000000	0.000000	0.000000	0.000000	0.000000	0.000000	0.000000	0.000000	0.000000	0.000000	0.000000	0.000000	0.000000	0.000000	0.000000	0.000000	0.000000	1.000000	0.000000	0.000000	0.000000
0.000000	0.000000	0.014585	0.000000	0.000000	0.570663	0.000000	0.055734	0.000000	0.000000	0.000000	0.000000	0.000000	0.000000	0.000000	0.051760	0.000000	0.000000	0.000000	0.013953	0.000000	0.000000	0.000000	0.013338	0.000000	0.000000	0.000000	0.011723	0.007504	0.260739
0.000000	0.000000	0.000000	0.000000	1.000000	0.000000	0.000000	0.000000	0.000000	0.000000	0.000000	0.000000	0.000000	0.000000	0.000000	0.000000	0.000000	0.000000	0.000000	0.000000	0.000000	0.000000	0.000000	0.000000	0.000000	0.000000	0.000000	0.000000	0.000000	0.000000
0.000000	0.000000	0.013508	0.000000	0.000000	0.186298	0.000000	0.061071	0.000000	0.000000	0.000000	0.000000	0.000000	0.000000	0.000000	0.022790	0.000000	0.000000	0.000000	0.045897	0.000000	0.000000	0.000000	0.041588	0.000000	0.000000	0.000000	0.019655	0.007054	0.602140
0.000000	0.000000	0.000000	0.000000	0.000000	0.000000	0.000000	0.000000	0.000000	1.000000	0.000000	0.000000	0.000000	0.000000	0.000000	0.000000	0.000000	0.000000	0.000000	0.000000	0.000000	0.000000	0.000000	0.000000	0.000000	0.000000	0.000000	0.000000	0.000000	0.000000
0.000000	0.000000	0.013508	0.000000	0.000000	0.186300	0.000000	0.061072	0.000000	0.000000	0.000000	0.000000	0.000000	0.000000	0.000000	0.022790	0.000000	0.000000	0.000000	0.045902	0.000000	0.000000	0.000000	0.041589	0.000000	0.000000	0.000000	0.019654	0.007054	0.602130
0.000000	0.000000	0.000000	0.000000	0.000000	0.000000	0.000000	0.000000	0.000000	0.000000	0.000000	0.000000	0.000000	0.000000	0.000000	0.000000	0.000000	0.000000	0.000000	0.000000	0.000000	0.000000	0.000000	0.000000	0.000000	1.000000	0.000000	0.000000	0.000000	0.000000
0.000000	0.000000	0.000000	0.000000	0.000000	0.000000	0.000000	0.000000	0.000000	0.000000	0.000000	0.000000	0.000000	0.000000	1.000000	0.000000	0.000000	0.000000	0.000000	0.000000	0.000000	0.000000	0.000000	0.000000	0.000000	0.000000	0.000000	0.000000	0.000000	0.000000
0.000000	0.000000	0.000000	0.000000	0.000000	0.000000	0.000000	0.000000	0.000000	0.000000	0.000000	0.000000	0.000000	0.000000	1.000000	0.000000	0.000000	0.000000	0.000000	0.000000	0.000000	0.000000	0.000000	0.000000	0.000000	0.000000	0.000000	0.000000	0.000000	0.000000
0.000000	0.000000	0.016340	0.000000	0.000000	0.374390	0.000000	0.167426	0.000000	0.000000	0.000000	0.000000	0.000000	0.000000	0.000000	0.022153	0.000000	0.000000	0.000000	0.018753	0.000000	0.000000	0.000000	0.016011	0.000000	0.000000	0.000000	0.008983	0.032124	0.343820
0.000000	0.000000	0.000000	0.000000	0.000000	0.000000	0.000000	0.000000	0.000000	0.000000	0.000000	0.000000	0.000000	0.000000	0.000000	0.000000	0.000000	0.000000	0.000000	0.000000	0.000000	0.000000	0.000000	0.000000	1.000000	0.000000	0.000000	0.000000	0.000000	0.000000
0.000000	0.000000	0.000000	0.000000	0.000000	0.833562	0.000000	0.000000	0.000000	0.000000	0.000000	0.000000	0.000000	0.117343	0.000000	0.000000	0.000000	0.000000	0.000000	0.000000	0.000000	0.000000	0.049095	0.000000	0.000000	0.000000	0.000000	0.000000	0.000000	0.000000
0.000000	0.000000	0.000000	0.000000	0.000000	0.000000	1.000000	0.000000	0.000000	0.000000	0.000000	0.000000	0.000000	0.000000	0.000000	0.000000	0.000000	0.000000	0.000000	0.000000	0.000000	0.000000	0.000000	0.000000	0.000000	0.000000	0.000000	0.000000	0.000000	0.000000
0.000000	0.000000	0.000000	0.000000	1.000000	0.000000	0.000000	0.000000	0.000000	0.000000	0.000000	0.000000	0.000000	0.000000	0.000000	0.000000	0.000000	0.000000	0.000000	0.000000	0.000000	0.000000	0.000000	0.000000	0.000000	0.000000	0.000000	0.000000	0.000000	0.000000
0.000000	0.000000	0.000000	0.000000	0.000000	0.000000	0.000000	0.000000	0.000000	0.000000	0.000000	0.000000	0.000000	0.000000	0.000000	0.000000	1.000000	0.000000	0.000000	0.000000	0.000000	0.000000	0.000000	0.000000	0.000000	0.000000	0.000000	0.000000	0.000000	0.000000
0.000000	0.000000	0.000000	0.000000	0.000000	0.000000	0.000000	0.000000	0.000000	0.000000	0.000000	0.000000	1.000000	0.000000	0.000000	0.000000	0.000000	0.000000	0.000000	0.000000	0.000000	0.000000	0.000000	0.000000	0.000000	0.000000	0.000000	0.000000	0.000000	0.000000
0.000000	0.000000	0.000000	0.000000	0.000000	0.000000	0.000000	0.000000	0.000000	0.000000	0.000000	0.000000	0.000000	0.000000	0.000000	0.000000	0.000000	0.000000	0.000000	0.000000	0.000000	0.000000	0.000000	0.000000	0.000000	0.000000	0.000000	1.000000	0.000000	0.000000
0.000000	0.000000	0.013123	0.000000	0.000000	0.187109	0.000000	0.057034	0.000000	0.000000	0.000000	0.000000	0.000000	0.000000	0.000000	0.024422	0.000000	0.000000	0.000000	0.048069	0.000000	0.000000	0.000000	0.052518	0.000000	0.000000	0.000000	0.018380	0.006572	0.592772
0.000000	0.000000	0.011669	0.000000	0.000000	0.173990	0.000000	0.046775	0.000000	0.000000	0.000000	0.000000	0.000000	0.000000	0.000000	0.025174	0.000000	0.000000	0.000000	0.053615	0.000000	0.000000	0.000000	0.099071	0.000000	0.000000	0.000000	0.015387	0.005305	0.569013
0.000000	0.000000	0.013123	0.000000	0.000000	0.187109	0.000000	0.057035	0.000000	0.000000	0.000000	0.000000	0.000000	0.000000	0.000000	0.024422	0.000000	0.000000	0.000000	0.048069	0.000000	0.000000	0.000000	0.052518	0.000000	0.000000	0.000000	0.018380	0.006572	0.592772
0.000000	0.000000	0.000000	0.000000	0.000000	0.000000	0.000000	0.000000	0.000000	0.000000	0.000000	0.000000	0.000000	0.000000	1.000000	0.000000	0.000000	0.000000	0.000000	0.000000	0.000000	0.000000	0.000000	0.000000	0.000000	0.000000	0.000000	0.000000	0.000000	0.000000
0.000000	0.000000	0.000000	0.000000	0.000000	0.000000	0.000000	0.000000	0.000000	0.000000	0.000000	0.000000	0.000000	0.000000	1.000000	0.000000	0.000000	0.000000	0.000000	0.000000	0.000000	0.000000	0.000000	0.000000	0.000000	0.000000	0.000000	0.000000	0.000000	0.000000
0.000000	0.000000	0.011669	0.000000	0.000000	0.173992	0.000000	0.046775	0.000000	0.000000	0.000000	0.000000	0.000000	0.000000	0.000000	0.025173	0.000000	0.000000	0.000000	0.053612	0.000000	0.000000	0.000000	0.099071	0.000000	0.000000	0.000000	0.015387	0.005305	0.569016
0.000000	0.000000	0.013123	0.000000	0.000000	0.187109	0.000000	0.057037	0.000000	0.000000	0.000000	0.000000	0.000000	0.000000	0.000000	0.024423	0.000000	0.000000	0.000000	0.048070	0.000000	0.000000	0.000000	0.052518	0.000000	0.000000	0.000000	0.018381	0.006572	0.592768
1.000000	0.000000	0.000000	0.000000	0.000000	0.000000	0.000000	0.000000	0.000000	0.000000	0.000000	0.000000	0.000000	0.000000	0.000000	0.000000	0.000000	0.000000	0.000000	0.000000	0.000000	0.000000	0.000000	0.000000	0.000000	0.000000	0.000000	0.000000	0.000000	0.000000
0.000000	0.000000	0.000000	0.000000	0.000000	0.000000	1.000000	0.000000	0.000000	0.000000	0.000000	0.000000	0.000000	0.000000	0.000000	0.000000	0.000000	0.000000	0.000000	0.000000	0.000000	0.000000	0.000000	0.000000	0.000000	0.000000	0.000000	0.000000	0.000000	0.000000
0.000000	0.000000	0.014111	0.000000	0.000000	0.434159	0.000000	0.203431	0.000000	0.000000	0.000000	0.000000	0.000000	0.000000	0.000000	0.020062	0.000000	0.000000	0.000000	0.010596	0.000000	0.000000	0.000000	0.009467	0.000000	0.000000	0.000000	0.005996	0.041630	0.260549
0.000000	0.000000	0.000000	0.000000	0.000000	0.000000	0.000000	0.000000	0.000000	0.000000	0.000000	0.000000	0.000000	0.000000	0.000000	0.000000	0.000000	0.000000	0.000000	0.000000	0.000000	0.000000	0.000000	0.000000	0.000000	0.000000	1.000000	0.000000	0.000000	0.000000
0.000000	0.000000	0.013123	0.000000	0.000000	0.187111	0.000000	0.057036	0.000000	0.000000	0.000000	0.000000	0.000000	0.000000	0.000000	0.024422	0.000000	0.000000	0.000000	0.048069	0.000000	0.000000	0.000000	0.052518	0.000000	0.000000	0.000000	0.018380	0.006572	0.592769
0.000000	0.000000	0.014111	0.000000	0.000000	0.434160	0.000000	0.203426	0.000000	0.000000	0.000000	0.000000	0.000000	0.000000	0.000000	0.020061	0.000000	0.000000	0.000000	0.010596	0.000000	0.000000	0.000000	0.009467	0.000000	0.000000	0.000000	0.005996	0.041629	0.260554
0.000000	0.000000	0.007087	0.000000	0.000000	0.818235	0.000000	0.042353	0.000000	0.000000	0.000000	0.000000	0.000000	0.000000	0.000000	0.023004	0.000000	0.000000	0.000000	0.002184	0.000000	0.000000	0.000000	0.003934	0.000000	0.000000	0.000000	0.003151	0.005570	0.094481
0.000000	0.000000	0.007087	0.000000	0.000000	0.818235	0.000000	0.042353	0.000000	0.000000	0.000000	0.000000	0.000000	0.000000	0.000000	0.023004	0.000000	0.000000	0.000000	0.002184	0.000000	0.000000	0.000000	0.003934	0.000000	0.000000	0.000000	0.003151	0.005570	0.094481
0.000000	0.000000	0.000000	0.000000	0.000000	0.000000	0.000000	0.000000	0.000000	0.000000	0.000000	0.000000	0.000000	0.000000	0.000000	0.000000	0.000000	0.000000	0.000000	0.000000	0.000000	0.000000	0.000000	0.000000	0.000000	0.000000	1.000000	0.000000	0.000000	0.000000
0.000000	0.000000	0.000000	0.000000	0.000000	0.000000	0.000000	0.000000	0.000000	0.000000	0.000000	0.000000	0.000000	0.000000	0.000000	0.000000	0.000000	0.000000	0.000000	0.000000	0.000000	0.000000	1.000000	0.000000	0.000000	0.000000	0.000000	0.000000	0.000000	0.000000
0.000000	0.000000	0.009848	0.000000	0.000000	0.678390	0.000000	0.087184	0.000000	0.000000	0.000000	0.000000	0.000000	0.000000	0.000000	0.026083	0.000000	0.000000	0.000000	0.006122	0.000000	0.000000	0.000000	0.006733	0.000000	0.000000	0.000000	0.005474	0.015548	0.164618
0.000000	0.000000	0.013194	0.000000	0.000000	0.410925	0.000000	0.197600	0.000000	0.000000	0.000000	0.000000	0.000000	0.000000	0.000000	0.018670	0.000000	0.000000	0.000000	0.009762	0.000000	0.000000	0.000000	0.008802	0.000000	0.000000	0.000000	0.005548	0.090901	0.244599
0.000000	0.000000	0.000000	0.000000	0.000000	0.000000	0.000000	0.000000	1.000000	0.000000	0.000000	0.000000	0.000000	0.000000	0.000000	0.000000	0.000000	0.000000	0.000000	0.000000	0.000000	0.000000	0.000000	0.000000	0.000000	0.000000	0.000000	0.000000	0.000000	0.000000
0.000000	0.000000	0.000000	0.000000	1.000000	0.000000	0.000000	0.000000	0.000000	0.000000	0.000000	0.000000	0.000000	0.000000	0.000000	0.000000	0.000000	0.000000	0.000000	0.000000	0.000000	0.000000	0.000000	0.000000	0.000000	0.000000	0.000000	0.000000	0.000000	0.000000
0.000000	0.000000	0.000000	0.000000	0.000000	0.000000	0.000000	0.000000	0.000000	0.000000	1.000000	0.000000	0.000000	0.000000	0.000000	0.000000	0.000000	0.000000	0.000000	0.000000	0.000000	0.000000	0.000000	0.000000	0.000000	0.000000	0.000000	0.000000	0.000000	0.000000
0.000000	0.000000	0.000000	0.000000	0.000000	0.000000	0.000000	0.000000	0.000000	0.000000	0.000000	0.000000	0.000000	0.000000	0.000000	0.000000	0.000000	0.000000	1.000000	0.000000	0.000000	0.000000	0.000000	0.000000	0.000000	0.000000	0.000000	0.000000	0.000000	0.000000
0.000000	0.000000	0.000000	0.000000	1.000000	0.000000	0.000000	0.000000	0.000000	0.000000	0.000000	0.000000	0.000000	0.000000	0.000000	0.000000	0.000000	0.000000	0.000000	0.000000	0.000000	0.000000	0.000000	0.000000	0.000000	0.000000	0.000000	0.000000	0.000000	0.000000
0.000000	0.000000	0.000000	0.000000	1.000000	0.000000	0.000000	0.000000	0.000000	0.000000	0.000000	0.000000	0.000000	0.000000	0.000000	0.000000	0.000000	0.000000	0.000000	0.000000	0.000000	0.000000	0.000000	0.000000	0.000000	0.000000	0.000000	0.000000	0.000000	0.000000
0.000000	0.000000	0.018208	0.000000	0.000000	0.505479	0.000000	0.055734	0.000000	0.000000	0.000000	0.000000	0.000000	0.000000	0.000000	0.056859	0.000000	0.000000	0.000000	0.020151	0.000000	0.000000	0.000000	0.019821	0.000000	0.000000	0.000000	0.010303	0.007028	0.306417
0.000000	0.000000	0.000000	0.000000	0.000000	0.000000	0.000000	0.000000	0.000000	0.000000	0.000000	0.000000	0.000000	0.000000	0.000000	0.000000	0.000000	0.000000	0.000000	0.000000	0.000000	0.000000	0.000000	0.000000	0.000000	0.000000	0.000000	0.000000	1.000000	0.000000
0.000000	0.000000	0.000000	0.000000	0.000000	0.000000	0.000000	0.000000	0.000000	1.000000	0.000000	0.000000	0.000000	0.000000	0.000000	0.000000	0.000000	0.000000	0.000000	0.000000	0.000000	0.000000	0.000000	0.000000	0.000000	0.000000	0.000000	0.000000	0.000000	0.000000
0.000000	0.000000	0.000000	0.000000	0.000000	0.000000	0.000000	1.000000	0.000000	0.000000	0.000000	0.000000	0.000000	0.000000	0.000000	0.000000	0.000000	0.000000	0.000000	0.000000	0.000000	0.000000	0.000000	0.000000	0.000000	0.000000	0.000000	0.000000	0.000000	0.000000
0.000000	0.000000	0.013123	0.000000	0.000000	0.187106	0.000000	0.057035	0.000000	0.000000	0.000000	0.000000	0.000000	0.000000	0.000000	0.024422	0.000000	0.000000	0.000000	0.048069	0.000000	0.000000	0.000000	0.052518	0.000000	0.000000	0.000000	0.018380	0.006572	0.592775
0.000000	0.000000	0.014111	0.000000	0.000000	0.434162	0.000000	0.203421	0.000000	0.000000	0.000000	0.000000	0.000000	0.000000	0.000000	0.020062	0.000000	0.000000	0.000000	0.010596	0.000000	0.000000	0.000000	0.009467	0.000000	0.000000	0.000000	0.005996	0.041628	0.260556
0.000000	0.000000	0.000000	0.000000	0.000000	0.000000	0.000000	0.000000	0.000000	0.475419	0.000000	0.000000	0.000000	0.000000	0.000000	0.000000	0.000000	0.000000	0.000000	0.000000	0.000000	0.524581	0.000000	0.000000	0.000000	0.000000	0.000000	0.000000	0.000000	0.000000
0.000000	0.000000	0.003130	0.000000	0.000000	0.077276	0.000000	0.012880	0.000000	0.000000	0.000000	0.000000	0.000000	0.000000	0.000000	0.011348	0.000000	0.000000	0.000000	0.062851	0.000000	0.000000	0.000000	0.522285	0.000000	0.000000	0.000000	0.004141	0.001820	0.304269
0.000000	0.000000	0.000000	0.000000	0.000000	0.000000	0.000000	0.000000	0.000000	0.000000	0.000000	0.000000	0.000000	0.000000	0.000000	0.000000	0.000000	0.000000	0.000000	0.000000	1.000000	0.000000	0.000000	0.000000	0.000000	0.000000	0.000000	0.000000	0.000000	0.000000
0.000000	0.000000	0.000000	0.000000	0.000000	0.000000	0.000000	0.000000	0.000000	0.000000	0.000000	0.000000	0.000000	0.000000	0.000000	0.000000	0.000000	0.000000	0.000000	0.000000	1.000000	0.000000	0.000000	0.000000	0.000000	0.000000	0.000000	0.000000	0.000000	0.000000
0.000000	0.000000	0.000000	0.000000	0.000000	0.000000	0.000000	0.000000	0.000000	0.000000	0.000000	0.000000	0.000000	0.000000	0.000000	0.000000	0.000000	0.000000	0.000000	0.000000	1.000000	0.000000	0.000000	0.000000	0.000000	0.000000	0.000000	0.000000	0.000000	0.000000
0.000000	0.000000	0.000000	0.000000	0.000000	0.000000	0.000000	0.000000	0.000000	0.000000	0.000000	0.000000	0.000000	0.000000	0.000000	0.000000	0.000000	0.000000	0.000000	0.000000	1.000000	0.000000	0.000000	0.000000	0.000000	0.000000	0.000000	0.000000	0.000000	0.000000
0.000000	0.000000	0.000000	0.000000	0.000000	0.000000	0.000000	0.000000	0.000000	0.000000	0.000000	0.000000	0.000000	0.000000	0.000000	0.000000	0.000000	0.000000	0.000000	0.000000	1.000000	0.000000	0.000000	0.000000	0.000000	0.000000	0.000000	0.000000	0.000000	0.000000
0.000000	0.000000	0.000000	0.000000	0.000000	0.000000	0.000000	0.000000	0.000000	0.000000	0.000000	0.000000	0.000000	0.000000	0.000000	0.000000	0.000000	0.000000	0.000000	0.000000	1.000000	0.000000	0.000000	0.000000	0.000000	0.000000	0.000000	0.000000	0.000000	0.000000
0.000000	0.000000	0.014382	0.000000	0.000000	0.551256	0.000000	0.052731	0.000000	0.000000	0.000000	0.000000	0.000000	0.000000	0.000000	0.051628	0.000000	0.000000	0.000000	0.017029	0.000000	0.000000	0.000000	0.017092	0.000000	0.000000	0.000000	0.011051	0.006951	0.277880
0.000000	0.000000	0.007087	0.000000	0.000000	0.818231	0.000000	0.042354	0.000000	0.000000	0.000000	0.000000	0.000000	0.000000	0.000000	0.023004	0.000000	0.000000	0.000000	0.002184	0.000000	0.000000	0.000000	0.003934	0.000000	0.000000	0.000000	0.003151	0.005570	0.094484
0.000000	0.000000	0.007087	0.000000	0.000000	0.818234	0.000000	0.042354	0.000000	0.000000	0.000000	0.000000	0.000000	0.000000	0.000000	0.023004	0.000000	0.000000	0.000000	0.002184	0.000000	0.000000	0.000000	0.003934	0.000000	0.000000	0.000000	0.003151	0.005570	0.094482
0.000000	0.000000	0.007087	0.000000	0.000000	0.818234	0.000000	0.042353	0.000000	0.000000	0.000000	0.000000	0.000000	0.000000	0.000000	0.023004	0.000000	0.000000	0.000000	0.002184	0.000000	0.000000	0.000000	0.003934	0.000000	0.000000	0.000000	0.003151	0.005570	0.094483
0.000000	0.000000	0.014111	0.000000	0.000000	0.434158	0.000000	0.203431	0.000000	0.000000	0.000000	0.000000	0.000000	0.000000	0.000000	0.020061	0.000000	0.000000	0.000000	0.010596	0.000000	0.000000	0.000000	0.009467	0.000000	0.000000	0.000000	0.005996	0.041628	0.260552
0.000000	0.000000	0.000000	1.000000	0.000000	0.000000	0.000000	0.000000	0.000000	0.000000	0.000000	0.000000	0.000000	0.000000	0.000000	0.000000	0.000000	0.000000	0.000000	0.000000	0.000000	0.000000	0.000000	0.000000	0.000000	0.000000	0.000000	0.000000	0.000000	0.000000
0.000000	0.000000	0.016340	0.000000	0.000000	0.374388	0.000000	0.167418	0.000000	0.000000	0.000000	0.000000	0.000000	0.000000	0.000000	0.022153	0.000000	0.000000	0.000000	0.018754	0.000000	0.000000	0.000000	0.016011	0.000000	0.000000	0.000000	0.008983	0.032122	0.343830
0.000000	0.000000	0.000000	0.000000	1.000000	0.000000	0.000000	0.000000	0.000000	0.000000	0.000000	0.000000	0.000000	0.000000	0.000000	0.000000	0.000000	0.000000	0.000000	0.000000	0.000000	0.000000	0.000000	0.000000	0.000000	0.000000	0.000000	0.000000	0.000000	0.000000
0.000000	0.000000	0.013742	0.000000	0.000000	0.598444	0.000000	0.053982	0.000000	0.000000	0.000000	0.000000	0.000000	0.000000	0.000000	0.048650	0.000000	0.000000	0.000000	0.012645	0.000000	0.000000	0.000000	0.012294	0.000000	0.000000	0.000000	0.010781	0.007237	0.242225
0.000000	0.000000	0.003486	0.000000	0.000000	0.167886	0.000000	0.125955	0.000000	0.000000	0.000000	0.000000	0.000000	0.000000	0.000000	0.004286	0.000000	0.000000	0.000000	0.001332	0.000000	0.000000	0.000000	0.002044	0.000000	0.000000	0.000000	0.000982	0.616785	0.077244
0.000000	0.000000	0.015465	0.000000	0.000000	0.217924	0.000000	0.079377	0.000000	0.000000	0.000000	0.000000	0.000000	0.000000	0.000000	0.023671	0.000000	0.000000	0.000000	0.041012	0.000000	0.000000	0.000000	0.036838	0.000000	0.000000	0.000000	0.017678	0.010485	0.557549
0.000000	0.000000	0.003486	0.000000	0.000000	0.167898	0.000000	0.125956	0.000000	0.000000	0.000000	0.000000	0.000000	0.000000	0.000000	0.004286	0.000000	0.000000	0.000000	0.001332	0.000000	0.000000	0.000000	0.002044	0.000000	0.000000	0.000000	0.000982	0.616772	0.077245
0.000000	0.000000	0.007087	0.000000	0.000000	0.818234	0.000000	0.042354	0.000000	0.000000	0.000000	0.000000	0.000000	0.000000	0.000000	0.023004	0.000000	0.000000	0.000000	0.002184	0.000000	0.000000	0.000000	0.003934	0.000000	0.000000	0.000000	0.003152	0.005570	0.094481
0.000000	0.000000	0.007089	0.000000	0.000000	0.818233	0.000000	0.042354	0.000000	0.000000	0.000000	0.000000	0.000000	0.000000	0.000000	0.023004	0.000000	0.000000	0.000000	0.002184	0.000000	0.000000	0.000000	0.003934	0.000000	0.000000	0.000000	0.003152	0.005570	0.094481
0.000000	0.000000	0.000000	0.000000	0.000000	0.000000	0.000000	0.000000	0.000000	0.000000	0.000000	0.000000	0.000000	0.000000	0.000000	0.000000	0.000000	0.000000	0.000000	0.000000	0.000000	0.000000	0.000000	0.000000	1.000000	0.000000	0.000000	0.000000	0.000000	0.000000
0.000000	0.000000	0.000000	0.000000	0.000000	0.000000	0.000000	0.000000	0.000000	0.000000	1.000000	0.000000	0.000000	0.000000	0.000000	0.000000	0.000000	0.000000	0.000000	0.000000	0.000000	0.000000	0.000000	0.000000	0.000000	0.000000	0.000000	0.000000	0.000000	0.000000
0.000000	1.000000	0.000000	0.000000	0.000000	0.000000	0.000000	0.000000	0.000000	0.000000	0.000000	0.000000	0.000000	0.000000	0.000000	0.000000	0.000000	0.000000	0.000000	0.000000	0.000000	0.000000	0.000000	0.000000	0.000000	0.000000	0.000000	0.000000	0.000000	0.000000
0.000000	0.000000	0.000000	0.000000	0.000000	0.000000	0.000000	0.000000	0.000000	0.000000	0.000000	0.000000	0.000000	0.000000	1.000000	0.000000	0.000000	0.000000	0.000000	0.000000	0.000000	0.000000	0.000000	0.000000	0.000000	0.000000	0.000000	0.000000	0.000000	0.000000
0.000000	0.000000	0.011669	0.000000	0.000000	0.173994	0.000000	0.046776	0.000000	0.000000	0.000000	0.000000	0.000000	0.000000	0.000000	0.025173	0.000000	0.000000	0.000000	0.053605	0.000000	0.000000	0.000000	0.099076	0.000000	0.000000	0.000000	0.015386	0.005305	0.569016
0.000000	0.000000	0.000000	0.000000	0.000000	0.000000	0.000000	0.000000	1.000000	0.000000	0.000000	0.000000	0.000000	0.000000	0.000000	0.000000	0.000000	0.000000	0.000000	0.000000	0.000000	0.000000	0.000000	0.000000	0.000000	0.000000	0.000000	0.000000	0.000000	0.000000
1.000000	0.000000	0.000000	0.000000	0.000000	0.000000	0.000000	0.000000	0.000000	0.000000	0.000000	0.000000	0.000000	0.000000	0.000000	0.000000	0.000000	0.000000	0.000000	0.000000	0.000000	0.000000	0.000000	0.000000	0.000000	0.000000	0.000000	0.000000	0.000000	0.000000
0.000000	0.000000	0.007087	0.000000	0.000000	0.818236	0.000000	0.042353	0.000000	0.000000	0.000000	0.000000	0.000000	0.000000	0.000000	0.023004	0.000000	0.000000	0.000000	0.002184	0.000000	0.000000	0.000000	0.003934	0.000000	0.000000	0.000000	0.003151	0.005570	0.094481
0.000000	0.000000	0.007087	0.000000	0.000000	0.818235	0.000000	0.042353	0.000000	0.000000	0.000000	0.000000	0.000000	0.000000	0.000000	0.023004	0.000000	0.000000	0.000000	0.002184	0.000000	0.000000	0.000000	0.003934	0.000000	0.000000	0.000000	0.003151	0.005570	0.094481
0.000000	0.000000	0.010462	0.000000	0.000000	0.758839	0.000000	0.045276	0.000000	0.000000	0.000000	0.000000	0.000000	0.000000	0.000000	0.028814	0.000000	0.000000	0.000000	0.004742	0.000000	0.000000	0.000000	0.005907	0.000000	0.000000	0.000000	0.005331	0.005874	0.134754
0.000000	0.000000	0.007087	0.000000	0.000000	0.818234	0.000000	0.042353	0.000000	0.000000	0.000000	0.000000	0.000000	0.000000	0.000000	0.023004	0.000000	0.000000	0.000000	0.002184	0.000000	0.000000	0.000000	0.003934	0.000000	0.000000	0.000000	0.003151	0.005570	0.094482
0.000000	0.000000	0.012581	0.000000	0.000000	0.211800	0.000000	0.056143	0.000000	0.000000	0.000000	0.000000	0.000000	0.000000	0.000000	0.025038	0.000000	0.000000	0.000000	0.040699	0.000000	0.000000	0.000000	0.036245	0.000000	0.000000	0.000000	0.025430	0.006546	0.585517
0.000000	0.000000	0.012582	0.000000	0.000000	0.211809	0.000000	0.056143	0.000000	0.000000	0.000000	0.000000	0.000000	0.000000	0.000000	0.025038	0.000000	0.000000	0.000000	0.040699	0.000000	0.000000	0.000000	0.036246	0.000000	0.000000	0.000000	0.025430	0.006546	0.585508
0.000000	0.000000	0.000000	0.000000	1.000000	0.000000	0.000000	0.000000	0.000000	0.000000	0.000000	0.000000	0.000000	0.000000	0.000000	0.000000	0.000000	0.000000	0.000000	0.000000	0.000000	0.000000	0.000000	0.000000	0.000000	0.000000	0.000000	0.000000	0.000000	0.000000
0.000000	0.000000	0.000000	0.000000	0.000000	0.000000	0.000000	0.000000	0.000000	0.000000	0.000000	0.000000	0.000000	0.000000	0.000000	0.000000	0.000000	0.000000	0.000000	0.000000	0.000000	1.000000	0.000000	0.000000	0.000000	0.000000	0.000000	0.000000	0.000000	0.000000
