0.000000	0.000000	0.000000	0.000000	0.000000	0.000000	0.000000	0.099480	0.000000	0.000000	0.000000	0.000000	0.128075	0.000000	0.172263	0.000000	0.000000	0.318916	0.000000	0.000000	0.000000	0.000000	0.000000	0.000000	0.000000	0.000000	0.000000	0.281266	0.000000	0.000000
0.000000	0.000000	0.000000	0.000000	0.000000	0.273380	0.000000	0.000000	0.000000	0.000000	0.000000	0.000000	0.000000	0.050077	0.000000	0.676542	0.000000	0.000000	0.000000	0.000000	0.000000	0.000000	0.000000	0.000000	0.000000	0.000000	0.000000	0.000000	0.000000	0.000000
0.000000	0.000000	0.000000	0.000000	0.000000	0.233634	0.000000	0.000000	0.000000	0.000000	0.000000	0.000000	0.000000	0.064927	0.000000	0.701439	0.000000	0.000000	0.000000	0.000000	0.000000	0.000000	0.000000	0.000000	0.000000	0.000000	0.000000	0.000000	0.000000	0.000000
0.000000	0.000000	0.000000	0.000000	0.000000	0.229105	0.000000	0.000000	0.000000	0.000000	0.000000	0.000000	0.000000	0.050077	0.000000	0.720818	0.000000	0.000000	0.000000	0.000000	0.000000	0.000000	0.000000	0.000000	0.000000	0.000000	0.000000	0.000000	0.000000	0.000000
0.000000	0.000000	0.000000	0.000000	0.000000	0.232378	0.000000	0.000000	0.000000	0.000000	0.000000	0.000000	0.000000	0.050077	0.000000	0.717545	0.000000	0.000000	0.000000	0.000000	0.000000	0.000000	0.000000	0.000000	0.000000	0.000000	0.000000	0.000000	0.000000	0.000000
0.000000	0.000000	0.000000	0.000000	0.000000	0.229853	0.000000	0.000000	0.000000	0.000000	0.000000	0.000000	0.000000	0.050078	0.000000	0.720069	0.000000	0.000000	0.000000	0.000000	0.000000	0.000000	0.000000	0.000000	0.000000	0.000000	0.000000	0.000000	0.000000	0.000000
0.000000	0.000000	0.000000	0.000000	0.000000	0.228029	0.000000	0.000000	0.000000	0.000000	0.000000	0.000000	0.000000	0.050078	0.000000	0.721893	0.000000	0.000000	0.000000	0.000000	0.000000	0.000000	0.000000	0.000000	0.000000	0.000000	0.000000	0.000000	0.000000	0.000000
0.000000	0.018448	0.000000	0.000000	0.048949	0.000000	0.000000	0.000000	0.069152	0.000000	0.000000	0.000000	0.000000	0.000000	0.000000	0.000000	0.406496	0.000000	0.171666	0.009427	0.000000	0.000000	0.000000	0.000000	0.004317	0.004103	0.000000	0.000000	0.026871	0.240569
0.000000	0.018440	0.000000	0.000000	0.042909	0.000000	0.000000	0.000000	0.070398	0.000000	0.000000	0.000000	0.000000	0.000000	0.000000	0.000000	0.373987	0.000000	0.184519	0.009410	0.000000	0.000000	0.000000	0.000000	0.003645	0.003513	0.000000	0.000000	0.029571	0.263609
0.000000	0.000000	0.000000	0.000000	0.000000	0.000000	0.000000	0.000000	0.000000	0.000000	0.155883	0.231545	0.000000	0.000000	0.000000	0.000000	0.000000	0.000000	0.000000	0.000000	0.000000	0.611075	0.000000	0.000000	0.000000	0.000000	0.000000	0.000000	0.001497	0.000000
0.000000	0.000000	0.000000	0.000000	0.000000	0.000000	1.000000	0.000000	0.000000	0.000000	0.000000	0.000000	0.000000	0.000000	0.000000	0.000000	0.000000	0.000000	0.000000	0.000000	0.000000	0.000000	0.000000	0.000000	0.000000	0.000000	0.000000	0.000000	0.000000	0.000000
0.000000	0.000000	0.000000	0.000000	0.000000	0.000000	0.000000	0.000000	0.000000	0.000000	0.000000	0.000000	0.000000	0.000000	0.000000	0.000000	0.000000	0.000000	0.000000	0.000000	0.999859	0.000000	0.000000	0.000000	0.000000	0.000000	0.000000	0.000000	0.000141	0.000000
0.000000	0.022023	0.000000	0.000000	0.042911	0.000000	0.000000	0.000000	0.077612	0.000000	0.000000	0.000000	0.000000	0.000000	0.000000	0.000000	0.374360	0.000000	0.180252	0.011223	0.000000	0.000000	0.000000	0.000000	0.003646	0.003515	0.000000	0.000000	0.027484	0.256975
0.000000	0.018425	0.000000	0.000000	0.045215	0.000000	0.000000	0.000000	0.069736	0.000000	0.000000	0.000000	0.000000	0.000000	0.000000	0.000000	0.409623	0.000000	0.173035	0.009406	0.000000	0.000000	0.000000	0.000000	0.003692	0.003611	0.000000	0.000000	0.026718	0.240538
0.000000	0.000000	0.000000	0.000000	0.000000	0.000000	0.000000	0.091398	0.000000	0.000000	0.000000	0.000000	0.140195	0.000000	0.161345	0.000000	0.000000	0.349719	0.000000	0.000000	0.000000	0.000000	0.000000	0.000000	0.000000	0.000000	0.000000	0.257343	0.000000	0.000000
0.000000	0.000000	0.000000	0.000000	0.000000	0.000000	0.000000	0.000000	0.000000	0.229010	0.000000	0.000000	0.000000	0.000000	0.000000	0.000000	0.000000	0.000000	0.000000	0.000000	0.000000	0.000000	0.000000	0.000000	0.000000	0.000000	0.770990	0.000000	0.000000	0.000000
