0.000000	0.121076	0.878924	0.000000	0.000000	0.000000	0.000000	0.000000	0.000000	0.000000	0.000000	0.000000	0.000000	0.000000	0.000000	0.000000	0.000000	0.000000	0.000000	0.000000	0.000000	0.000000	0.000000	0.000000	0.000000	0.000000	0.000000	0.000000	0.000000	0.000000
0.000000	0.061044	0.000000	0.000000	0.923611	0.000000	0.000000	0.000000	0.000000	0.000000	0.000000	0.000000	0.000000	0.015346	0.000000	0.000000	0.000000	0.000000	0.000000	0.000000	0.000000	0.000000	0.000000	0.000000	0.000000	0.000000	0.000000	0.000000	0.000000	0.000000
0.000000	0.062376	0.000000	0.000000	0.921965	0.000000	0.000000	0.000000	0.000000	0.000000	0.000000	0.000000	0.000000	0.015659	0.000000	0.000000	0.000000	0.000000	0.000000	0.000000	0.000000	0.000000	0.000000	0.000000	0.000000	0.000000	0.000000	0.000000	0.000000	0.000000
0.020439	0.000000	0.000000	0.148158	0.000000	0.000000	0.000000	0.000000	0.000000	0.000000	0.000000	0.000000	0.000000	0.003505	0.350270	0.000000	0.115601	0.000000	0.007524	0.000000	0.000000	0.000000	0.000000	0.000000	0.035520	0.000000	0.046272	0.166054	0.047664	0.058992
0.000000	0.000000	0.000000	0.000000	0.000000	0.000000	0.000000	0.000000	0.000000	0.000000	0.000000	0.000000	0.000000	0.000000	0.000000	1.000000	0.000000	0.000000	0.000000	0.000000	0.000000	0.000000	0.000000	0.000000	0.000000	0.000000	0.000000	0.000000	0.000000	0.000000
0.020413	0.000000	0.000000	0.147982	0.000000	0.000000	0.000000	0.000000	0.000000	0.000000	0.000000	0.000000	0.000000	0.003491	0.355363	0.000000	0.092600	0.000000	0.007524	0.000000	0.000000	0.000000	0.000000	0.000000	0.035520	0.000000	0.063131	0.165870	0.048389	0.059716
0.020413	0.000000	0.000000	0.147285	0.000000	0.000000	0.000000	0.000000	0.000000	0.000000	0.000000	0.000000	0.000000	0.003491	0.376810	0.000000	0.091509	0.000000	0.007524	0.000000	0.000000	0.000000	0.000000	0.000000	0.035520	0.000000	0.046272	0.165524	0.047165	0.058485
0.020413	0.000000	0.000000	0.148000	0.000000	0.000000	0.000000	0.000000	0.000000	0.000000	0.000000	0.000000	0.000000	0.003491	0.355527	0.000000	0.091553	0.000000	0.007524	0.000000	0.000000	0.000000	0.000000	0.000000	0.035520	0.000000	0.046833	0.167036	0.065732	0.058370
0.020413	0.000000	0.000000	0.170971	0.000000	0.000000	0.000000	0.000000	0.000000	0.000000	0.000000	0.000000	0.000000	0.003491	0.352781	0.000000	0.091544	0.000000	0.007524	0.000000	0.000000	0.000000	0.000000	0.000000	0.035520	0.000000	0.046272	0.166036	0.046773	0.058674
0.020413	0.000000	0.000000	0.170971	0.000000	0.000000	0.000000	0.000000	0.000000	0.000000	0.000000	0.000000	0.000000	0.003491	0.352781	0.000000	0.091544	0.000000	0.007524	0.000000	0.000000	0.000000	0.000000	0.000000	0.035520	0.000000	0.046272	0.166036	0.046773	0.058674
0.020413	0.000000	0.000000	0.147940	0.000000	0.000000	0.000000	0.000000	0.000000	0.000000	0.000000	0.000000	0.000000	0.003491	0.356896	0.000000	0.091879	0.000000	0.012323	0.000000	0.000000	0.000000	0.000000	0.000000	0.035521	0.000000	0.058350	0.166272	0.048035	0.058881
0.000000	0.000000	0.000000	0.000000	0.000000	0.000000	0.916285	0.000000	0.000000	0.000000	0.000000	0.000000	0.000000	0.000000	0.000000	0.000000	0.000000	0.000000	0.000000	0.000000	0.000000	0.083715	0.000000	0.000000	0.000000	0.000000	0.000000	0.000000	0.000000	0.000000
0.000000	0.000000	0.000000	0.000000	0.000000	0.000000	0.000000	0.000000	0.000000	0.000000	0.000000	0.000000	1.000000	0.000000	0.000000	0.000000	0.000000	0.000000	0.000000	0.000000	0.000000	0.000000	0.000000	0.000000	0.000000	0.000000	0.000000	0.000000	0.000000	0.000000
0.000000	0.000000	0.000000	0.000000	0.000000	0.000000	0.000000	0.000000	1.000000	0.000000	0.000000	0.000000	0.000000	0.000000	0.000000	0.000000	0.000000	0.000000	0.000000	0.000000	0.000000	0.000000	0.000000	0.000000	0.000000	0.000000	0.000000	0.000000	0.000000	0.000000
0.020413	0.000000	0.000000	0.147285	0.000000	0.000000	0.000000	0.000000	0.000000	0.000000	0.000000	0.000000	0.000000	0.003491	0.376810	0.000000	0.091509	0.000000	0.007524	0.000000	0.000000	0.000000	0.000000	0.000000	0.035520	0.000000	0.046272	0.165524	0.047165	0.058485
0.020448	0.000000	0.000000	0.147530	0.000000	0.000000	0.000000	0.000000	0.000000	0.000000	0.000000	0.000000	0.000000	0.005702	0.353497	0.000000	0.092156	0.000000	0.007524	0.000000	0.000000	0.000000	0.000000	0.000000	0.035643	0.000000	0.046272	0.185198	0.047330	0.058699
0.000000	0.061708	0.000000	0.000000	0.922935	0.000000	0.000000	0.000000	0.000000	0.000000	0.000000	0.000000	0.000000	0.015357	0.000000	0.000000	0.000000	0.000000	0.000000	0.000000	0.000000	0.000000	0.000000	0.000000	0.000000	0.000000	0.000000	0.000000	0.000000	0.000000
0.020413	0.000000	0.000000	0.147702	0.000000	0.000000	0.000000	0.000000	0.000000	0.000000	0.000000	0.000000	0.000000	0.003491	0.375394	0.000000	0.091885	0.000000	0.007524	0.000000	0.000000	0.000000	0.000000	0.000000	0.035824	0.000000	0.046272	0.165416	0.047386	0.058692
0.020764	0.000000	0.000000	0.147823	0.000000	0.000000	0.000000	0.000000	0.000000	0.000000	0.000000	0.000000	0.000000	0.003492	0.374611	0.000000	0.092236	0.000000	0.007524	0.000000	0.000000	0.000000	0.000000	0.000000	0.035604	0.000000	0.046272	0.166127	0.046772	0.058774
0.020413	0.000000	0.000000	0.147342	0.000000	0.000000	0.000000	0.000000	0.000000	0.000000	0.000000	0.000000	0.000000	0.003492	0.359252	0.000000	0.098114	0.000000	0.007524	0.000000	0.000000	0.000000	0.000000	0.000000	0.041815	0.000000	0.046276	0.166788	0.050799	0.058186
0.020413	0.000000	0.000000	0.147434	0.000000	0.000000	0.000000	0.000000	0.000000	0.000000	0.000000	0.000000	0.000000	0.003491	0.353867	0.000000	0.092630	0.000000	0.007524	0.000000	0.000000	0.000000	0.000000	0.000000	0.035520	0.000000	0.046272	0.185935	0.046808	0.060105
0.000000	0.062213	0.000000	0.000000	0.922419	0.000000	0.000000	0.000000	0.000000	0.000000	0.000000	0.000000	0.000000	0.015368	0.000000	0.000000	0.000000	0.000000	0.000000	0.000000	0.000000	0.000000	0.000000	0.000000	0.000000	0.000000	0.000000	0.000000	0.000000	0.000000
0.020413	0.000000	0.000000	0.148605	0.000000	0.000000	0.000000	0.000000	0.000000	0.000000	0.000000	0.000000	0.000000	0.003492	0.357410	0.000000	0.091641	0.000000	0.007524	0.000000	0.000000	0.000000	0.000000	0.000000	0.051009	0.000000	0.046272	0.166647	0.046773	0.060216
0.020681	0.000000	0.000000	0.147305	0.000000	0.000000	0.000000	0.000000	0.000000	0.000000	0.000000	0.000000	0.000000	0.003493	0.350538	0.000000	0.091813	0.000000	0.007524	0.000000	0.000000	0.000000	0.000000	0.000000	0.035521	0.000000	0.046272	0.187873	0.046787	0.062192
0.032750	0.000000	0.000000	0.159804	0.000000	0.000000	0.000000	0.000000	0.000000	0.000000	0.000000	0.000000	0.000000	0.003491	0.350461	0.000000	0.092225	0.000000	0.007524	0.000000	0.000000	0.000000	0.000000	0.000000	0.035520	0.000000	0.046272	0.167166	0.046773	0.058013
0.000000	0.125921	0.874079	0.000000	0.000000	0.000000	0.000000	0.000000	0.000000	0.000000	0.000000	0.000000	0.000000	0.000000	0.000000	0.000000	0.000000	0.000000	0.000000	0.000000	0.000000	0.000000	0.000000	0.000000	0.000000	0.000000	0.000000	0.000000	0.000000	0.000000
0.020413	0.000000	0.000000	0.148966	0.000000	0.000000	0.000000	0.000000	0.000000	0.000000	0.000000	0.000000	0.000000	0.003492	0.369051	0.000000	0.092348	0.000000	0.007524	0.000000	0.000000	0.000000	0.000000	0.000000	0.035521	0.000000	0.046272	0.168661	0.046793	0.060960
0.000000	0.060967	0.000000	0.000000	0.923831	0.000000	0.000000	0.000000	0.000000	0.000000	0.000000	0.000000	0.000000	0.015202	0.000000	0.000000	0.000000	0.000000	0.000000	0.000000	0.000000	0.000000	0.000000	0.000000	0.000000	0.000000	0.000000	0.000000	0.000000	0.000000
0.020413	0.000000	0.000000	0.150037	0.000000	0.000000	0.000000	0.000000	0.000000	0.000000	0.000000	0.000000	0.000000	0.003491	0.350579	0.000000	0.091947	0.000000	0.007524	0.000000	0.000000	0.000000	0.000000	0.000000	0.035520	0.000000	0.046282	0.189531	0.047123	0.057552
0.000000	0.000000	0.000000	0.000000	0.000000	0.000000	0.000000	0.000000	0.000000	0.000000	0.000000	0.000000	0.000000	0.000000	0.000000	0.000000	0.000000	0.000000	0.000000	0.933628	0.000000	0.000000	0.000000	0.000000	0.000000	0.000000	0.000000	0.000000	0.000000	0.066372
0.020413	0.000000	0.000000	0.147284	0.000000	0.000000	0.000000	0.000000	0.000000	0.000000	0.000000	0.000000	0.000000	0.003491	0.353930	0.000000	0.112142	0.000000	0.007524	0.000000	0.000000	0.000000	0.000000	0.000000	0.035880	0.000000	0.046272	0.166740	0.047464	0.058860
0.000000	0.000000	0.000000	0.000000	0.000000	0.000000	0.000000	0.000000	0.000000	0.000000	0.000000	0.000000	0.000000	0.000000	0.000000	0.000000	0.000000	0.409207	0.000000	0.000000	0.000811	0.000000	0.000000	0.531100	0.000000	0.058882	0.000000	0.000000	0.000000	0.000000
0.020413	0.000000	0.000000	0.170971	0.000000	0.000000	0.000000	0.000000	0.000000	0.000000	0.000000	0.000000	0.000000	0.003491	0.352781	0.000000	0.091544	0.000000	0.007524	0.000000	0.000000	0.000000	0.000000	0.000000	0.035520	0.000000	0.046272	0.166036	0.046773	0.058674
