0.000000	0.000000	0.000000	0.000000	0.000000	0.000000	0.000000	0.000000	0.000000	0.000000	0.000000	0.000000	0.000000	0.000000	0.000000	0.000000	0.000000	0.000000	0.000000	1.000000	0.000000	0.000000	0.000000	0.000000	0.000000	0.000000	0.000000	0.000000	0.000000	0.000000
0.000000	0.000000	0.000000	0.000000	0.000000	0.000000	0.000000	0.000000	0.000000	0.000000	0.000503	0.000000	0.000000	0.000000	0.000000	0.999497	0.000000	0.000000	0.000000	0.000000	0.000000	0.000000	0.000000	0.000000	0.000000	0.000000	0.000000	0.000000	0.000000	0.000000
0.000000	0.000000	0.000000	0.000000	0.000000	0.000000	0.000000	0.000000	0.000000	0.000000	0.000000	0.000000	0.000000	0.000000	0.000000	0.000000	0.000000	0.000000	0.000000	0.000000	0.000000	0.000000	0.000000	0.000000	1.000000	0.000000	0.000000	0.000000	0.000000	0.000000
0.000000	0.002959	0.000000	0.000000	0.000000	0.458814	0.000000	0.000000	0.000000	0.000000	0.000059	0.000000	0.000000	0.387136	0.000000	0.000000	0.000000	0.000000	0.000000	0.000000	0.008293	0.129830	0.006283	0.000000	0.000000	0.000000	0.000000	0.006625	0.000000	0.000000
0.000000	0.012718	0.000000	0.000000	0.000000	0.472470	0.000000	0.000000	0.000000	0.000000	0.000057	0.000000	0.000000	0.369455	0.000000	0.000000	0.000000	0.000000	0.000000	0.000000	0.006944	0.121371	0.005983	0.000000	0.000000	0.000000	0.000000	0.011003	0.000000	0.000000
0.000000	0.000000	0.000000	0.000000	0.000000	0.000000	0.000000	0.000000	0.000000	0.000000	0.000000	1.000000	0.000000	0.000000	0.000000	0.000000	0.000000	0.000000	0.000000	0.000000	0.000000	0.000000	0.000000	0.000000	0.000000	0.000000	0.000000	0.000000	0.000000	0.000000
0.000000	0.000000	0.000000	0.000000	0.000000	0.000000	0.996003	0.000000	0.000000	0.001272	0.000000	0.000000	0.000000	0.000000	0.000000	0.000000	0.000000	0.000000	0.000000	0.000000	0.000000	0.000000	0.000000	0.002724	0.000000	0.000000	0.000000	0.000000	0.000000	0.000000
0.000000	0.000000	0.000000	0.000000	0.000000	0.000000	0.000000	0.000000	0.000000	0.000000	0.000000	0.000000	1.000000	0.000000	0.000000	0.000000	0.000000	0.000000	0.000000	0.000000	0.000000	0.000000	0.000000	0.000000	0.000000	0.000000	0.000000	0.000000	0.000000	0.000000
0.000000	0.000000	0.959744	0.000000	0.000000	0.000000	0.000000	0.000000	0.000000	0.000000	0.000000	0.000000	0.000000	0.000000	0.040256	0.000000	0.000000	0.000000	0.000000	0.000000	0.000000	0.000000	0.000000	0.000000	0.000000	0.000000	0.000000	0.000000	0.000000	0.000000
0.000000	0.002959	0.000000	0.000000	0.000000	0.448320	0.000000	0.000000	0.000000	0.000000	0.000059	0.000000	0.000000	0.405843	0.000000	0.000000	0.000000	0.000000	0.000000	0.000000	0.005927	0.124415	0.006225	0.000000	0.000000	0.000000	0.000000	0.006252	0.000000	0.000000
0.000000	0.002959	0.000000	0.000000	0.000000	0.470677	0.000000	0.000000	0.000000	0.000000	0.000059	0.000000	0.000000	0.383784	0.000000	0.000000	0.000000	0.000000	0.000000	0.000000	0.005928	0.123035	0.007304	0.000000	0.000000	0.000000	0.000000	0.006254	0.000000	0.000000
0.000000	0.002959	0.000000	0.000000	0.000000	0.469808	0.000000	0.000000	0.000000	0.000000	0.000059	0.000000	0.000000	0.385321	0.000000	0.000000	0.000000	0.000000	0.000000	0.000000	0.005927	0.123457	0.006206	0.000000	0.000000	0.000000	0.000000	0.006263	0.000000	0.000000
0.000000	0.000000	0.959844	0.000000	0.000000	0.000000	0.000000	0.000000	0.000000	0.000000	0.000000	0.000000	0.000000	0.000000	0.040156	0.000000	0.000000	0.000000	0.000000	0.000000	0.000000	0.000000	0.000000	0.000000	0.000000	0.000000	0.000000	0.000000	0.000000	0.000000
0.000000	0.002959	0.000000	0.000000	0.000000	0.447308	0.000000	0.000000	0.000000	0.000000	0.000061	0.000000	0.000000	0.407429	0.000000	0.000000	0.000000	0.000000	0.000000	0.000000	0.005928	0.123754	0.006201	0.000000	0.000000	0.000000	0.000000	0.006361	0.000000	0.000000
0.000000	0.000000	0.961045	0.000000	0.000000	0.000000	0.000000	0.000000	0.000000	0.000000	0.000000	0.000000	0.000000	0.000000	0.038955	0.000000	0.000000	0.000000	0.000000	0.000000	0.000000	0.000000	0.000000	0.000000	0.000000	0.000000	0.000000	0.000000	0.000000	0.000000
0.000000	0.000000	0.000000	0.000000	0.000000	0.000000	0.000000	0.000000	0.000000	0.000000	0.000000	0.000000	0.000000	0.000000	0.000000	0.000000	0.000000	0.000000	0.000000	0.000000	0.000000	0.000000	0.000000	0.000000	0.000000	0.000000	0.770803	0.000000	0.000000	0.229197
0.000000	0.000000	0.000000	0.000000	0.000000	0.000000	0.000000	0.000000	0.000000	0.000000	0.000000	0.000000	0.000000	0.000000	0.000000	0.000000	0.000000	0.000000	0.000000	0.000000	0.000000	0.000000	0.000000	0.000000	0.000000	0.000000	0.775363	0.000000	0.000000	0.224637
0.000000	0.000000	0.000000	0.000000	0.000000	0.000000	0.000000	0.000000	0.000000	0.000000	0.000000	0.000000	0.000000	0.000000	0.000000	0.000000	0.000000	0.000000	0.000000	0.000000	0.000000	0.000000	0.000000	0.000000	0.000000	0.000000	0.000000	0.000000	1.000000	0.000000
0.000000	0.000000	0.000000	0.000000	0.000000	0.000000	0.000000	0.000000	0.000000	0.000000	0.000000	1.000000	0.000000	0.000000	0.000000	0.000000	0.000000	0.000000	0.000000	0.000000	0.000000	0.000000	0.000000	0.000000	0.000000	0.000000	0.000000	0.000000	0.000000	0.000000
0.000000	0.000000	0.000000	0.000000	1.000000	0.000000	0.000000	0.000000	0.000000	0.000000	0.000000	0.000000	0.000000	0.000000	0.000000	0.000000	0.000000	0.000000	0.000000	0.000000	0.000000	0.000000	0.000000	0.000000	0.000000	0.000000	0.000000	0.000000	0.000000	0.000000
0.000000	0.002959	0.000000	0.000000	0.000000	0.475684	0.000000	0.000000	0.000000	0.000000	0.000062	0.000000	0.000000	0.378935	0.000000	0.000000	0.000000	0.000000	0.000000	0.000000	0.005933	0.123715	0.006307	0.000000	0.000000	0.000000	0.000000	0.006405	0.000000	0.000000
0.000000	0.002959	0.000000	0.000000	0.000000	0.449511	0.000000	0.000000	0.000000	0.000000	0.000059	0.000000	0.000000	0.404628	0.000000	0.000000	0.000000	0.000000	0.000000	0.000000	0.005927	0.124322	0.006341	0.000000	0.000000	0.000000	0.000000	0.006252	0.000000	0.000000
0.000000	0.002960	0.000000	0.000000	0.000000	0.464591	0.000000	0.000000	0.000000	0.000000	0.000059	0.000000	0.000000	0.389133	0.000000	0.000000	0.000000	0.000000	0.000000	0.000000	0.005927	0.124270	0.006780	0.000000	0.000000	0.000000	0.000000	0.006280	0.000000	0.000000
0.000000	0.000000	0.000000	0.000000	0.000000	0.000000	0.000000	0.000000	0.000000	0.000000	0.000000	1.000000	0.000000	0.000000	0.000000	0.000000	0.000000	0.000000	0.000000	0.000000	0.000000	0.000000	0.000000	0.000000	0.000000	0.000000	0.000000	0.000000	0.000000	0.000000
0.000000	0.000000	0.960854	0.000000	0.000000	0.000000	0.000000	0.000000	0.000000	0.000000	0.000000	0.000000	0.000000	0.000000	0.039146	0.000000	0.000000	0.000000	0.000000	0.000000	0.000000	0.000000	0.000000	0.000000	0.000000	0.000000	0.000000	0.000000	0.000000	0.000000
0.000000	0.002959	0.000000	0.000000	0.000000	0.455271	0.000000	0.000000	0.000000	0.000000	0.000059	0.000000	0.000000	0.398673	0.000000	0.000000	0.000000	0.000000	0.000000	0.000000	0.006109	0.124333	0.006255	0.000000	0.000000	0.000000	0.000000	0.006341	0.000000	0.000000
0.000000	0.000000	0.000000	0.000000	0.000000	0.000000	0.000000	0.000000	0.000000	0.000000	0.000473	0.000000	0.000000	0.000000	0.000000	0.999527	0.000000	0.000000	0.000000	0.000000	0.000000	0.000000	0.000000	0.000000	0.000000	0.000000	0.000000	0.000000	0.000000	0.000000
0.000000	0.000000	0.000000	0.000000	0.000000	0.000000	0.000000	0.008284	0.000000	0.000000	0.000000	0.000000	0.000000	0.000000	0.074136	0.000000	0.000000	0.000000	0.000000	0.000000	0.000000	0.000000	0.000000	0.000000	0.000000	0.917580	0.000000	0.000000	0.000000	0.000000
0.000000	0.000000	0.000000	0.000000	0.000000	0.000000	0.000000	0.000000	0.512897	0.000000	0.000000	0.000000	0.000000	0.000000	0.000000	0.000000	0.000000	0.000000	0.487066	0.000000	0.000000	0.000000	0.000037	0.000000	0.000000	0.000000	0.000000	0.000000	0.000000	0.000000
0.000000	0.002959	0.000000	0.000000	0.000000	0.462046	0.000000	0.000000	0.000000	0.000000	0.000083	0.000000	0.000000	0.391370	0.000000	0.000000	0.000000	0.000000	0.000000	0.000000	0.005962	0.124498	0.006811	0.000000	0.000000	0.000000	0.000000	0.006271	0.000000	0.000000
0.000000	0.000000	0.000000	0.000000	0.000000	0.000000	0.000000	0.008291	0.000000	0.000000	0.000000	0.000000	0.000000	0.000000	0.073526	0.000000	0.000000	0.000000	0.000000	0.000000	0.000000	0.000000	0.000000	0.000000	0.000000	0.918183	0.000000	0.000000	0.000000	0.000000
0.000000	0.000000	0.000000	0.000000	0.000000	0.000000	0.000000	0.000000	0.524464	0.000000	0.000000	0.000000	0.000000	0.000000	0.000000	0.000000	0.000000	0.000000	0.475498	0.000000	0.000000	0.000000	0.000038	0.000000	0.000000	0.000000	0.000000	0.000000	0.000000	0.000000
0.000000	0.002959	0.000000	0.000000	0.000000	0.464115	0.000000	0.000000	0.000000	0.000000	0.000059	0.000000	0.000000	0.390148	0.000000	0.000000	0.000000	0.000000	0.000000	0.000000	0.005928	0.124243	0.006281	0.000000	0.000000	0.000000	0.000000	0.006268	0.000000	0.000000
0.000000	0.000000	0.000000	1.000000	0.000000	0.000000	0.000000	0.000000	0.000000	0.000000	0.000000	0.000000	0.000000	0.000000	0.000000	0.000000	0.000000	0.000000	0.000000	0.000000	0.000000	0.000000	0.000000	0.000000	0.000000	0.000000	0.000000	0.000000	0.000000	0.000000
0.000000	0.000000	0.000000	0.000000	0.000000	0.000000	0.000000	0.000000	0.000000	0.000000	0.000000	0.000000	0.000000	0.000000	0.000000	0.000000	0.000000	0.000000	0.000000	0.000000	0.000000	0.000000	0.000000	0.000000	0.000000	0.000000	0.764680	0.000000	0.000000	0.235320
0.000000	0.000000	0.000000	0.000000	0.000000	0.000000	0.000000	0.000000	0.000000	0.000000	0.000000	0.000000	0.000000	0.000000	0.000000	0.000000	1.000000	0.000000	0.000000	0.000000	0.000000	0.000000	0.000000	0.000000	0.000000	0.000000	0.000000	0.000000	0.000000	0.000000
0.000000	0.002959	0.000000	0.000000	0.000000	0.444996	0.000000	0.000000	0.000000	0.000000	0.000059	0.000000	0.000000	0.377664	0.000000	0.000000	0.000000	0.000000	0.000000	0.000000	0.005928	0.155892	0.006202	0.000000	0.000000	0.000000	0.000000	0.006301	0.000000	0.000000
0.929173	0.000000	0.000000	0.000000	0.000000	0.000000	0.000000	0.070827	0.000000	0.000000	0.000000	0.000000	0.000000	0.000000	0.000000	0.000000	0.000000	0.000000	0.000000	0.000000	0.000000	0.000000	0.000000	0.000000	0.000000	0.000000	0.000000	0.000000	0.000000	0.000000
0.926152	0.000000	0.000000	0.000000	0.000000	0.000000	0.000000	0.073848	0.000000	0.000000	0.000000	0.000000	0.000000	0.000000	0.000000	0.000000	0.000000	0.000000	0.000000	0.000000	0.000000	0.000000	0.000000	0.000000	0.000000	0.000000	0.000000	0.000000	0.000000	0.000000
0.000000	0.000000	0.000000	0.000000	0.000000	0.000000	0.000000	0.000000	0.000000	0.000000	0.000000	0.000000	0.000000	0.000000	0.000000	0.000000	0.000000	1.000000	0.000000	0.000000	0.000000	0.000000	0.000000	0.000000	0.000000	0.000000	0.000000	0.000000	0.000000	0.000000
0.000000	0.090760	0.000000	0.000000	0.000000	0.486905	0.000000	0.000000	0.000000	0.000000	0.000038	0.000000	0.000000	0.271432	0.000000	0.000000	0.000000	0.000000	0.000000	0.000000	0.015052	0.095542	0.004202	0.000000	0.000000	0.000000	0.000000	0.036070	0.000000	0.000000
0.000000	0.000000	0.000000	0.000000	0.000000	0.000000	0.995868	0.000000	0.000000	0.001408	0.000000	0.000000	0.000000	0.000000	0.000000	0.000000	0.000000	0.000000	0.000000	0.000000	0.000000	0.000000	0.000000	0.002725	0.000000	0.000000	0.000000	0.000000	0.000000	0.000000
0.000000	0.000000	0.000000	0.000000	0.000000	0.000000	0.995714	0.000000	0.000000	0.001272	0.000000	0.000000	0.000000	0.000000	0.000000	0.000000	0.000000	0.000000	0.000000	0.000000	0.000000	0.000000	0.000000	0.003013	0.000000	0.000000	0.000000	0.000000	0.000000	0.000000
