0.000000	0.000000	0.027617	0.000000	0.000000	0.000000	0.006852	0.000000	0.000000	0.000000	0.965531	0.000000	0.000000	0.000000	0.000000	0.000000	0.000000	0.000000	0.000000	0.000000	0.000000	0.000000	0.000000	0.000000	0.000000	0.000000	0.000000	0.000000	0.000000	0.000000
0.000000	0.000000	0.000000	0.000000	0.000000	0.000000	0.016605	0.000000	0.000000	0.000000	0.000000	0.000000	0.000000	0.000000	0.000000	0.983395	0.000000	0.000000	0.000000	0.000000	0.000000	0.000000	0.000000	0.000000	0.000000	0.000000	0.000000	0.000000	0.000000	0.000000
0.000000	0.000000	0.000000	0.000000	0.000000	0.000000	0.013819	0.000000	0.000000	0.000000	0.000000	0.002033	0.000000	0.000000	0.821729	0.000000	0.000000	0.000305	0.000000	0.000000	0.000000	0.000000	0.000010	0.000000	0.121232	0.000000	0.000000	0.040873	0.000000	0.000000
0.000000	0.000000	0.000000	0.000000	0.000000	0.000000	0.014260	0.000000	0.000000	0.000000	0.000000	0.003173	0.000000	0.000000	0.732050	0.000000	0.000000	0.000198	0.000000	0.000000	0.000000	0.000000	0.000006	0.000000	0.187691	0.000000	0.000000	0.062623	0.000000	0.000000
0.000000	0.000000	0.000000	0.000000	0.000000	0.000000	0.000000	0.000000	0.000000	0.000000	0.000000	0.000000	0.000000	0.000000	0.000000	0.000000	0.000000	0.000000	0.000000	0.000000	0.000000	0.000000	0.000000	0.000000	0.000000	0.000000	0.000000	0.000000	0.000000	1.000000
0.000000	0.000000	0.000000	0.000000	0.000000	0.000000	0.014222	0.000000	0.000000	0.000000	0.000000	0.002579	0.000000	0.000000	0.777480	0.000000	0.000000	0.000251	0.000000	0.000000	0.000000	0.000000	0.000008	0.000000	0.153792	0.000000	0.000000	0.051668	0.000000	0.000000
0.263905	0.000000	0.000000	0.000000	0.000000	0.000000	0.000000	0.000000	0.000000	0.000000	0.000000	0.000000	0.000000	0.000000	0.000000	0.000000	0.000000	0.000000	0.000000	0.736095	0.000000	0.000000	0.000000	0.000000	0.000000	0.000000	0.000000	0.000000	0.000000	0.000000
0.000000	0.000000	0.000000	0.000000	0.000034	0.999102	0.000000	0.000255	0.000000	0.000000	0.000000	0.000000	0.000273	0.000000	0.000000	0.000000	0.000000	0.000000	0.000000	0.000000	0.000000	0.000000	0.000000	0.000000	0.000000	0.000000	0.000000	0.000000	0.000335	0.000000
0.000000	0.000000	0.000000	0.000000	0.000034	0.999113	0.000000	0.000249	0.000000	0.000000	0.000000	0.000000	0.000255	0.000000	0.000000	0.000000	0.000000	0.000000	0.000000	0.000000	0.000000	0.000000	0.000000	0.000000	0.000000	0.000000	0.000000	0.000000	0.000349	0.000000
0.000000	0.000000	0.000000	0.000000	0.000034	0.999128	0.000000	0.000246	0.000000	0.000000	0.000000	0.000000	0.000255	0.000000	0.000000	0.000000	0.000000	0.000000	0.000000	0.000000	0.000000	0.000000	0.000000	0.000000	0.000000	0.000000	0.000000	0.000000	0.000337	0.000000
0.000000	0.000000	0.000000	0.000000	0.000036	0.999127	0.000000	0.000246	0.000000	0.000000	0.000000	0.000000	0.000255	0.000000	0.000000	0.000000	0.000000	0.000000	0.000000	0.000000	0.000000	0.000000	0.000000	0.000000	0.000000	0.000000	0.000000	0.000000	0.000336	0.000000
0.000000	0.000000	0.000000	0.000000	0.000034	0.999129	0.000000	0.000247	0.000000	0.000000	0.000000	0.000000	0.000255	0.000000	0.000000	0.000000	0.000000	0.000000	0.000000	0.000000	0.000000	0.000000	0.000000	0.000000	0.000000	0.000000	0.000000	0.000000	0.000335	0.000000
0.000000	0.000000	0.000000	0.000000	0.000000	0.000000	0.014275	0.000000	0.000000	0.000000	0.000000	0.003101	0.000000	0.000000	0.731206	0.000000	0.000000	0.000198	0.000000	0.000000	0.000000	0.000000	0.000006	0.000000	0.187707	0.000000	0.000000	0.063506	0.000000	0.000000
0.000000	0.000000	0.000000	0.000000	0.000000	0.000000	0.000000	0.000000	0.000000	1.000000	0.000000	0.000000	0.000000	0.000000	0.000000	0.000000	0.000000	0.000000	0.000000	0.000000	0.000000	0.000000	0.000000	0.000000	0.000000	0.000000	0.000000	0.000000	0.000000	0.000000
0.000000	0.000000	0.000000	0.000000	0.000035	0.999124	0.000000	0.000249	0.000000	0.000000	0.000000	0.000000	0.000256	0.000000	0.000000	0.000000	0.000000	0.000000	0.000000	0.000000	0.000000	0.000000	0.000000	0.000000	0.000000	0.000000	0.000000	0.000000	0.000337	0.000000
0.000000	0.000000	0.000000	0.000000	0.000000	0.000000	0.000000	0.000000	0.000000	0.000000	0.000000	0.000000	0.000000	0.000000	0.000000	0.000000	1.000000	0.000000	0.000000	0.000000	0.000000	0.000000	0.000000	0.000000	0.000000	0.000000	0.000000	0.000000	0.000000	0.000000
0.000000	0.000000	0.027409	0.000000	0.000000	0.000000	0.006892	0.000000	0.000000	0.000000	0.965699	0.000000	0.000000	0.000000	0.000000	0.000000	0.000000	0.000000	0.000000	0.000000	0.000000	0.000000	0.000000	0.000000	0.000000	0.000000	0.000000	0.000000	0.000000	0.000000
0.000000	0.000000	0.000000	0.000000	0.000000	0.000000	0.000000	0.000000	0.000000	1.000000	0.000000	0.000000	0.000000	0.000000	0.000000	0.000000	0.000000	0.000000	0.000000	0.000000	0.000000	0.000000	0.000000	0.000000	0.000000	0.000000	0.000000	0.000000	0.000000	0.000000
0.000000	0.000000	0.000000	0.000000	0.000000	0.000000	0.000000	0.000000	0.000000	0.000000	0.000000	0.000000	0.000000	0.000000	0.000000	0.000000	0.000000	0.000000	0.000000	0.000000	0.000000	0.000000	0.000000	0.000000	0.000000	0.000000	1.000000	0.000000	0.000000	0.000000
0.000000	0.000000	0.000000	0.000000	0.000000	0.000000	0.000000	0.000000	0.000000	0.000000	0.000000	0.000000	0.000000	0.000000	0.000000	0.000000	0.000000	0.000000	0.000000	0.000000	0.000000	0.000000	0.000000	0.000000	0.000000	1.000000	0.000000	0.000000	0.000000	0.000000
0.000000	0.000000	0.000000	0.000000	0.000000	0.000000	0.013908	0.000000	0.000000	0.000000	0.000000	0.002033	0.000000	0.000000	0.821634	0.000000	0.000000	0.000311	0.000000	0.000000	0.000000	0.000000	0.000010	0.000000	0.121232	0.000000	0.000000	0.040873	0.000000	0.000000
0.000000	0.000000	0.000000	0.000000	0.000034	0.999129	0.000000	0.000247	0.000000	0.000000	0.000000	0.000000	0.000255	0.000000	0.000000	0.000000	0.000000	0.000000	0.000000	0.000000	0.000000	0.000000	0.000000	0.000000	0.000000	0.000000	0.000000	0.000000	0.000335	0.000000
0.000000	0.000000	0.000000	0.000000	0.000034	0.999128	0.000000	0.000247	0.000000	0.000000	0.000000	0.000000	0.000255	0.000000	0.000000	0.000000	0.000000	0.000000	0.000000	0.000000	0.000000	0.000000	0.000000	0.000000	0.000000	0.000000	0.000000	0.000000	0.000336	0.000000
0.000000	0.000000	0.000000	0.000000	0.000000	0.000000	0.014260	0.000000	0.000000	0.000000	0.000000	0.003173	0.000000	0.000000	0.732050	0.000000	0.000000	0.000198	0.000000	0.000000	0.000000	0.000000	0.000006	0.000000	0.187691	0.000000	0.000000	0.062623	0.000000	0.000000
0.000000	0.000000	0.000000	0.000000	0.000000	0.000000	0.014002	0.000000	0.000000	0.000000	0.000000	0.002580	0.000000	0.000000	0.777665	0.000000	0.000000	0.000251	0.000000	0.000000	0.000000	0.000000	0.000008	0.000000	0.153804	0.000000	0.000000	0.051691	0.000000	0.000000
0.000000	0.000000	0.000000	0.000000	0.000034	0.999126	0.000000	0.000246	0.000000	0.000000	0.000000	0.000000	0.000255	0.000000	0.000000	0.000000	0.000000	0.000000	0.000000	0.000000	0.000000	0.000000	0.000000	0.000000	0.000000	0.000000	0.000000	0.000000	0.000339	0.000000
0.000000	0.000000	0.000000	0.000000	0.000000	0.000000	0.013855	0.000000	0.000000	0.000000	0.000000	0.002033	0.000000	0.000000	0.821696	0.000000	0.000000	0.000302	0.000000	0.000000	0.000000	0.000000	0.000009	0.000000	0.121232	0.000000	0.000000	0.040873	0.000000	0.000000
0.000000	0.000000	0.000000	0.000000	0.000000	0.000000	0.000000	0.000000	0.000000	0.000000	0.000000	0.000000	0.000000	0.208315	0.000000	0.000000	0.000000	0.000000	0.000000	0.000000	0.000000	0.000000	0.000000	0.788232	0.000000	0.000000	0.000000	0.000000	0.003453	0.000000
0.000000	0.000000	0.000000	0.000000	0.000034	0.999126	0.000000	0.000246	0.000000	0.000000	0.000000	0.000000	0.000255	0.000000	0.000000	0.000000	0.000000	0.000000	0.000000	0.000000	0.000000	0.000000	0.000000	0.000000	0.000000	0.000000	0.000000	0.000000	0.000339	0.000000
0.000000	0.000000	0.000000	0.000000	0.000034	0.999130	0.000000	0.000246	0.000000	0.000000	0.000000	0.000000	0.000255	0.000000	0.000000	0.000000	0.000000	0.000000	0.000000	0.000000	0.000000	0.000000	0.000000	0.000000	0.000000	0.000000	0.000000	0.000000	0.000335	0.000000
0.000000	0.000000	0.000000	0.000000	0.000000	0.000000	0.000000	0.000000	0.000000	0.000000	0.000000	0.000000	0.000000	0.000000	0.000000	0.000000	0.000000	0.000000	0.000000	0.000000	0.000000	0.000000	0.000000	0.000000	0.000000	0.000000	1.000000	0.000000	0.000000	0.000000
0.000000	0.000000	0.000000	0.000000	0.000034	0.999130	0.000000	0.000246	0.000000	0.000000	0.000000	0.000000	0.000255	0.000000	0.000000	0.000000	0.000000	0.000000	0.000000	0.000000	0.000000	0.000000	0.000000	0.000000	0.000000	0.000000	0.000000	0.000000	0.000335	0.000000
