0.000000	0.000004	0.000000	0.000000	0.000000	0.000000	0.061890	0.000000	0.000000	0.000000	0.000000	0.000000	0.000000	0.000143	0.000000	0.000000	0.000000	0.009490	0.000000	0.000000	0.780408	0.000000	0.000000	0.000000	0.000000	0.000000	0.000000	0.148065	0.000000	0.000000
0.000000	0.000004	0.000000	0.000000	0.000000	0.000000	0.062328	0.000000	0.000000	0.000000	0.000000	0.000000	0.000000	0.000142	0.000000	0.000000	0.000000	0.009473	0.000000	0.000000	0.772307	0.000000	0.000000	0.000000	0.000000	0.000000	0.000000	0.155745	0.000000	0.000000
0.000000	0.000000	0.000000	0.000000	0.000000	0.000000	0.000000	0.000000	0.000000	0.000000	0.000000	0.000000	0.000000	0.000000	0.000000	0.000000	0.000000	0.000000	0.000000	0.000000	0.000000	0.000000	0.000000	0.000000	0.000000	0.000000	1.000000	0.000000	0.000000	0.000000
0.000000	0.000004	0.000000	0.000000	0.000000	0.000000	0.062632	0.000000	0.000000	0.000000	0.000000	0.000000	0.000000	0.000141	0.000000	0.000000	0.000000	0.009461	0.000000	0.000000	0.766628	0.000000	0.000000	0.000000	0.000000	0.000000	0.000000	0.161133	0.000000	0.000000
0.000000	0.000004	0.000000	0.000000	0.000000	0.000000	0.062075	0.000000	0.000000	0.000000	0.000000	0.000000	0.000000	0.000143	0.000000	0.000000	0.000000	0.009483	0.000000	0.000000	0.776958	0.000000	0.000000	0.000000	0.000000	0.000000	0.000000	0.151338	0.000000	0.000000
0.000000	0.000004	0.000000	0.000000	0.000000	0.000000	0.062075	0.000000	0.000000	0.000000	0.000000	0.000000	0.000000	0.000143	0.000000	0.000000	0.000000	0.009483	0.000000	0.000000	0.776958	0.000000	0.000000	0.000000	0.000000	0.000000	0.000000	0.151338	0.000000	0.000000
0.000000	0.000005	0.000000	0.000000	0.000000	0.000000	0.067010	0.000000	0.000000	0.000000	0.000000	0.000000	0.000000	0.000129	0.000000	0.000000	0.000000	0.009047	0.000000	0.000000	0.660363	0.000000	0.000000	0.000000	0.000000	0.000000	0.000000	0.263446	0.000000	0.000000
0.000000	0.000005	0.000000	0.000000	0.000000	0.000000	0.067010	0.000000	0.000000	0.000000	0.000000	0.000000	0.000000	0.000129	0.000000	0.000000	0.000000	0.009047	0.000000	0.000000	0.660363	0.000000	0.000000	0.000000	0.000000	0.000000	0.000000	0.263446	0.000000	0.000000
0.000000	0.000005	0.000000	0.000000	0.000000	0.000000	0.066706	0.000000	0.000000	0.000000	0.000000	0.000000	0.000000	0.000130	0.000000	0.000000	0.000000	0.009076	0.000000	0.000000	0.667778	0.000000	0.000000	0.000000	0.000000	0.000000	0.000000	0.256306	0.000000	0.000000
0.000000	0.000005	0.000000	0.000000	0.000000	0.000000	0.066556	0.000000	0.000000	0.000000	0.000000	0.000000	0.000000	0.000131	0.000000	0.000000	0.000000	0.009090	0.000000	0.000000	0.671460	0.000000	0.000000	0.000000	0.000000	0.000000	0.000000	0.252759	0.000000	0.000000
0.000000	0.000004	0.000000	0.000000	0.000000	0.000000	0.063070	0.000000	0.000000	0.000000	0.000000	0.000000	0.000000	0.000141	0.000000	0.000000	0.000000	0.009531	0.000000	0.000000	0.765950	0.000000	0.000000	0.000000	0.000000	0.000000	0.000000	0.161304	0.000000	0.000000
0.000000	0.000004	0.000000	0.000000	0.000000	0.000000	0.063060	0.000000	0.000000	0.000000	0.000000	0.000000	0.000000	0.000142	0.000000	0.000000	0.000000	0.009552	0.000000	0.000000	0.767856	0.000000	0.000000	0.000000	0.000000	0.000000	0.000000	0.159386	0.000000	0.000000
0.000000	0.000004	0.000000	0.000000	0.000000	0.000000	0.063060	0.000000	0.000000	0.000000	0.000000	0.000000	0.000000	0.000142	0.000000	0.000000	0.000000	0.009552	0.000000	0.000000	0.767856	0.000000	0.000000	0.000000	0.000000	0.000000	0.000000	0.159386	0.000000	0.000000
0.000000	0.000004	0.000000	0.000000	0.000000	0.000000	0.063014	0.000000	0.000000	0.000000	0.000000	0.000000	0.000000	0.000141	0.000000	0.000000	0.000000	0.009444	0.000000	0.000000	0.759310	0.000000	0.000000	0.000000	0.000000	0.000000	0.000000	0.168088	0.000000	0.000000
0.000000	0.000004	0.000000	0.000000	0.000000	0.000000	0.063014	0.000000	0.000000	0.000000	0.000000	0.000000	0.000000	0.000141	0.000000	0.000000	0.000000	0.009444	0.000000	0.000000	0.759310	0.000000	0.000000	0.000000	0.000000	0.000000	0.000000	0.168088	0.000000	0.000000
0.000000	0.000004	0.000000	0.000000	0.000000	0.000000	0.063014	0.000000	0.000000	0.000000	0.000000	0.000000	0.000000	0.000141	0.000000	0.000000	0.000000	0.009444	0.000000	0.000000	0.759310	0.000000	0.000000	0.000000	0.000000	0.000000	0.000000	0.168088	0.000000	0.000000
0.000000	0.000004	0.000000	0.000000	0.000000	0.000000	0.063014	0.000000	0.000000	0.000000	0.000000	0.000000	0.000000	0.000141	0.000000	0.000000	0.000000	0.009444	0.000000	0.000000	0.759310	0.000000	0.000000	0.000000	0.000000	0.000000	0.000000	0.168088	0.000000	0.000000
0.000000	0.000004	0.000000	0.000000	0.000000	0.000000	0.061840	0.000000	0.000000	0.000000	0.000000	0.000000	0.000000	0.000143	0.000000	0.000000	0.000000	0.009491	0.000000	0.000000	0.781303	0.000000	0.000000	0.000000	0.000000	0.000000	0.000000	0.147218	0.000000	0.000000
0.000000	0.000004	0.000000	0.000000	0.000000	0.000000	0.061840	0.000000	0.000000	0.000000	0.000000	0.000000	0.000000	0.000143	0.000000	0.000000	0.000000	0.009491	0.000000	0.000000	0.781303	0.000000	0.000000	0.000000	0.000000	0.000000	0.000000	0.147218	0.000000	0.000000
0.000000	0.000004	0.000000	0.000000	0.000000	0.000000	0.061840	0.000000	0.000000	0.000000	0.000000	0.000000	0.000000	0.000143	0.000000	0.000000	0.000000	0.009491	0.000000	0.000000	0.781303	0.000000	0.000000	0.000000	0.000000	0.000000	0.000000	0.147218	0.000000	0.000000
0.000000	0.000000	0.000000	0.000000	0.000000	0.000000	0.000000	0.000000	0.000000	0.000000	0.000000	0.000000	0.000000	0.000000	0.000000	0.000000	0.000000	0.000000	1.000000	0.000000	0.000000	0.000000	0.000000	0.000000	0.000000	0.000000	0.000000	0.000000	0.000000	0.000000
0.000000	0.000005	0.000000	0.000000	0.000000	0.000000	0.067010	0.000000	0.000000	0.000000	0.000000	0.000000	0.000000	0.000129	0.000000	0.000000	0.000000	0.009047	0.000000	0.000000	0.660363	0.000000	0.000000	0.000000	0.000000	0.000000	0.000000	0.263446	0.000000	0.000000
0.000000	0.000004	0.000000	0.000000	0.000000	0.000000	0.063014	0.000000	0.000000	0.000000	0.000000	0.000000	0.000000	0.000141	0.000000	0.000000	0.000000	0.009444	0.000000	0.000000	0.759310	0.000000	0.000000	0.000000	0.000000	0.000000	0.000000	0.168088	0.000000	0.000000
0.000000	0.000004	0.000000	0.000000	0.000000	0.000000	0.062632	0.000000	0.000000	0.000000	0.000000	0.000000	0.000000	0.000141	0.000000	0.000000	0.000000	0.009461	0.000000	0.000000	0.766628	0.000000	0.000000	0.000000	0.000000	0.000000	0.000000	0.161133	0.000000	0.000000
0.000000	0.000004	0.000000	0.000000	0.000000	0.000000	0.063014	0.000000	0.000000	0.000000	0.000000	0.000000	0.000000	0.000141	0.000000	0.000000	0.000000	0.009444	0.000000	0.000000	0.759310	0.000000	0.000000	0.000000	0.000000	0.000000	0.000000	0.168088	0.000000	0.000000
0.000000	0.000004	0.000000	0.000000	0.000000	0.000000	0.062298	0.000000	0.000000	0.000000	0.000000	0.000000	0.000000	0.000142	0.000000	0.000000	0.000000	0.009474	0.000000	0.000000	0.772860	0.000000	0.000000	0.000000	0.000000	0.000000	0.000000	0.155221	0.000000	0.000000
0.000000	0.000004	0.000000	0.000000	0.000000	0.000000	0.062632	0.000000	0.000000	0.000000	0.000000	0.000000	0.000000	0.000141	0.000000	0.000000	0.000000	0.009461	0.000000	0.000000	0.766628	0.000000	0.000000	0.000000	0.000000	0.000000	0.000000	0.161133	0.000000	0.000000
0.000000	0.000004	0.000000	0.000000	0.000000	0.000000	0.062328	0.000000	0.000000	0.000000	0.000000	0.000000	0.000000	0.000142	0.000000	0.000000	0.000000	0.009473	0.000000	0.000000	0.772307	0.000000	0.000000	0.000000	0.000000	0.000000	0.000000	0.155745	0.000000	0.000000
0.000000	0.000004	0.000000	0.000000	0.000000	0.000000	0.062328	0.000000	0.000000	0.000000	0.000000	0.000000	0.000000	0.000142	0.000000	0.000000	0.000000	0.009473	0.000000	0.000000	0.772307	0.000000	0.000000	0.000000	0.000000	0.000000	0.000000	0.155745	0.000000	0.000000
0.000000	0.000004	0.000000	0.000000	0.000000	0.000000	0.062343	0.000000	0.000000	0.000000	0.000000	0.000000	0.000000	0.000142	0.000000	0.000000	0.000000	0.009472	0.000000	0.000000	0.771971	0.000000	0.000000	0.000000	0.000000	0.000000	0.000000	0.156069	0.000000	0.000000
0.000000	0.000004	0.000000	0.000000	0.000000	0.000000	0.062075	0.000000	0.000000	0.000000	0.000000	0.000000	0.000000	0.000143	0.000000	0.000000	0.000000	0.009483	0.000000	0.000000	0.776958	0.000000	0.000000	0.000000	0.000000	0.000000	0.000000	0.151338	0.000000	0.000000
0.000000	0.000004	0.000000	0.000000	0.000000	0.000000	0.063302	0.000000	0.000000	0.000000	0.000000	0.000000	0.000000	0.000140	0.000000	0.000000	0.000000	0.009398	0.000000	0.000000	0.750375	0.000000	0.000000	0.000000	0.000000	0.000000	0.000000	0.176782	0.000000	0.000000
0.000000	0.000005	0.000000	0.000000	0.000000	0.000000	0.067010	0.000000	0.000000	0.000000	0.000000	0.000000	0.000000	0.000129	0.000000	0.000000	0.000000	0.009047	0.000000	0.000000	0.660363	0.000000	0.000000	0.000000	0.000000	0.000000	0.000000	0.263446	0.000000	0.000000
0.000000	0.000005	0.000000	0.000000	0.000000	0.000000	0.067010	0.000000	0.000000	0.000000	0.000000	0.000000	0.000000	0.000129	0.000000	0.000000	0.000000	0.009047	0.000000	0.000000	0.660363	0.000000	0.000000	0.000000	0.000000	0.000000	0.000000	0.263446	0.000000	0.000000
0.000000	0.000005	0.000000	0.000000	0.000000	0.000000	0.066706	0.000000	0.000000	0.000000	0.000000	0.000000	0.000000	0.000130	0.000000	0.000000	0.000000	0.009076	0.000000	0.000000	0.667778	0.000000	0.000000	0.000000	0.000000	0.000000	0.000000	0.256306	0.000000	0.000000
0.000000	0.000005	0.000000	0.000000	0.000000	0.000000	0.066706	0.000000	0.000000	0.000000	0.000000	0.000000	0.000000	0.000130	0.000000	0.000000	0.000000	0.009076	0.000000	0.000000	0.667778	0.000000	0.000000	0.000000	0.000000	0.000000	0.000000	0.256306	0.000000	0.000000
0.000000	0.000004	0.000000	0.000000	0.000000	0.000000	0.061840	0.000000	0.000000	0.000000	0.000000	0.000000	0.000000	0.000143	0.000000	0.000000	0.000000	0.009491	0.000000	0.000000	0.781303	0.000000	0.000000	0.000000	0.000000	0.000000	0.000000	0.147218	0.000000	0.000000
0.000000	0.000004	0.000000	0.000000	0.000000	0.000000	0.061840	0.000000	0.000000	0.000000	0.000000	0.000000	0.000000	0.000143	0.000000	0.000000	0.000000	0.009491	0.000000	0.000000	0.781303	0.000000	0.000000	0.000000	0.000000	0.000000	0.000000	0.147218	0.000000	0.000000
0.000000	0.000004	0.000000	0.000000	0.000000	0.000000	0.061840	0.000000	0.000000	0.000000	0.000000	0.000000	0.000000	0.000143	0.000000	0.000000	0.000000	0.009491	0.000000	0.000000	0.781303	0.000000	0.000000	0.000000	0.000000	0.000000	0.000000	0.147218	0.000000	0.000000
0.000000	0.000004	0.000000	0.000000	0.000000	0.000000	0.063014	0.000000	0.000000	0.000000	0.000000	0.000000	0.000000	0.000141	0.000000	0.000000	0.000000	0.009444	0.000000	0.000000	0.759310	0.000000	0.000000	0.000000	0.000000	0.000000	0.000000	0.168088	0.000000	0.000000
0.000000	0.000004	0.000000	0.000000	0.000000	0.000000	0.061840	0.000000	0.000000	0.000000	0.000000	0.000000	0.000000	0.000143	0.000000	0.000000	0.000000	0.009491	0.000000	0.000000	0.781303	0.000000	0.000000	0.000000	0.000000	0.000000	0.000000	0.147218	0.000000	0.000000
0.000000	0.000004	0.000000	0.000000	0.000000	0.000000	0.062328	0.000000	0.000000	0.000000	0.000000	0.000000	0.000000	0.000142	0.000000	0.000000	0.000000	0.009473	0.000000	0.000000	0.772307	0.000000	0.000000	0.000000	0.000000	0.000000	0.000000	0.155745	0.000000	0.000000
0.000000	0.000000	1.000000	0.000000	0.000000	0.000000	0.000000	0.000000	0.000000	0.000000	0.000000	0.000000	0.000000	0.000000	0.000000	0.000000	0.000000	0.000000	0.000000	0.000000	0.000000	0.000000	0.000000	0.000000	0.000000	0.000000	0.000000	0.000000	0.000000	0.000000
0.000000	0.000004	0.000000	0.000000	0.000000	0.000000	0.061840	0.000000	0.000000	0.000000	0.000000	0.000000	0.000000	0.000143	0.000000	0.000000	0.000000	0.009491	0.000000	0.000000	0.781303	0.000000	0.000000	0.000000	0.000000	0.000000	0.000000	0.147218	0.000000	0.000000
0.000000	0.000000	0.000000	0.000000	1.000000	0.000000	0.000000	0.000000	0.000000	0.000000	0.000000	0.000000	0.000000	0.000000	0.000000	0.000000	0.000000	0.000000	0.000000	0.000000	0.000000	0.000000	0.000000	0.000000	0.000000	0.000000	0.000000	0.000000	0.000000	0.000000
0.000000	0.000000	0.000000	0.000000	0.000000	0.000000	0.000000	0.000000	0.000000	0.000000	0.000000	0.000000	0.000000	0.000000	0.000000	0.000000	0.000000	0.000000	1.000000	0.000000	0.000000	0.000000	0.000000	0.000000	0.000000	0.000000	0.000000	0.000000	0.000000	0.000000
0.000000	0.000005	0.000000	0.000000	0.000000	0.000000	0.067010	0.000000	0.000000	0.000000	0.000000	0.000000	0.000000	0.000129	0.000000	0.000000	0.000000	0.009047	0.000000	0.000000	0.660363	0.000000	0.000000	0.000000	0.000000	0.000000	0.000000	0.263446	0.000000	0.000000
0.000000	0.000004	0.000000	0.000000	0.000000	0.000000	0.062328	0.000000	0.000000	0.000000	0.000000	0.000000	0.000000	0.000142	0.000000	0.000000	0.000000	0.009473	0.000000	0.000000	0.772307	0.000000	0.000000	0.000000	0.000000	0.000000	0.000000	0.155745	0.000000	0.000000
0.000000	0.000005	0.000000	0.000000	0.000000	0.000000	0.066706	0.000000	0.000000	0.000000	0.000000	0.000000	0.000000	0.000130	0.000000	0.000000	0.000000	0.009076	0.000000	0.000000	0.667778	0.000000	0.000000	0.000000	0.000000	0.000000	0.000000	0.256306	0.000000	0.000000
0.000000	0.000004	0.000000	0.000000	0.000000	0.000000	0.062298	0.000000	0.000000	0.000000	0.000000	0.000000	0.000000	0.000142	0.000000	0.000000	0.000000	0.009474	0.000000	0.000000	0.772860	0.000000	0.000000	0.000000	0.000000	0.000000	0.000000	0.155221	0.000000	0.000000
0.000000	0.000000	0.000000	0.000000	1.000000	0.000000	0.000000	0.000000	0.000000	0.000000	0.000000	0.000000	0.000000	0.000000	0.000000	0.000000	0.000000	0.000000	0.000000	0.000000	0.000000	0.000000	0.000000	0.000000	0.000000	0.000000	0.000000	0.000000	0.000000	0.000000
0.000000	0.000000	0.000000	0.000000	0.000000	0.000000	0.000000	0.000000	0.000000	0.000000	0.000000	0.000000	0.000000	0.000000	0.000000	0.000000	0.000000	0.000000	0.000000	0.000000	0.000000	0.000000	0.000000	1.000000	0.000000	0.000000	0.000000	0.000000	0.000000	0.000000
0.000000	0.000000	0.000000	0.000000	0.000000	0.000000	0.000000	0.000000	0.000000	0.000000	0.000000	0.000000	0.000000	0.000000	0.000000	0.000000	0.000000	0.000000	0.000000	0.000000	0.000000	0.000000	0.000000	1.000000	0.000000	0.000000	0.000000	0.000000	0.000000	0.000000
0.000000	0.000004	0.000000	0.000000	0.000000	0.000000	0.061840	0.000000	0.000000	0.000000	0.000000	0.000000	0.000000	0.000143	0.000000	0.000000	0.000000	0.009491	0.000000	0.000000	0.781303	0.000000	0.000000	0.000000	0.000000	0.000000	0.000000	0.147218	0.000000	0.000000
0.000000	0.000004	0.000000	0.000000	0.000000	0.000000	0.062298	0.000000	0.000000	0.000000	0.000000	0.000000	0.000000	0.000142	0.000000	0.000000	0.000000	0.009474	0.000000	0.000000	0.772860	0.000000	0.000000	0.000000	0.000000	0.000000	0.000000	0.155221	0.000000	0.000000
0.000000	0.000004	0.000000	0.000000	0.000000	0.000000	0.062328	0.000000	0.000000	0.000000	0.000000	0.000000	0.000000	0.000142	0.000000	0.000000	0.000000	0.009473	0.000000	0.000000	0.772307	0.000000	0.000000	0.000000	0.000000	0.000000	0.000000	0.155745	0.000000	0.000000
0.000000	0.000004	0.000000	0.000000	0.000000	0.000000	0.063027	0.000000	0.000000	0.000000	0.000000	0.000000	0.000000	0.000141	0.000000	0.000000	0.000000	0.009453	0.000000	0.000000	0.759934	0.000000	0.000000	0.000000	0.000000	0.000000	0.000000	0.167441	0.000000	0.000000
0.000000	0.000004	0.000000	0.000000	0.000000	0.000000	0.063014	0.000000	0.000000	0.000000	0.000000	0.000000	0.000000	0.000141	0.000000	0.000000	0.000000	0.009444	0.000000	0.000000	0.759310	0.000000	0.000000	0.000000	0.000000	0.000000	0.000000	0.168088	0.000000	0.000000
0.000000	0.000004	0.000000	0.000000	0.000000	0.000000	0.061840	0.000000	0.000000	0.000000	0.000000	0.000000	0.000000	0.000143	0.000000	0.000000	0.000000	0.009491	0.000000	0.000000	0.781303	0.000000	0.000000	0.000000	0.000000	0.000000	0.000000	0.147218	0.000000	0.000000
0.000000	0.000000	0.000000	0.000000	0.000000	0.000000	0.000000	0.000000	0.000000	0.000000	0.000000	1.000000	0.000000	0.000000	0.000000	0.000000	0.000000	0.000000	0.000000	0.000000	0.000000	0.000000	0.000000	0.000000	0.000000	0.000000	0.000000	0.000000	0.000000	0.000000
0.000000	0.000000	0.000000	0.000000	0.000000	0.000000	0.000000	0.000000	0.000000	0.000000	0.000000	0.000000	0.000000	0.000000	0.000000	0.000000	0.000000	0.000000	0.000000	0.000000	0.000000	0.000000	0.000000	1.000000	0.000000	0.000000	0.000000	0.000000	0.000000	0.000000
0.000000	0.000000	0.000000	0.000000	0.000000	0.000000	0.000000	0.000000	0.000000	0.000000	0.000000	0.000000	0.000000	0.000000	0.000000	1.000000	0.000000	0.000000	0.000000	0.000000	0.000000	0.000000	0.000000	0.000000	0.000000	0.000000	0.000000	0.000000	0.000000	0.000000
0.000000	0.000000	0.000000	0.000000	0.000000	0.000000	0.000000	0.000000	0.000000	0.000000	0.000000	0.000000	0.000000	0.000000	0.000000	0.000000	0.000000	0.000000	0.000000	0.000000	0.000000	0.000000	0.000000	0.000000	1.000000	0.000000	0.000000	0.000000	0.000000	0.000000
0.000000	0.000000	0.000000	0.000000	0.000000	0.000000	0.000000	0.000000	0.000000	0.000000	0.000000	0.000000	0.000000	0.000000	0.000000	0.000000	0.000000	0.000000	0.000000	0.000000	0.000000	1.000000	0.000000	0.000000	0.000000	0.000000	0.000000	0.000000	0.000000	0.000000
0.000000	0.000000	0.000000	0.000000	0.000000	0.000000	0.000000	1.000000	0.000000	0.000000	0.000000	0.000000	0.000000	0.000000	0.000000	0.000000	0.000000	0.000000	0.000000	0.000000	0.000000	0.000000	0.000000	0.000000	0.000000	0.000000	0.000000	0.000000	0.000000	0.000000
0.000000	0.000000	0.000000	0.000000	0.000000	0.000000	0.000000	0.000000	0.000000	0.000000	0.000000	0.000000	0.000000	0.000000	0.000000	0.000000	0.000000	0.000000	0.000000	0.000000	0.000000	0.000000	0.000000	0.000000	1.000000	0.000000	0.000000	0.000000	0.000000	0.000000
0.000000	0.000000	0.000000	0.000000	0.000000	0.000000	0.000000	0.000000	0.000000	1.000000	0.000000	0.000000	0.000000	0.000000	0.000000	0.000000	0.000000	0.000000	0.000000	0.000000	0.000000	0.000000	0.000000	0.000000	0.000000	0.000000	0.000000	0.000000	0.000000	0.000000
0.000000	0.000000	0.000000	0.000000	0.000000	1.000000	0.000000	0.000000	0.000000	0.000000	0.000000	0.000000	0.000000	0.000000	0.000000	0.000000	0.000000	0.000000	0.000000	0.000000	0.000000	0.000000	0.000000	0.000000	0.000000	0.000000	0.000000	0.000000	0.000000	0.000000
0.000000	0.000000	0.000000	0.000000	0.000000	0.000000	0.000000	0.000000	0.000000	0.000000	0.000000	0.000000	0.000000	0.000000	0.000000	0.000000	0.000000	0.000000	0.000000	0.000000	0.000000	0.000000	0.000000	1.000000	0.000000	0.000000	0.000000	0.000000	0.000000	0.000000
0.000000	0.000000	0.000000	0.000000	0.000000	0.000000	0.000000	0.000000	0.000000	0.000000	0.000000	0.000000	1.000000	0.000000	0.000000	0.000000	0.000000	0.000000	0.000000	0.000000	0.000000	0.000000	0.000000	0.000000	0.000000	0.000000	0.000000	0.000000	0.000000	0.000000
0.000000	0.000000	0.000000	0.000000	0.000000	0.000000	0.000000	0.000000	0.000000	0.000000	0.000000	0.000000	1.000000	0.000000	0.000000	0.000000	0.000000	0.000000	0.000000	0.000000	0.000000	0.000000	0.000000	0.000000	0.000000	0.000000	0.000000	0.000000	0.000000	0.000000
0.000000	0.000000	0.000000	0.000000	0.000000	0.000000	0.000000	0.000000	0.000000	1.000000	0.000000	0.000000	0.000000	0.000000	0.000000	0.000000	0.000000	0.000000	0.000000	0.000000	0.000000	0.000000	0.000000	0.000000	0.000000	0.000000	0.000000	0.000000	0.000000	0.000000
0.000000	0.000000	0.000000	0.000000	0.000000	0.000000	0.000000	0.000000	0.000000	0.000000	0.000000	0.000000	0.000000	0.000000	0.000000	0.000000	0.000000	0.000000	0.000000	0.000000	0.000000	0.000000	0.000000	1.000000	0.000000	0.000000	0.000000	0.000000	0.000000	0.000000
0.000000	0.000000	0.000000	0.000000	0.000000	0.000000	0.000000	0.000000	0.000000	0.000000	0.000000	0.000000	1.000000	0.000000	0.000000	0.000000	0.000000	0.000000	0.000000	0.000000	0.000000	0.000000	0.000000	0.000000	0.000000	0.000000	0.000000	0.000000	0.000000	0.000000
0.000000	0.000000	0.000000	0.000000	0.000000	0.000000	0.000000	0.000000	0.000000	0.000000	0.000000	0.000000	1.000000	0.000000	0.000000	0.000000	0.000000	0.000000	0.000000	0.000000	0.000000	0.000000	0.000000	0.000000	0.000000	0.000000	0.000000	0.000000	0.000000	0.000000
0.000000	0.000000	0.000000	0.000000	0.000000	0.000000	0.000000	0.000000	0.000000	1.000000	0.000000	0.000000	0.000000	0.000000	0.000000	0.000000	0.000000	0.000000	0.000000	0.000000	0.000000	0.000000	0.000000	0.000000	0.000000	0.000000	0.000000	0.000000	0.000000	0.000000
0.000000	0.000000	0.000000	0.000000	0.000000	0.000000	0.000000	0.000000	0.000000	0.000000	0.000000	0.000000	1.000000	0.000000	0.000000	0.000000	0.000000	0.000000	0.000000	0.000000	0.000000	0.000000	0.000000	0.000000	0.000000	0.000000	0.000000	0.000000	0.000000	0.000000
0.000000	0.000000	0.000000	0.000000	0.000000	0.000000	0.000000	0.000000	0.000000	0.000000	0.000000	0.000000	1.000000	0.000000	0.000000	0.000000	0.000000	0.000000	0.000000	0.000000	0.000000	0.000000	0.000000	0.000000	0.000000	0.000000	0.000000	0.000000	0.000000	0.000000
0.000000	0.000000	1.000000	0.000000	0.000000	0.000000	0.000000	0.000000	0.000000	0.000000	0.000000	0.000000	0.000000	0.000000	0.000000	0.000000	0.000000	0.000000	0.000000	0.000000	0.000000	0.000000	0.000000	0.000000	0.000000	0.000000	0.000000	0.000000	0.000000	0.000000
0.000000	0.000004	0.000000	0.000000	0.000000	0.000000	0.061840	0.000000	0.000000	0.000000	0.000000	0.000000	0.000000	0.000143	0.000000	0.000000	0.000000	0.009491	0.000000	0.000000	0.781303	0.000000	0.000000	0.000000	0.000000	0.000000	0.000000	0.147218	0.000000	0.000000
0.000000	0.000004	0.000000	0.000000	0.000000	0.000000	0.064814	0.000000	0.000000	0.000000	0.000000	0.000000	0.000000	0.000136	0.000000	0.000000	0.000000	0.009265	0.000000	0.000000	0.714736	0.000000	0.000000	0.000000	0.000000	0.000000	0.000000	0.211045	0.000000	0.000000
0.000000	0.000004	0.000000	0.000000	0.000000	0.000000	0.061840	0.000000	0.000000	0.000000	0.000000	0.000000	0.000000	0.000143	0.000000	0.000000	0.000000	0.009491	0.000000	0.000000	0.781303	0.000000	0.000000	0.000000	0.000000	0.000000	0.000000	0.147218	0.000000	0.000000
0.000000	0.000004	0.000000	0.000000	0.000000	0.000000	0.062328	0.000000	0.000000	0.000000	0.000000	0.000000	0.000000	0.000142	0.000000	0.000000	0.000000	0.009473	0.000000	0.000000	0.772307	0.000000	0.000000	0.000000	0.000000	0.000000	0.000000	0.155745	0.000000	0.000000
0.000000	0.000000	0.000000	0.000000	0.000000	0.000000	0.000000	0.000000	0.000000	0.000000	0.000000	0.000000	0.000000	0.000000	0.000000	0.000000	0.000000	0.000000	0.000000	0.000000	0.000000	0.000000	0.000000	0.000000	0.000000	1.000000	0.000000	0.000000	0.000000	0.000000
0.000000	0.000000	0.000000	0.000000	0.000000	0.000000	0.000000	0.000000	0.000000	0.000000	0.000000	0.000000	0.000000	0.000000	0.000000	0.000000	0.000000	0.000000	0.000000	0.000000	0.000000	1.000000	0.000000	0.000000	0.000000	0.000000	0.000000	0.000000	0.000000	0.000000
0.000000	0.000004	0.000000	0.000000	0.000000	0.000000	0.062298	0.000000	0.000000	0.000000	0.000000	0.000000	0.000000	0.000142	0.000000	0.000000	0.000000	0.009474	0.000000	0.000000	0.772860	0.000000	0.000000	0.000000	0.000000	0.000000	0.000000	0.155221	0.000000	0.000000
0.000000	0.000004	0.000000	0.000000	0.000000	0.000000	0.062662	0.000000	0.000000	0.000000	0.000000	0.000000	0.000000	0.000141	0.000000	0.000000	0.000000	0.009467	0.000000	0.000000	0.766497	0.000000	0.000000	0.000000	0.000000	0.000000	0.000000	0.161229	0.000000	0.000000
0.000000	0.000004	0.000000	0.000000	0.000000	0.000000	0.062075	0.000000	0.000000	0.000000	0.000000	0.000000	0.000000	0.000143	0.000000	0.000000	0.000000	0.009483	0.000000	0.000000	0.776958	0.000000	0.000000	0.000000	0.000000	0.000000	0.000000	0.151338	0.000000	0.000000
0.000000	0.000000	0.000000	0.000000	0.000000	0.000000	0.000000	0.000000	0.000000	0.000000	0.000000	0.000000	0.000000	0.000000	0.000000	0.000000	0.000000	0.000000	0.000000	0.000000	0.000000	0.000000	0.000000	0.000000	0.000000	0.000000	1.000000	0.000000	0.000000	0.000000
0.000000	0.000000	0.000000	0.000000	0.000000	0.000000	1.000000	0.000000	0.000000	0.000000	0.000000	0.000000	0.000000	0.000000	0.000000	0.000000	0.000000	0.000000	0.000000	0.000000	0.000000	0.000000	0.000000	0.000000	0.000000	0.000000	0.000000	0.000000	0.000000	0.000000
0.000000	0.000005	0.000000	0.000000	0.000000	0.000000	0.067010	0.000000	0.000000	0.000000	0.000000	0.000000	0.000000	0.000129	0.000000	0.000000	0.000000	0.009047	0.000000	0.000000	0.660363	0.000000	0.000000	0.000000	0.000000	0.000000	0.000000	0.263446	0.000000	0.000000
0.000000	0.000005	0.000000	0.000000	0.000000	0.000000	0.066706	0.000000	0.000000	0.000000	0.000000	0.000000	0.000000	0.000130	0.000000	0.000000	0.000000	0.009076	0.000000	0.000000	0.667778	0.000000	0.000000	0.000000	0.000000	0.000000	0.000000	0.256306	0.000000	0.000000
0.000000	0.000005	0.000000	0.000000	0.000000	0.000000	0.066706	0.000000	0.000000	0.000000	0.000000	0.000000	0.000000	0.000130	0.000000	0.000000	0.000000	0.009076	0.000000	0.000000	0.667778	0.000000	0.000000	0.000000	0.000000	0.000000	0.000000	0.256306	0.000000	0.000000
0.000000	0.000004	0.000000	0.000000	0.000000	0.000000	0.063014	0.000000	0.000000	0.000000	0.000000	0.000000	0.000000	0.000141	0.000000	0.000000	0.000000	0.009444	0.000000	0.000000	0.759310	0.000000	0.000000	0.000000	0.000000	0.000000	0.000000	0.168088	0.000000	0.000000
0.000000	0.000004	0.000000	0.000000	0.000000	0.000000	0.063014	0.000000	0.000000	0.000000	0.000000	0.000000	0.000000	0.000141	0.000000	0.000000	0.000000	0.009444	0.000000	0.000000	0.759310	0.000000	0.000000	0.000000	0.000000	0.000000	0.000000	0.168088	0.000000	0.000000
0.000000	0.000004	0.000000	0.000000	0.000000	0.000000	0.061840	0.000000	0.000000	0.000000	0.000000	0.000000	0.000000	0.000143	0.000000	0.000000	0.000000	0.009491	0.000000	0.000000	0.781303	0.000000	0.000000	0.000000	0.000000	0.000000	0.000000	0.147218	0.000000	0.000000
0.000000	0.000004	0.000000	0.000000	0.000000	0.000000	0.061840	0.000000	0.000000	0.000000	0.000000	0.000000	0.000000	0.000143	0.000000	0.000000	0.000000	0.009491	0.000000	0.000000	0.781303	0.000000	0.000000	0.000000	0.000000	0.000000	0.000000	0.147218	0.000000	0.000000
0.000000	0.000004	0.000000	0.000000	0.000000	0.000000	0.063014	0.000000	0.000000	0.000000	0.000000	0.000000	0.000000	0.000141	0.000000	0.000000	0.000000	0.009444	0.000000	0.000000	0.759310	0.000000	0.000000	0.000000	0.000000	0.000000	0.000000	0.168088	0.000000	0.000000
0.000000	0.000004	0.000000	0.000000	0.000000	0.000000	0.063014	0.000000	0.000000	0.000000	0.000000	0.000000	0.000000	0.000141	0.000000	0.000000	0.000000	0.009444	0.000000	0.000000	0.759310	0.000000	0.000000	0.000000	0.000000	0.000000	0.000000	0.168088	0.000000	0.000000
0.000000	0.000004	0.000000	0.000000	0.000000	0.000000	0.062632	0.000000	0.000000	0.000000	0.000000	0.000000	0.000000	0.000141	0.000000	0.000000	0.000000	0.009461	0.000000	0.000000	0.766628	0.000000	0.000000	0.000000	0.000000	0.000000	0.000000	0.161133	0.000000	0.000000
0.000000	0.000004	0.000000	0.000000	0.000000	0.000000	0.063060	0.000000	0.000000	0.000000	0.000000	0.000000	0.000000	0.000142	0.000000	0.000000	0.000000	0.009552	0.000000	0.000000	0.767856	0.000000	0.000000	0.000000	0.000000	0.000000	0.000000	0.159386	0.000000	0.000000
0.000000	0.000005	0.000000	0.000000	0.000000	0.000000	0.067010	0.000000	0.000000	0.000000	0.000000	0.000000	0.000000	0.000129	0.000000	0.000000	0.000000	0.009047	0.000000	0.000000	0.660363	0.000000	0.000000	0.000000	0.000000	0.000000	0.000000	0.263446	0.000000	0.000000
0.000000	0.000004	0.000000	0.000000	0.000000	0.000000	0.062075	0.000000	0.000000	0.000000	0.000000	0.000000	0.000000	0.000143	0.000000	0.000000	0.000000	0.009483	0.000000	0.000000	0.776958	0.000000	0.000000	0.000000	0.000000	0.000000	0.000000	0.151338	0.000000	0.000000
0.000000	0.000000	0.000000	0.000000	1.000000	0.000000	0.000000	0.000000	0.000000	0.000000	0.000000	0.000000	0.000000	0.000000	0.000000	0.000000	0.000000	0.000000	0.000000	0.000000	0.000000	0.000000	0.000000	0.000000	0.000000	0.000000	0.000000	0.000000	0.000000	0.000000
0.000000	0.000000	0.000000	0.000000	1.000000	0.000000	0.000000	0.000000	0.000000	0.000000	0.000000	0.000000	0.000000	0.000000	0.000000	0.000000	0.000000	0.000000	0.000000	0.000000	0.000000	0.000000	0.000000	0.000000	0.000000	0.000000	0.000000	0.000000	0.000000	0.000000
0.000000	0.000000	1.000000	0.000000	0.000000	0.000000	0.000000	0.000000	0.000000	0.000000	0.000000	0.000000	0.000000	0.000000	0.000000	0.000000	0.000000	0.000000	0.000000	0.000000	0.000000	0.000000	0.000000	0.000000	0.000000	0.000000	0.000000	0.000000	0.000000	0.000000
0.000000	0.000000	0.000000	0.000000	0.000000	0.000000	0.000000	0.000000	0.000000	0.000000	0.000000	0.000000	0.000000	0.652480	0.347520	0.000000	0.000000	0.000000	0.000000	0.000000	0.000000	0.000000	0.000000	0.000000	0.000000	0.000000	0.000000	0.000000	0.000000	0.000000
0.000000	0.000000	1.000000	0.000000	0.000000	0.000000	0.000000	0.000000	0.000000	0.000000	0.000000	0.000000	0.000000	0.000000	0.000000	0.000000	0.000000	0.000000	0.000000	0.000000	0.000000	0.000000	0.000000	0.000000	0.000000	0.000000	0.000000	0.000000	0.000000	0.000000
0.000000	0.000000	0.000000	0.000000	0.000000	0.000000	0.000000	0.000000	0.000000	0.000000	0.000000	0.000000	0.000000	0.000000	0.000000	0.000000	0.000000	1.000000	0.000000	0.000000	0.000000	0.000000	0.000000	0.000000	0.000000	0.000000	0.000000	0.000000	0.000000	0.000000
0.000000	0.000004	0.000000	0.000000	0.000000	0.000000	0.061840	0.000000	0.000000	0.000000	0.000000	0.000000	0.000000	0.000143	0.000000	0.000000	0.000000	0.009491	0.000000	0.000000	0.781303	0.000000	0.000000	0.000000	0.000000	0.000000	0.000000	0.147218	0.000000	0.000000
0.000000	0.000000	0.000000	0.000000	0.000000	0.000000	0.329298	0.000000	0.000000	0.000000	0.000000	0.000000	0.000000	0.000000	0.000000	0.000000	0.000000	0.000000	0.000000	0.000000	0.000000	0.000000	0.000000	0.000000	0.670702	0.000000	0.000000	0.000000	0.000000	0.000000
0.000000	0.000000	0.000000	0.000000	0.000000	0.000000	0.000000	0.000000	0.000000	0.000000	0.000000	0.000000	0.000000	0.000000	0.000000	1.000000	0.000000	0.000000	0.000000	0.000000	0.000000	0.000000	0.000000	0.000000	0.000000	0.000000	0.000000	0.000000	0.000000	0.000000
0.000000	0.000004	0.000000	0.000000	0.000000	0.000000	0.062298	0.000000	0.000000	0.000000	0.000000	0.000000	0.000000	0.000142	0.000000	0.000000	0.000000	0.009474	0.000000	0.000000	0.772860	0.000000	0.000000	0.000000	0.000000	0.000000	0.000000	0.155221	0.000000	0.000000
0.000000	0.000004	0.000000	0.000000	0.000000	0.000000	0.062328	0.000000	0.000000	0.000000	0.000000	0.000000	0.000000	0.000142	0.000000	0.000000	0.000000	0.009473	0.000000	0.000000	0.772307	0.000000	0.000000	0.000000	0.000000	0.000000	0.000000	0.155745	0.000000	0.000000
0.000000	0.000004	0.000000	0.000000	0.000000	0.000000	0.062343	0.000000	0.000000	0.000000	0.000000	0.000000	0.000000	0.000142	0.000000	0.000000	0.000000	0.009472	0.000000	0.000000	0.771971	0.000000	0.000000	0.000000	0.000000	0.000000	0.000000	0.156069	0.000000	0.000000
0.000000	0.000004	0.000000	0.000000	0.000000	0.000000	0.062075	0.000000	0.000000	0.000000	0.000000	0.000000	0.000000	0.000143	0.000000	0.000000	0.000000	0.009483	0.000000	0.000000	0.776958	0.000000	0.000000	0.000000	0.000000	0.000000	0.000000	0.151338	0.000000	0.000000
0.000000	0.000004	0.000000	0.000000	0.000000	0.000000	0.063302	0.000000	0.000000	0.000000	0.000000	0.000000	0.000000	0.000140	0.000000	0.000000	0.000000	0.009398	0.000000	0.000000	0.750375	0.000000	0.000000	0.000000	0.000000	0.000000	0.000000	0.176782	0.000000	0.000000
0.000000	0.000005	0.000000	0.000000	0.000000	0.000000	0.067010	0.000000	0.000000	0.000000	0.000000	0.000000	0.000000	0.000129	0.000000	0.000000	0.000000	0.009047	0.000000	0.000000	0.660363	0.000000	0.000000	0.000000	0.000000	0.000000	0.000000	0.263446	0.000000	0.000000
0.000000	0.000005	0.000000	0.000000	0.000000	0.000000	0.066706	0.000000	0.000000	0.000000	0.000000	0.000000	0.000000	0.000130	0.000000	0.000000	0.000000	0.009076	0.000000	0.000000	0.667778	0.000000	0.000000	0.000000	0.000000	0.000000	0.000000	0.256306	0.000000	0.000000
0.000000	0.000004	0.000000	0.000000	0.000000	0.000000	0.061840	0.000000	0.000000	0.000000	0.000000	0.000000	0.000000	0.000143	0.000000	0.000000	0.000000	0.009491	0.000000	0.000000	0.781303	0.000000	0.000000	0.000000	0.000000	0.000000	0.000000	0.147218	0.000000	0.000000
0.000000	0.000004	0.000000	0.000000	0.000000	0.000000	0.061840	0.000000	0.000000	0.000000	0.000000	0.000000	0.000000	0.000143	0.000000	0.000000	0.000000	0.009491	0.000000	0.000000	0.781303	0.000000	0.000000	0.000000	0.000000	0.000000	0.000000	0.147218	0.000000	0.000000
0.000000	0.000005	0.000000	0.000000	0.000000	0.000000	0.066263	0.000000	0.000000	0.000000	0.000000	0.000000	0.000000	0.000131	0.000000	0.000000	0.000000	0.009118	0.000000	0.000000	0.678538	0.000000	0.000000	0.000000	0.000000	0.000000	0.000000	0.245945	0.000000	0.000000
0.000000	0.000005	0.000000	0.000000	0.000000	0.000000	0.067010	0.000000	0.000000	0.000000	0.000000	0.000000	0.000000	0.000129	0.000000	0.000000	0.000000	0.009047	0.000000	0.000000	0.660363	0.000000	0.000000	0.000000	0.000000	0.000000	0.000000	0.263446	0.000000	0.000000
0.000000	0.000004	0.000000	0.000000	0.000000	0.000000	0.062328	0.000000	0.000000	0.000000	0.000000	0.000000	0.000000	0.000142	0.000000	0.000000	0.000000	0.009473	0.000000	0.000000	0.772307	0.000000	0.000000	0.000000	0.000000	0.000000	0.000000	0.155745	0.000000	0.000000
0.000000	0.000000	0.000000	0.000000	0.000000	0.000000	0.000000	0.000000	0.000000	0.000000	0.000000	0.000000	0.000000	0.000000	1.000000	0.000000	0.000000	0.000000	0.000000	0.000000	0.000000	0.000000	0.000000	0.000000	0.000000	0.000000	0.000000	0.000000	0.000000	0.000000
0.000000	0.000000	0.000000	0.000000	0.000000	1.000000	0.000000	0.000000	0.000000	0.000000	0.000000	0.000000	0.000000	0.000000	0.000000	0.000000	0.000000	0.000000	0.000000	0.000000	0.000000	0.000000	0.000000	0.000000	0.000000	0.000000	0.000000	0.000000	0.000000	0.000000
0.000000	0.000004	0.000000	0.000000	0.000000	0.000000	0.063108	0.000000	0.000000	0.000000	0.000000	0.000000	0.000000	0.000141	0.000000	0.000000	0.000000	0.009508	0.000000	0.000000	0.763548	0.000000	0.000000	0.000000	0.000000	0.000000	0.000000	0.163691	0.000000	0.000000
0.000000	0.000004	0.000000	0.000000	0.000000	0.000000	0.061840	0.000000	0.000000	0.000000	0.000000	0.000000	0.000000	0.000143	0.000000	0.000000	0.000000	0.009491	0.000000	0.000000	0.781303	0.000000	0.000000	0.000000	0.000000	0.000000	0.000000	0.147218	0.000000	0.000000
0.000000	0.000004	0.000000	0.000000	0.000000	0.000000	0.061840	0.000000	0.000000	0.000000	0.000000	0.000000	0.000000	0.000143	0.000000	0.000000	0.000000	0.009491	0.000000	0.000000	0.781303	0.000000	0.000000	0.000000	0.000000	0.000000	0.000000	0.147218	0.000000	0.000000
0.000000	0.000004	0.000000	0.000000	0.000000	0.000000	0.061890	0.000000	0.000000	0.000000	0.000000	0.000000	0.000000	0.000143	0.000000	0.000000	0.000000	0.009490	0.000000	0.000000	0.780408	0.000000	0.000000	0.000000	0.000000	0.000000	0.000000	0.148065	0.000000	0.000000
0.000000	0.000004	0.000000	0.000000	0.000000	0.000000	0.061840	0.000000	0.000000	0.000000	0.000000	0.000000	0.000000	0.000143	0.000000	0.000000	0.000000	0.009491	0.000000	0.000000	0.781303	0.000000	0.000000	0.000000	0.000000	0.000000	0.000000	0.147218	0.000000	0.000000
0.000000	0.000004	0.000000	0.000000	0.000000	0.000000	0.062328	0.000000	0.000000	0.000000	0.000000	0.000000	0.000000	0.000142	0.000000	0.000000	0.000000	0.009473	0.000000	0.000000	0.772307	0.000000	0.000000	0.000000	0.000000	0.000000	0.000000	0.155745	0.000000	0.000000
0.000000	0.000004	0.000000	0.000000	0.000000	0.000000	0.062075	0.000000	0.000000	0.000000	0.000000	0.000000	0.000000	0.000143	0.000000	0.000000	0.000000	0.009483	0.000000	0.000000	0.776958	0.000000	0.000000	0.000000	0.000000	0.000000	0.000000	0.151338	0.000000	0.000000
0.000000	0.000004	0.000000	0.000000	0.000000	0.000000	0.062328	0.000000	0.000000	0.000000	0.000000	0.000000	0.000000	0.000142	0.000000	0.000000	0.000000	0.009473	0.000000	0.000000	0.772307	0.000000	0.000000	0.000000	0.000000	0.000000	0.000000	0.155745	0.000000	0.000000
0.000000	0.000004	0.000000	0.000000	0.000000	0.000000	0.062075	0.000000	0.000000	0.000000	0.000000	0.000000	0.000000	0.000143	0.000000	0.000000	0.000000	0.009483	0.000000	0.000000	0.776958	0.000000	0.000000	0.000000	0.000000	0.000000	0.000000	0.151338	0.000000	0.000000
0.000000	0.000000	1.000000	0.000000	0.000000	0.000000	0.000000	0.000000	0.000000	0.000000	0.000000	0.000000	0.000000	0.000000	0.000000	0.000000	0.000000	0.000000	0.000000	0.000000	0.000000	0.000000	0.000000	0.000000	0.000000	0.000000	0.000000	0.000000	0.000000	0.000000
0.000000	0.000000	0.000000	0.000000	0.000000	0.000000	0.000000	0.000000	0.000000	0.000000	0.000000	0.000000	0.000000	0.000000	0.000000	0.000000	0.000000	0.000000	1.000000	0.000000	0.000000	0.000000	0.000000	0.000000	0.000000	0.000000	0.000000	0.000000	0.000000	0.000000
0.000000	0.000005	0.000000	0.000000	0.000000	0.000000	0.066556	0.000000	0.000000	0.000000	0.000000	0.000000	0.000000	0.000131	0.000000	0.000000	0.000000	0.009090	0.000000	0.000000	0.671460	0.000000	0.000000	0.000000	0.000000	0.000000	0.000000	0.252759	0.000000	0.000000
0.000000	0.000004	0.000000	0.000000	0.000000	0.000000	0.063070	0.000000	0.000000	0.000000	0.000000	0.000000	0.000000	0.000141	0.000000	0.000000	0.000000	0.009531	0.000000	0.000000	0.765950	0.000000	0.000000	0.000000	0.000000	0.000000	0.000000	0.161304	0.000000	0.000000
0.000000	0.000004	0.000000	0.000000	0.000000	0.000000	0.061840	0.000000	0.000000	0.000000	0.000000	0.000000	0.000000	0.000143	0.000000	0.000000	0.000000	0.009491	0.000000	0.000000	0.781303	0.000000	0.000000	0.000000	0.000000	0.000000	0.000000	0.147218	0.000000	0.000000
0.000000	0.000004	0.000000	0.000000	0.000000	0.000000	0.063014	0.000000	0.000000	0.000000	0.000000	0.000000	0.000000	0.000141	0.000000	0.000000	0.000000	0.009444	0.000000	0.000000	0.759310	0.000000	0.000000	0.000000	0.000000	0.000000	0.000000	0.168088	0.000000	0.000000
0.000000	0.000004	0.000000	0.000000	0.000000	0.000000	0.061840	0.000000	0.000000	0.000000	0.000000	0.000000	0.000000	0.000143	0.000000	0.000000	0.000000	0.009491	0.000000	0.000000	0.781303	0.000000	0.000000	0.000000	0.000000	0.000000	0.000000	0.147218	0.000000	0.000000
0.000000	0.000004	0.000000	0.000000	0.000000	0.000000	0.061840	0.000000	0.000000	0.000000	0.000000	0.000000	0.000000	0.000143	0.000000	0.000000	0.000000	0.009491	0.000000	0.000000	0.781303	0.000000	0.000000	0.000000	0.000000	0.000000	0.000000	0.147218	0.000000	0.000000
0.000000	0.000004	0.000000	0.000000	0.000000	0.000000	0.063027	0.000000	0.000000	0.000000	0.000000	0.000000	0.000000	0.000141	0.000000	0.000000	0.000000	0.009453	0.000000	0.000000	0.759934	0.000000	0.000000	0.000000	0.000000	0.000000	0.000000	0.167441	0.000000	0.000000
0.000000	0.000004	0.000000	0.000000	0.000000	0.000000	0.063060	0.000000	0.000000	0.000000	0.000000	0.000000	0.000000	0.000142	0.000000	0.000000	0.000000	0.009552	0.000000	0.000000	0.767856	0.000000	0.000000	0.000000	0.000000	0.000000	0.000000	0.159386	0.000000	0.000000
0.000000	0.000005	0.000000	0.000000	0.000000	0.000000	0.067010	0.000000	0.000000	0.000000	0.000000	0.000000	0.000000	0.000129	0.000000	0.000000	0.000000	0.009047	0.000000	0.000000	0.660363	0.000000	0.000000	0.000000	0.000000	0.000000	0.000000	0.263446	0.000000	0.000000
0.000000	0.000004	0.000000	0.000000	0.000000	0.000000	0.063014	0.000000	0.000000	0.000000	0.000000	0.000000	0.000000	0.000141	0.000000	0.000000	0.000000	0.009444	0.000000	0.000000	0.759310	0.000000	0.000000	0.000000	0.000000	0.000000	0.000000	0.168088	0.000000	0.000000
0.000000	0.000005	0.000000	0.000000	0.000000	0.000000	0.067010	0.000000	0.000000	0.000000	0.000000	0.000000	0.000000	0.000129	0.000000	0.000000	0.000000	0.009047	0.000000	0.000000	0.660363	0.000000	0.000000	0.000000	0.000000	0.000000	0.000000	0.263446	0.000000	0.000000
0.000000	0.000004	0.000000	0.000000	0.000000	0.000000	0.063014	0.000000	0.000000	0.000000	0.000000	0.000000	0.000000	0.000141	0.000000	0.000000	0.000000	0.009444	0.000000	0.000000	0.759310	0.000000	0.000000	0.000000	0.000000	0.000000	0.000000	0.168088	0.000000	0.000000
0.000000	0.000005	0.000000	0.000000	0.000000	0.000000	0.067010	0.000000	0.000000	0.000000	0.000000	0.000000	0.000000	0.000129	0.000000	0.000000	0.000000	0.009047	0.000000	0.000000	0.660363	0.000000	0.000000	0.000000	0.000000	0.000000	0.000000	0.263446	0.000000	0.000000
0.000000	0.000004	0.000000	0.000000	0.000000	0.000000	0.063014	0.000000	0.000000	0.000000	0.000000	0.000000	0.000000	0.000141	0.000000	0.000000	0.000000	0.009444	0.000000	0.000000	0.759310	0.000000	0.000000	0.000000	0.000000	0.000000	0.000000	0.168088	0.000000	0.000000
0.000000	0.000004	0.000000	0.000000	0.000000	0.000000	0.063014	0.000000	0.000000	0.000000	0.000000	0.000000	0.000000	0.000141	0.000000	0.000000	0.000000	0.009444	0.000000	0.000000	0.759310	0.000000	0.000000	0.000000	0.000000	0.000000	0.000000	0.168088	0.000000	0.000000
0.000000	0.000000	0.000000	0.000000	0.000000	1.000000	0.000000	0.000000	0.000000	0.000000	0.000000	0.000000	0.000000	0.000000	0.000000	0.000000	0.000000	0.000000	0.000000	0.000000	0.000000	0.000000	0.000000	0.000000	0.000000	0.000000	0.000000	0.000000	0.000000	0.000000
0.000000	0.000004	0.000000	0.000000	0.000000	0.000000	0.061840	0.000000	0.000000	0.000000	0.000000	0.000000	0.000000	0.000143	0.000000	0.000000	0.000000	0.009491	0.000000	0.000000	0.781303	0.000000	0.000000	0.000000	0.000000	0.000000	0.000000	0.147218	0.000000	0.000000
