0.000000	0.000000	0.000000	0.000000	0.012909	0.000000	0.000000	0.000000	0.000000	0.000000	0.000000	0.027146	0.000000	0.000000	0.947024	0.000000	0.000000	0.000185	0.000000	0.000000	0.000000	0.003056	0.000000	0.000000	0.000000	0.000000	0.009033	0.000000	0.000648	0.000000
0.000000	0.000000	0.000000	0.000000	0.012748	0.000000	0.000000	0.000000	0.000000	0.000000	0.000000	0.025356	0.000000	0.000000	0.949659	0.000000	0.000000	0.000168	0.000000	0.000000	0.000000	0.002896	0.000000	0.000000	0.000000	0.000000	0.008569	0.000000	0.000604	0.000000
0.000000	0.000000	0.000000	0.000000	0.012490	0.000000	0.000000	0.000000	0.000000	0.000000	0.000000	0.022225	0.000000	0.000000	0.954225	0.000000	0.000000	0.000135	0.000000	0.000000	0.000000	0.002627	0.000000	0.000000	0.000000	0.000000	0.007771	0.000000	0.000526	0.000000
0.000000	0.000000	0.000000	0.000000	0.000000	0.000000	0.021450	0.000000	0.000000	0.000000	0.029996	0.000000	0.745623	0.000000	0.000000	0.000000	0.000000	0.000000	0.000000	0.000000	0.000000	0.000000	0.000000	0.000000	0.000000	0.160446	0.000000	0.000000	0.000000	0.042486
0.000000	0.000000	0.000000	0.000000	0.012476	0.000000	0.000000	0.000000	0.000000	0.000000	0.000000	0.022039	0.000000	0.000000	0.954494	0.000000	0.000000	0.000134	0.000000	0.000000	0.000000	0.002611	0.000000	0.000000	0.000000	0.000000	0.007724	0.000000	0.000522	0.000000
0.000000	0.000000	0.000000	0.000000	0.000000	0.000000	0.000000	0.000000	0.000000	0.000000	0.000000	0.000000	0.000000	0.000000	0.000000	0.000000	1.000000	0.000000	0.000000	0.000000	0.000000	0.000000	0.000000	0.000000	0.000000	0.000000	0.000000	0.000000	0.000000	0.000000
0.000000	0.000000	0.000000	0.000000	0.057561	0.000000	0.000000	0.000000	0.000000	0.000000	0.000000	0.567496	0.000000	0.000000	0.118803	0.000000	0.000000	0.026899	0.000000	0.000000	0.000000	0.066890	0.000000	0.000000	0.000000	0.000000	0.148427	0.000000	0.013924	0.000000
0.000000	0.000000	0.000000	0.000000	0.000000	0.000000	0.000000	0.000000	0.000000	0.000000	0.000000	0.000000	0.000000	0.000000	0.000000	0.000000	0.000000	0.000000	1.000000	0.000000	0.000000	0.000000	0.000000	0.000000	0.000000	0.000000	0.000000	0.000000	0.000000	0.000000
0.000000	0.000000	0.000000	0.000000	0.000000	0.000000	0.000000	0.000000	0.000000	0.000000	0.000000	0.000000	0.000000	0.000000	0.000000	0.000000	0.000000	0.000000	1.000000	0.000000	0.000000	0.000000	0.000000	0.000000	0.000000	0.000000	0.000000	0.000000	0.000000	0.000000
0.000000	0.000000	0.000000	0.000000	0.000000	0.000000	0.000000	0.000000	0.000000	0.000000	0.000000	0.000000	0.000000	1.000000	0.000000	0.000000	0.000000	0.000000	0.000000	0.000000	0.000000	0.000000	0.000000	0.000000	0.000000	0.000000	0.000000	0.000000	0.000000	0.000000
0.000000	0.000000	0.000000	0.000000	0.000000	0.000000	0.000000	0.000000	0.000000	0.000000	0.000000	0.000000	0.000000	0.000000	0.000000	0.000000	0.000000	0.000000	0.000000	0.000000	0.000000	0.000000	0.000000	1.000000	0.000000	0.000000	0.000000	0.000000	0.000000	0.000000
0.000000	0.000000	0.000000	0.000000	0.013042	0.000000	0.000000	0.000000	0.000000	0.000000	0.000000	0.028904	0.000000	0.000000	0.944474	0.000000	0.000000	0.000203	0.000000	0.000000	0.000000	0.003209	0.000000	0.000000	0.000000	0.000000	0.009475	0.000000	0.000691	0.000000
0.000000	0.000000	0.000000	0.000000	0.012243	0.000000	0.000000	0.000000	0.000000	0.000000	0.000000	0.019248	0.000000	0.000000	0.958572	0.000000	0.000000	0.000106	0.000000	0.000000	0.000000	0.002371	0.000000	0.000000	0.000000	0.000000	0.007008	0.000000	0.000453	0.000000
0.000000	0.000000	0.000000	0.000000	0.012243	0.000000	0.000000	0.000000	0.000000	0.000000	0.000000	0.019248	0.000000	0.000000	0.958572	0.000000	0.000000	0.000106	0.000000	0.000000	0.000000	0.002371	0.000000	0.000000	0.000000	0.000000	0.007008	0.000000	0.000453	0.000000
0.000000	0.000000	0.000000	0.000000	0.000000	0.000000	0.000000	0.000000	0.000000	0.000000	0.000000	0.000000	0.000000	0.000000	0.000000	0.000000	0.000000	0.000000	0.000000	0.000000	0.000000	0.000000	1.000000	0.000000	0.000000	0.000000	0.000000	0.000000	0.000000	0.000000
0.000000	0.000000	0.000000	0.000000	0.012771	0.000000	0.000000	0.000000	0.000000	0.000000	0.000000	0.025602	0.000000	0.000000	0.949295	0.000000	0.000000	0.000170	0.000000	0.000000	0.000000	0.002920	0.000000	0.000000	0.000000	0.000000	0.008632	0.000000	0.000610	0.000000
0.000000	0.000000	0.000000	0.000000	0.012748	0.000000	0.000000	0.000000	0.000000	0.000000	0.000000	0.025356	0.000000	0.000000	0.949660	0.000000	0.000000	0.000168	0.000000	0.000000	0.000000	0.002896	0.000000	0.000000	0.000000	0.000000	0.008569	0.000000	0.000604	0.000000
0.000000	0.000000	0.000000	0.000000	0.012477	0.000000	0.000000	0.000000	0.000000	0.000000	0.000000	0.022039	0.000000	0.000000	0.954493	0.000000	0.000000	0.000134	0.000000	0.000000	0.000000	0.002611	0.000000	0.000000	0.000000	0.000000	0.007724	0.000000	0.000522	0.000000
0.000000	0.000000	0.000000	0.000000	0.012493	0.000000	0.000000	0.000000	0.000000	0.000000	0.000000	0.022041	0.000000	0.000000	0.954472	0.000000	0.000000	0.000134	0.000000	0.000000	0.000000	0.002612	0.000000	0.000000	0.000000	0.000000	0.007727	0.000000	0.000522	0.000000
0.000000	0.000000	0.000000	0.000000	0.012483	0.000000	0.000000	0.000000	0.000000	0.000000	0.000000	0.022039	0.000000	0.000000	0.954486	0.000000	0.000000	0.000134	0.000000	0.000000	0.000000	0.002612	0.000000	0.000000	0.000000	0.000000	0.007725	0.000000	0.000522	0.000000
0.000000	0.000000	0.000000	0.000000	0.017263	0.000000	0.000000	0.000000	0.000000	0.000000	0.000000	0.080335	0.000000	0.000000	0.869302	0.000000	0.000000	0.000787	0.000000	0.000000	0.000000	0.007700	0.000000	0.000000	0.000000	0.000000	0.022646	0.000000	0.001967	0.000000
0.000000	0.000000	0.000000	0.000000	0.057944	0.000000	0.000000	0.000000	0.000000	0.000000	0.000000	0.579691	0.000000	0.000000	0.138831	0.000000	0.000000	0.006908	0.000000	0.000000	0.000000	0.051618	0.000000	0.000000	0.000000	0.000000	0.150635	0.000000	0.014373	0.000000
0.000000	0.000000	0.000000	0.000000	0.057962	0.000000	0.000000	0.000000	0.000000	0.000000	0.000000	0.579664	0.000000	0.000000	0.138841	0.000000	0.000000	0.006908	0.000000	0.000000	0.000000	0.051600	0.000000	0.000000	0.000000	0.000000	0.150654	0.000000	0.014372	0.000000
0.000000	0.000000	0.000000	0.000000	0.057952	0.000000	0.000000	0.000000	0.000000	0.000000	0.000000	0.579656	0.000000	0.000000	0.138832	0.000000	0.000000	0.006908	0.000000	0.000000	0.000000	0.051612	0.000000	0.000000	0.000000	0.000000	0.150669	0.000000	0.014373	0.000000
0.000000	0.000000	0.000000	0.000000	0.057958	0.000000	0.000000	0.000000	0.000000	0.000000	0.000000	0.579655	0.000000	0.000000	0.138840	0.000000	0.000000	0.006908	0.000000	0.000000	0.000000	0.051598	0.000000	0.000000	0.000000	0.000000	0.150670	0.000000	0.014372	0.000000
0.000000	0.000000	0.000000	0.000000	0.057965	0.000000	0.000000	0.000000	0.000000	0.000000	0.000000	0.579646	0.000000	0.000000	0.138831	0.000000	0.000000	0.006908	0.000000	0.000000	0.000000	0.051631	0.000000	0.000000	0.000000	0.000000	0.150649	0.000000	0.014370	0.000000
0.000000	0.000000	0.000000	0.000000	0.057992	0.000000	0.000000	0.000000	0.000000	0.000000	0.000000	0.579579	0.000000	0.000000	0.138855	0.000000	0.000000	0.006908	0.000000	0.000000	0.000000	0.051611	0.000000	0.000000	0.000000	0.000000	0.150684	0.000000	0.014370	0.000000
0.000000	0.000000	0.000000	0.000000	0.057976	0.000000	0.000000	0.000000	0.000000	0.000000	0.000000	0.579551	0.000000	0.000000	0.138852	0.000000	0.000000	0.006908	0.000000	0.000000	0.000000	0.051655	0.000000	0.000000	0.000000	0.000000	0.150674	0.000000	0.014384	0.000000
0.000000	0.000000	0.000000	0.000000	0.057969	0.000000	0.000000	0.000000	0.000000	0.000000	0.000000	0.579621	0.000000	0.000000	0.138839	0.000000	0.000000	0.006908	0.000000	0.000000	0.000000	0.051597	0.000000	0.000000	0.000000	0.000000	0.150695	0.000000	0.014370	0.000000
0.000000	0.000000	0.000000	0.000000	0.057946	0.000000	0.000000	0.000000	0.000000	0.000000	0.000000	0.579652	0.000000	0.000000	0.138821	0.000000	0.000000	0.006908	0.000000	0.000000	0.000000	0.051624	0.000000	0.000000	0.000000	0.000000	0.150678	0.000000	0.014372	0.000000
0.000000	0.000000	0.000000	0.000000	0.057887	0.000000	0.000000	0.000000	0.000000	0.000000	0.000000	0.577607	0.000000	0.000000	0.136622	0.000000	0.000000	0.009610	0.000000	0.000000	0.000000	0.053703	0.000000	0.000000	0.000000	0.000000	0.150269	0.000000	0.014303	0.000000
0.000000	0.000000	0.000000	0.000000	0.057966	0.000000	0.000000	0.000000	0.000000	0.000000	0.000000	0.579640	0.000000	0.000000	0.138832	0.000000	0.000000	0.006908	0.000000	0.000000	0.000000	0.051602	0.000000	0.000000	0.000000	0.000000	0.150657	0.000000	0.014395	0.000000
0.000000	0.000000	0.000000	0.000000	0.000000	0.000000	0.003572	0.000000	0.000000	0.000000	0.009508	0.000000	0.938260	0.000000	0.000000	0.000000	0.000000	0.000000	0.000000	0.000000	0.000000	0.000000	0.000000	0.000000	0.000000	0.026705	0.000000	0.000000	0.000000	0.021955
0.000000	0.000000	0.000000	0.000000	0.000000	0.000000	0.003495	0.000000	0.000000	0.000000	0.009450	0.000000	0.938916	0.000000	0.000000	0.000000	0.000000	0.000000	0.000000	0.000000	0.000000	0.000000	0.000000	0.000000	0.000000	0.026128	0.000000	0.000000	0.000000	0.022011
0.000000	0.000000	0.000000	0.000000	0.000000	0.000000	0.003572	0.000000	0.000000	0.000000	0.009508	0.000000	0.938260	0.000000	0.000000	0.000000	0.000000	0.000000	0.000000	0.000000	0.000000	0.000000	0.000000	0.000000	0.000000	0.026705	0.000000	0.000000	0.000000	0.021956
0.000000	0.000000	0.000000	0.000000	0.000000	0.000000	0.003572	0.000000	0.000000	0.000000	0.009508	0.000000	0.938253	0.000000	0.000000	0.000000	0.000000	0.000000	0.000000	0.000000	0.000000	0.000000	0.000000	0.000000	0.000000	0.026705	0.000000	0.000000	0.000000	0.021963
0.000000	0.000000	0.000000	0.000000	0.000000	0.000000	0.003572	0.000000	0.000000	0.000000	0.009508	0.000000	0.938242	0.000000	0.000000	0.000000	0.000000	0.000000	0.000000	0.000000	0.000000	0.000000	0.000000	0.000000	0.000000	0.026705	0.000000	0.000000	0.000000	0.021974
0.000000	0.000000	0.000000	0.000000	0.000000	0.000000	0.003572	0.000000	0.000000	0.000000	0.009513	0.000000	0.938254	0.000000	0.000000	0.000000	0.000000	0.000000	0.000000	0.000000	0.000000	0.000000	0.000000	0.000000	0.000000	0.026705	0.000000	0.000000	0.000000	0.021956
0.000000	0.000000	0.000000	0.000000	0.000000	0.000000	0.003495	0.000000	0.000000	0.000000	0.009435	0.000000	0.938994	0.000000	0.000000	0.000000	0.000000	0.000000	0.000000	0.000000	0.000000	0.000000	0.000000	0.000000	0.000000	0.026128	0.000000	0.000000	0.000000	0.021949
0.000000	0.000000	0.000000	0.000000	0.000000	0.000000	0.003572	0.000000	0.000000	0.000000	0.009508	0.000000	0.938260	0.000000	0.000000	0.000000	0.000000	0.000000	0.000000	0.000000	0.000000	0.000000	0.000000	0.000000	0.000000	0.026705	0.000000	0.000000	0.000000	0.021956
0.000000	0.000000	0.000000	0.000000	0.000000	0.000000	0.003572	0.000000	0.000000	0.000000	0.009508	0.000000	0.938248	0.000000	0.000000	0.000000	0.000000	0.000000	0.000000	0.000000	0.000000	0.000000	0.000000	0.000000	0.000000	0.026705	0.000000	0.000000	0.000000	0.021968
0.000000	0.000000	0.000000	0.000000	0.052002	0.000000	0.000000	0.000000	0.000000	0.000000	0.000000	0.506260	0.000000	0.000000	0.246171	0.000000	0.000000	0.006005	0.000000	0.000000	0.000000	0.045171	0.000000	0.000000	0.000000	0.000000	0.131841	0.000000	0.012549	0.000000
0.000000	0.000000	0.000000	0.000000	0.000000	0.000000	0.003572	0.000000	0.000000	0.000000	0.009508	0.000000	0.938258	0.000000	0.000000	0.000000	0.000000	0.000000	0.000000	0.000000	0.000000	0.000000	0.000000	0.000000	0.000000	0.026705	0.000000	0.000000	0.000000	0.021958
0.000000	0.000000	0.000000	0.000000	0.000000	0.000000	0.000000	0.000000	0.000000	0.000000	0.000000	0.000000	0.000000	1.000000	0.000000	0.000000	0.000000	0.000000	0.000000	0.000000	0.000000	0.000000	0.000000	0.000000	0.000000	0.000000	0.000000	0.000000	0.000000	0.000000
0.000000	0.000000	0.000000	0.000000	0.000000	0.000000	0.000000	0.000000	0.000000	0.000000	0.000000	0.000000	0.000000	1.000000	0.000000	0.000000	0.000000	0.000000	0.000000	0.000000	0.000000	0.000000	0.000000	0.000000	0.000000	0.000000	0.000000	0.000000	0.000000	0.000000
0.000000	0.000000	0.000000	0.000000	0.000000	0.000000	0.002874	0.000000	0.000000	0.000000	0.008827	0.000000	0.945045	0.000000	0.000000	0.000000	0.000000	0.000000	0.000000	0.000000	0.000000	0.000000	0.000000	0.000000	0.000000	0.021489	0.000000	0.000000	0.000000	0.021765
0.000000	0.000000	0.000000	0.000000	0.000000	0.000000	0.003572	0.000000	0.000000	0.000000	0.009508	0.000000	0.938258	0.000000	0.000000	0.000000	0.000000	0.000000	0.000000	0.000000	0.000000	0.000000	0.000000	0.000000	0.000000	0.026705	0.000000	0.000000	0.000000	0.021958
0.000000	0.000000	0.000000	0.000000	0.000000	0.000000	0.008244	0.000000	0.000000	0.000000	0.014872	0.000000	0.887924	0.000000	0.000000	0.000000	0.000000	0.000000	0.000000	0.000000	0.000000	0.000000	0.000000	0.000000	0.000000	0.061629	0.000000	0.000000	0.000000	0.027330
0.000000	0.000000	0.000000	0.000000	0.000000	0.000000	0.021464	0.000000	0.000000	0.000000	0.030028	0.000000	0.745698	0.000000	0.000000	0.000000	0.000000	0.000000	0.000000	0.000000	0.000000	0.000000	0.000000	0.000000	0.000000	0.160307	0.000000	0.000000	0.000000	0.042504
0.000000	0.000000	0.000000	0.000000	0.000000	0.000000	0.021464	0.000000	0.000000	0.000000	0.029987	0.000000	0.745683	0.000000	0.000000	0.000000	0.000000	0.000000	0.000000	0.000000	0.000000	0.000000	0.000000	0.000000	0.000000	0.160374	0.000000	0.000000	0.000000	0.042491
0.000000	0.000000	0.000000	0.000000	0.000000	0.000000	0.021436	0.000000	0.000000	0.000000	0.029957	0.000000	0.745756	0.000000	0.000000	0.000000	0.000000	0.000000	0.000000	0.000000	0.000000	0.000000	0.000000	0.000000	0.000000	0.160412	0.000000	0.000000	0.000000	0.042439
0.000000	0.000000	0.000000	0.000000	0.000000	0.000000	0.003572	0.000000	0.000000	0.000000	0.009508	0.000000	0.938260	0.000000	0.000000	0.000000	0.000000	0.000000	0.000000	0.000000	0.000000	0.000000	0.000000	0.000000	0.000000	0.026705	0.000000	0.000000	0.000000	0.021956
0.000000	0.000000	0.000000	0.000000	0.000000	0.000000	0.003572	0.000000	0.000000	0.000000	0.009508	0.000000	0.938260	0.000000	0.000000	0.000000	0.000000	0.000000	0.000000	0.000000	0.000000	0.000000	0.000000	0.000000	0.000000	0.026705	0.000000	0.000000	0.000000	0.021956
0.000000	0.000000	0.000000	0.000000	0.015549	0.000000	0.000000	0.000000	0.000000	0.000000	0.000000	0.059374	0.000000	0.000000	0.899915	0.000000	0.000000	0.000554	0.000000	0.000000	0.000000	0.005873	0.000000	0.000000	0.000000	0.000000	0.017287	0.000000	0.001448	0.000000
0.000000	0.000000	0.000000	0.000000	0.012909	0.000000	0.000000	0.000000	0.000000	0.000000	0.000000	0.027145	0.000000	0.000000	0.947028	0.000000	0.000000	0.000185	0.000000	0.000000	0.000000	0.003055	0.000000	0.000000	0.000000	0.000000	0.009030	0.000000	0.000648	0.000000
0.000000	0.000000	0.000000	0.000000	0.012789	0.000000	0.000000	0.000000	0.000000	0.000000	0.000000	0.025715	0.000000	0.000000	0.949116	0.000000	0.000000	0.000171	0.000000	0.000000	0.000000	0.002932	0.000000	0.000000	0.000000	0.000000	0.008663	0.000000	0.000613	0.000000
0.000000	0.000000	0.000000	0.000000	0.012496	0.000000	0.000000	0.000000	0.000000	0.000000	0.000000	0.022226	0.000000	0.000000	0.954216	0.000000	0.000000	0.000135	0.000000	0.000000	0.000000	0.002629	0.000000	0.000000	0.000000	0.000000	0.007772	0.000000	0.000526	0.000000
1.000000	0.000000	0.000000	0.000000	0.000000	0.000000	0.000000	0.000000	0.000000	0.000000	0.000000	0.000000	0.000000	0.000000	0.000000	0.000000	0.000000	0.000000	0.000000	0.000000	0.000000	0.000000	0.000000	0.000000	0.000000	0.000000	0.000000	0.000000	0.000000	0.000000
0.000000	0.000000	0.000000	0.000000	0.012590	0.000000	0.000000	0.000000	0.000000	0.000000	0.000000	0.023255	0.000000	0.000000	0.952699	0.000000	0.000000	0.000146	0.000000	0.000000	0.000000	0.002718	0.000000	0.000000	0.000000	0.000000	0.008040	0.000000	0.000552	0.000000
