0.000000	0.075656	0.001691	0.000000	0.000000	0.003754	0.000000	0.000000	0.000000	0.000000	0.000000	0.451667	0.000000	0.000000	0.000000	0.000000	0.025961	0.000000	0.000000	0.000000	0.006283	0.000000	0.000000	0.069800	0.001550	0.362420	0.000000	0.000000	0.001217	0.000000
0.000000	0.075656	0.001691	0.000000	0.000000	0.003754	0.000000	0.000000	0.000000	0.000000	0.000000	0.451667	0.000000	0.000000	0.000000	0.000000	0.025961	0.000000	0.000000	0.000000	0.006283	0.000000	0.000000	0.069800	0.001550	0.362420	0.000000	0.000000	0.001217	0.000000
0.000000	0.456254	0.005733	0.000000	0.000000	0.000692	0.000000	0.000000	0.000000	0.000000	0.000000	0.236034	0.000000	0.000000	0.000000	0.000000	0.005041	0.000000	0.000000	0.000000	0.004289	0.000000	0.000000	0.141483	0.003549	0.146737	0.000000	0.000000	0.000188	0.000000
0.000000	0.456255	0.005733	0.000000	0.000000	0.000692	0.000000	0.000000	0.000000	0.000000	0.000000	0.236034	0.000000	0.000000	0.000000	0.000000	0.005041	0.000000	0.000000	0.000000	0.004289	0.000000	0.000000	0.141483	0.003549	0.146737	0.000000	0.000000	0.000188	0.000000
0.000000	0.461387	0.005684	0.000000	0.000000	0.000669	0.000000	0.000000	0.000000	0.000000	0.000000	0.233119	0.000000	0.000000	0.000000	0.000000	0.004863	0.000000	0.000000	0.000000	0.004236	0.000000	0.000000	0.142417	0.003531	0.143913	0.000000	0.000000	0.000181	0.000000
0.000000	0.075656	0.001691	0.000000	0.000000	0.003754	0.000000	0.000000	0.000000	0.000000	0.000000	0.451669	0.000000	0.000000	0.000000	0.000000	0.025961	0.000000	0.000000	0.000000	0.006283	0.000000	0.000000	0.069800	0.001550	0.362419	0.000000	0.000000	0.001217	0.000000
0.000000	0.077312	0.001740	0.000000	0.000000	0.003590	0.000000	0.000000	0.000000	0.000000	0.000000	0.451151	0.000000	0.000000	0.000000	0.000000	0.025030	0.000000	0.000000	0.000000	0.006287	0.000000	0.000000	0.070118	0.001563	0.362062	0.000000	0.000000	0.001147	0.000000
0.000000	0.050653	0.000911	0.000000	0.000000	0.016908	0.000000	0.000000	0.000000	0.000000	0.000000	0.443400	0.000000	0.000000	0.000000	0.000000	0.086480	0.000001	0.000000	0.000000	0.005794	0.000000	0.000000	0.063210	0.002009	0.322962	0.000000	0.000000	0.007673	0.000000
0.000000	0.041689	0.000620	0.000000	0.000000	0.028178	0.000000	0.000000	0.000000	0.000000	0.000000	0.436392	0.000000	0.000000	0.000000	0.000000	0.118807	0.000001	0.000000	0.000000	0.005358	0.000000	0.000000	0.060323	0.002320	0.291359	0.000000	0.000000	0.014953	0.000000
0.000000	0.097950	0.002312	0.000000	0.000000	0.002988	0.000000	0.000000	0.000000	0.000000	0.000000	0.440712	0.000000	0.000000	0.000000	0.000000	0.021472	0.000000	0.000000	0.000000	0.006278	0.000000	0.000000	0.073992	0.001800	0.351597	0.000000	0.000000	0.000900	0.000000
0.000000	0.078562	0.001775	0.000000	0.000000	0.003647	0.000000	0.000000	0.000000	0.000000	0.000000	0.450313	0.000000	0.000000	0.000000	0.000000	0.025330	0.000000	0.000000	0.000000	0.006284	0.000000	0.000000	0.070342	0.001584	0.360990	0.000000	0.000000	0.001173	0.000000
0.000000	0.052588	0.000973	0.000000	0.000000	0.014350	0.000000	0.000000	0.000000	0.000000	0.000000	0.444611	0.000000	0.000000	0.000000	0.000000	0.079731	0.000001	0.000000	0.000000	0.005915	0.000000	0.000000	0.063830	0.001945	0.329832	0.000000	0.000000	0.006225	0.000000
0.000000	0.075656	0.001691	0.000000	0.000000	0.003754	0.000000	0.000000	0.000000	0.000000	0.000000	0.451667	0.000000	0.000000	0.000000	0.000000	0.025961	0.000000	0.000000	0.000000	0.006283	0.000000	0.000000	0.069800	0.001550	0.362421	0.000000	0.000000	0.001217	0.000000
0.000000	0.054006	0.001019	0.000000	0.000000	0.011582	0.000000	0.000000	0.000000	0.000000	0.000000	0.445692	0.000000	0.000000	0.000000	0.000000	0.073966	0.000001	0.000000	0.000000	0.006053	0.000000	0.000000	0.064338	0.001887	0.336872	0.000000	0.000000	0.004585	0.000000
0.000000	0.456254	0.005733	0.000000	0.000000	0.000692	0.000000	0.000000	0.000000	0.000000	0.000000	0.236034	0.000000	0.000000	0.000000	0.000000	0.005041	0.000000	0.000000	0.000000	0.004289	0.000000	0.000000	0.141483	0.003549	0.146737	0.000000	0.000000	0.000188	0.000000
0.000000	0.078938	0.001793	0.000000	0.000000	0.003147	0.000000	0.000000	0.000000	0.000000	0.000000	0.451303	0.000000	0.000000	0.000000	0.000000	0.022582	0.000000	0.000000	0.000000	0.006299	0.000000	0.000000	0.070463	0.001556	0.362966	0.000000	0.000000	0.000952	0.000000
0.000000	0.054006	0.001019	0.000000	0.000000	0.011582	0.000000	0.000000	0.000000	0.000000	0.000000	0.445693	0.000000	0.000000	0.000000	0.000000	0.073965	0.000001	0.000000	0.000000	0.006053	0.000000	0.000000	0.064338	0.001888	0.336872	0.000000	0.000000	0.004585	0.000000
0.000000	0.077312	0.001740	0.000000	0.000000	0.003590	0.000000	0.000000	0.000000	0.000000	0.000000	0.451153	0.000000	0.000000	0.000000	0.000000	0.025030	0.000000	0.000000	0.000000	0.006287	0.000000	0.000000	0.070118	0.001563	0.362059	0.000000	0.000000	0.001147	0.000000
0.000000	0.456254	0.005733	0.000000	0.000000	0.000692	0.000000	0.000000	0.000000	0.000000	0.000000	0.236034	0.000000	0.000000	0.000000	0.000000	0.005041	0.000000	0.000000	0.000000	0.004289	0.000000	0.000000	0.141483	0.003549	0.146737	0.000000	0.000000	0.000188	0.000000
0.000000	0.097950	0.002312	0.000000	0.000000	0.002988	0.000000	0.000000	0.000000	0.000000	0.000000	0.440710	0.000000	0.000000	0.000000	0.000000	0.021472	0.000000	0.000000	0.000000	0.006277	0.000000	0.000000	0.073992	0.001800	0.351598	0.000000	0.000000	0.000900	0.000000
0.000000	0.077312	0.001740	0.000000	0.000000	0.003590	0.000000	0.000000	0.000000	0.000000	0.000000	0.451152	0.000000	0.000000	0.000000	0.000000	0.025030	0.000000	0.000000	0.000000	0.006287	0.000000	0.000000	0.070118	0.001563	0.362061	0.000000	0.000000	0.001147	0.000000
0.000000	0.272785	0.074725	0.000000	0.000000	0.000843	0.000000	0.000000	0.000000	0.000000	0.000000	0.302839	0.000000	0.000000	0.000000	0.000000	0.006481	0.000000	0.000000	0.000000	0.022413	0.000000	0.000000	0.101032	0.035217	0.183449	0.000000	0.000000	0.000215	0.000000
0.000000	0.461387	0.005684	0.000000	0.000000	0.000669	0.000000	0.000000	0.000000	0.000000	0.000000	0.233119	0.000000	0.000000	0.000000	0.000000	0.004863	0.000000	0.000000	0.000000	0.004236	0.000000	0.000000	0.142417	0.003531	0.143913	0.000000	0.000000	0.000181	0.000000
0.000000	0.090018	0.002087	0.000000	0.000000	0.003417	0.000000	0.000000	0.000000	0.000000	0.000000	0.444226	0.000000	0.000000	0.000000	0.000000	0.023921	0.000000	0.000000	0.000000	0.006274	0.000000	0.000000	0.072484	0.001721	0.354770	0.000000	0.000000	0.001082	0.000000
0.000000	0.000000	0.000000	0.000000	0.000000	0.000000	0.000000	0.000000	0.000000	0.000000	0.000000	0.000000	0.000000	0.000000	0.000000	1.000000	0.000000	0.000000	0.000000	0.000000	0.000000	0.000000	0.000000	0.000000	0.000000	0.000000	0.000000	0.000000	0.000000	0.000000
0.000000	0.456254	0.005733	0.000000	0.000000	0.000692	0.000000	0.000000	0.000000	0.000000	0.000000	0.236034	0.000000	0.000000	0.000000	0.000000	0.005041	0.000000	0.000000	0.000000	0.004289	0.000000	0.000000	0.141484	0.003549	0.146737	0.000000	0.000000	0.000188	0.000000
0.000000	0.456254	0.005733	0.000000	0.000000	0.000692	0.000000	0.000000	0.000000	0.000000	0.000000	0.236034	0.000000	0.000000	0.000000	0.000000	0.005041	0.000000	0.000000	0.000000	0.004289	0.000000	0.000000	0.141484	0.003549	0.146737	0.000000	0.000000	0.000188	0.000000
0.000000	0.071912	0.001574	0.000000	0.000000	0.005174	0.000000	0.000000	0.000000	0.000000	0.000000	0.450504	0.000000	0.000000	0.000000	0.000000	0.034621	0.000000	0.000000	0.000000	0.006241	0.000000	0.000000	0.068843	0.001613	0.357687	0.000000	0.000000	0.001830	0.000000
0.000000	0.090018	0.002087	0.000000	0.000000	0.003417	0.000000	0.000000	0.000000	0.000000	0.000000	0.444226	0.000000	0.000000	0.000000	0.000000	0.023921	0.000000	0.000000	0.000000	0.006274	0.000000	0.000000	0.072484	0.001721	0.354769	0.000000	0.000000	0.001082	0.000000
0.000000	0.491385	0.005431	0.000000	0.000000	0.000522	0.000000	0.000000	0.000000	0.000000	0.000000	0.216098	0.000000	0.000000	0.000000	0.000000	0.003769	0.000000	0.000000	0.000000	0.003938	0.000000	0.000000	0.147952	0.003435	0.127330	0.000000	0.000000	0.000139	0.000000
0.000000	0.075656	0.001691	0.000000	0.000000	0.003754	0.000000	0.000000	0.000000	0.000000	0.000000	0.451667	0.000000	0.000000	0.000000	0.000000	0.025961	0.000000	0.000000	0.000000	0.006283	0.000000	0.000000	0.069800	0.001550	0.362421	0.000000	0.000000	0.001217	0.000000
0.000000	0.107357	0.002571	0.000000	0.000000	0.002897	0.000000	0.000000	0.000000	0.000000	0.000000	0.435540	0.000000	0.000000	0.000000	0.000000	0.020855	0.000000	0.000000	0.000000	0.006268	0.000000	0.000000	0.075736	0.001921	0.345986	0.000000	0.000000	0.000869	0.000000
0.000000	0.110100	0.002647	0.000000	0.000000	0.002846	0.000000	0.000000	0.000000	0.000000	0.000000	0.434097	0.000000	0.000000	0.000000	0.000000	0.020535	0.000000	0.000000	0.000000	0.006266	0.000000	0.000000	0.076245	0.001954	0.344460	0.000000	0.000000	0.000850	0.000000
0.000000	0.110100	0.002647	0.000000	0.000000	0.002846	0.000000	0.000000	0.000000	0.000000	0.000000	0.434098	0.000000	0.000000	0.000000	0.000000	0.020535	0.000000	0.000000	0.000000	0.006266	0.000000	0.000000	0.076245	0.001954	0.344459	0.000000	0.000000	0.000850	0.000000
0.000000	0.456255	0.005733	0.000000	0.000000	0.000692	0.000000	0.000000	0.000000	0.000000	0.000000	0.236034	0.000000	0.000000	0.000000	0.000000	0.005041	0.000000	0.000000	0.000000	0.004289	0.000000	0.000000	0.141483	0.003549	0.146737	0.000000	0.000000	0.000188	0.000000
0.000000	0.000000	0.000000	0.000000	1.000000	0.000000	0.000000	0.000000	0.000000	0.000000	0.000000	0.000000	0.000000	0.000000	0.000000	0.000000	0.000000	0.000000	0.000000	0.000000	0.000000	0.000000	0.000000	0.000000	0.000000	0.000000	0.000000	0.000000	0.000000	0.000000
0.000000	0.107357	0.002571	0.000000	0.000000	0.002897	0.000000	0.000000	0.000000	0.000000	0.000000	0.435540	0.000000	0.000000	0.000000	0.000000	0.020855	0.000000	0.000000	0.000000	0.006268	0.000000	0.000000	0.075736	0.001921	0.345986	0.000000	0.000000	0.000869	0.000000
0.000000	0.077312	0.001740	0.000000	0.000000	0.003590	0.000000	0.000000	0.000000	0.000000	0.000000	0.451151	0.000000	0.000000	0.000000	0.000000	0.025030	0.000000	0.000000	0.000000	0.006287	0.000000	0.000000	0.070118	0.001563	0.362062	0.000000	0.000000	0.001147	0.000000
0.000000	0.000000	0.000000	0.000000	0.000000	0.000000	0.000000	0.000000	0.000000	0.000000	0.000000	0.000000	1.000000	0.000000	0.000000	0.000000	0.000000	0.000000	0.000000	0.000000	0.000000	0.000000	0.000000	0.000000	0.000000	0.000000	0.000000	0.000000	0.000000	0.000000
0.000000	0.000000	0.000000	0.000000	0.000000	0.000000	0.000000	0.000000	0.000000	0.000000	0.000000	0.000000	0.000000	0.000000	0.661083	0.000000	0.000000	0.000000	0.000000	0.000000	0.000000	0.338917	0.000000	0.000000	0.000000	0.000000	0.000000	0.000000	0.000000	0.000000
0.000000	0.075656	0.001691	0.000000	0.000000	0.003754	0.000000	0.000000	0.000000	0.000000	0.000000	0.451669	0.000000	0.000000	0.000000	0.000000	0.025961	0.000000	0.000000	0.000000	0.006283	0.000000	0.000000	0.069800	0.001550	0.362419	0.000000	0.000000	0.001217	0.000000
0.000000	0.050653	0.000911	0.000000	0.000000	0.016908	0.000000	0.000000	0.000000	0.000000	0.000000	0.443400	0.000000	0.000000	0.000000	0.000000	0.086481	0.000001	0.000000	0.000000	0.005794	0.000000	0.000000	0.063210	0.002009	0.322962	0.000000	0.000000	0.007673	0.000000
0.000000	0.090018	0.002087	0.000000	0.000000	0.003417	0.000000	0.000000	0.000000	0.000000	0.000000	0.444227	0.000000	0.000000	0.000000	0.000000	0.023921	0.000000	0.000000	0.000000	0.006274	0.000000	0.000000	0.072484	0.001721	0.354769	0.000000	0.000000	0.001082	0.000000
0.000000	0.090018	0.002087	0.000000	0.000000	0.003417	0.000000	0.000000	0.000000	0.000000	0.000000	0.444225	0.000000	0.000000	0.000000	0.000000	0.023921	0.000000	0.000000	0.000000	0.006274	0.000000	0.000000	0.072484	0.001721	0.354771	0.000000	0.000000	0.001082	0.000000
0.000000	0.267451	0.006520	0.000000	0.000000	0.001835	0.000000	0.000000	0.000000	0.000000	0.000000	0.342716	0.000000	0.000000	0.000000	0.000000	0.013272	0.000000	0.000000	0.000000	0.005964	0.000000	0.000000	0.105695	0.003816	0.252191	0.000000	0.000000	0.000539	0.000000
0.000000	0.070402	0.001527	0.000000	0.000000	0.006595	0.000000	0.000000	0.000000	0.000000	0.000000	0.449803	0.000000	0.000000	0.000000	0.000000	0.039030	0.000000	0.000000	0.000000	0.006177	0.000000	0.000000	0.068403	0.001651	0.353798	0.000000	0.000000	0.002613	0.000000
0.000000	0.273325	0.052127	0.000000	0.000000	0.001120	0.000000	0.000000	0.000000	0.000000	0.000000	0.314935	0.000000	0.000000	0.000000	0.000000	0.008407	0.000000	0.000000	0.000000	0.016946	0.000000	0.000000	0.103010	0.024811	0.205018	0.000000	0.000000	0.000302	0.000000
0.000000	0.000000	0.000000	0.000000	0.000000	0.000000	0.000000	1.000000	0.000000	0.000000	0.000000	0.000000	0.000000	0.000000	0.000000	0.000000	0.000000	0.000000	0.000000	0.000000	0.000000	0.000000	0.000000	0.000000	0.000000	0.000000	0.000000	0.000000	0.000000	0.000000
0.000000	0.048623	0.000845	0.000000	0.000000	0.019679	0.000000	0.000000	0.000000	0.000000	0.000000	0.441700	0.000000	0.000000	0.000000	0.000000	0.094069	0.000001	0.000000	0.000000	0.005687	0.000000	0.000000	0.062541	0.002083	0.315268	0.000000	0.000000	0.009504	0.000000
0.000000	0.078938	0.001793	0.000000	0.000000	0.003147	0.000000	0.000000	0.000000	0.000000	0.000000	0.451304	0.000000	0.000000	0.000000	0.000000	0.022582	0.000000	0.000000	0.000000	0.006299	0.000000	0.000000	0.070463	0.001557	0.362965	0.000000	0.000000	0.000952	0.000000
0.000000	0.090018	0.002087	0.000000	0.000000	0.003417	0.000000	0.000000	0.000000	0.000000	0.000000	0.444227	0.000000	0.000000	0.000000	0.000000	0.023921	0.000000	0.000000	0.000000	0.006274	0.000000	0.000000	0.072484	0.001721	0.354768	0.000000	0.000000	0.001082	0.000000
