0.000000	0.000000	0.157595	0.000000	0.000000	0.000000	0.000000	0.004617	0.000000	0.000000	0.000000	0.000000	0.000000	0.000000	0.000000	0.000298	0.000000	0.000000	0.000000	0.000000	0.000000	0.837491	0.000000	0.000000	0.000000	0.000000	0.000000	0.000000	0.000000	0.000000
0.000000	0.000000	0.157131	0.000000	0.000000	0.000000	0.000000	0.004627	0.000000	0.000000	0.000000	0.000000	0.000000	0.000000	0.000000	0.000298	0.000000	0.000000	0.000000	0.000000	0.000000	0.837943	0.000000	0.000000	0.000000	0.000000	0.000000	0.000000	0.000000	0.000000
0.000000	0.000000	0.113282	0.000000	0.000000	0.000000	0.000000	0.004674	0.000000	0.000000	0.000000	0.000000	0.000000	0.000000	0.000000	0.000173	0.000000	0.000000	0.000000	0.000000	0.000000	0.881871	0.000000	0.000000	0.000000	0.000000	0.000000	0.000000	0.000000	0.000000
0.000000	0.000000	0.115301	0.000000	0.000000	0.000000	0.000000	0.004638	0.000000	0.000000	0.000000	0.000000	0.000000	0.000000	0.000000	0.000178	0.000000	0.000000	0.000000	0.000000	0.000000	0.879883	0.000000	0.000000	0.000000	0.000000	0.000000	0.000000	0.000000	0.000000
0.000000	0.000000	0.187979	0.000000	0.000000	0.000000	0.000000	0.007724	0.000000	0.000000	0.000000	0.000000	0.000000	0.000000	0.000000	0.000241	0.000000	0.000000	0.000000	0.000000	0.000000	0.804056	0.000000	0.000000	0.000000	0.000000	0.000000	0.000000	0.000000	0.000000
0.000000	0.000000	0.187979	0.000000	0.000000	0.000000	0.000000	0.007724	0.000000	0.000000	0.000000	0.000000	0.000000	0.000000	0.000000	0.000241	0.000000	0.000000	0.000000	0.000000	0.000000	0.804056	0.000000	0.000000	0.000000	0.000000	0.000000	0.000000	0.000000	0.000000
0.000000	0.000000	0.091720	0.000000	0.000000	0.000000	0.000000	0.005231	0.000000	0.000000	0.000000	0.000000	0.000000	0.000000	0.000000	0.000118	0.000000	0.000000	0.000000	0.000000	0.000000	0.902930	0.000000	0.000000	0.000000	0.000000	0.000000	0.000000	0.000000	0.000000
0.000000	0.000000	0.106900	0.000000	0.000000	0.000000	0.000000	0.004877	0.000000	0.000000	0.000000	0.000000	0.000000	0.000000	0.000000	0.000155	0.000000	0.000000	0.000000	0.000000	0.000000	0.888068	0.000000	0.000000	0.000000	0.000000	0.000000	0.000000	0.000000	0.000000
0.000000	0.000000	0.091796	0.000000	0.000000	0.000000	0.000000	0.005234	0.000000	0.000000	0.000000	0.000000	0.000000	0.000000	0.000000	0.000118	0.000000	0.000000	0.000000	0.000000	0.000000	0.902852	0.000000	0.000000	0.000000	0.000000	0.000000	0.000000	0.000000	0.000000
0.000000	0.000000	0.089545	0.000000	0.000000	0.000000	0.000000	0.007744	0.000000	0.000000	0.000000	0.000000	0.000000	0.000000	0.000000	0.000110	0.000000	0.000000	0.000000	0.000000	0.000000	0.902601	0.000000	0.000000	0.000000	0.000000	0.000000	0.000000	0.000000	0.000000
0.000000	0.000000	0.114127	0.000000	0.000000	0.000000	0.000000	0.007118	0.000000	0.000000	0.000000	0.000000	0.000000	0.000000	0.000000	0.000125	0.000000	0.000000	0.000000	0.000000	0.000000	0.878629	0.000000	0.000000	0.000000	0.000000	0.000000	0.000000	0.000000	0.000000
0.000000	0.000000	0.094008	0.000000	0.000000	0.000000	0.000000	0.005244	0.000000	0.000000	0.000000	0.000000	0.000000	0.000000	0.000000	0.000122	0.000000	0.000000	0.000000	0.000000	0.000000	0.900626	0.000000	0.000000	0.000000	0.000000	0.000000	0.000000	0.000000	0.000000
0.000000	0.000000	0.088222	0.000000	0.000000	0.000000	0.000000	0.005105	0.000000	0.000000	0.000000	0.000000	0.000000	0.000000	0.000000	0.000110	0.000000	0.000000	0.000000	0.000000	0.000000	0.906563	0.000000	0.000000	0.000000	0.000000	0.000000	0.000000	0.000000	0.000000
0.000000	0.000000	0.091469	0.000000	0.000000	0.000000	0.000000	0.005154	0.000000	0.000000	0.000000	0.000000	0.000000	0.000000	0.000000	0.000118	0.000000	0.000000	0.000000	0.000000	0.000000	0.903260	0.000000	0.000000	0.000000	0.000000	0.000000	0.000000	0.000000	0.000000
0.000000	0.000000	0.091561	0.000000	0.000000	0.000000	0.000000	0.005226	0.000000	0.000000	0.000000	0.000000	0.000000	0.000000	0.000000	0.000118	0.000000	0.000000	0.000000	0.000000	0.000000	0.903095	0.000000	0.000000	0.000000	0.000000	0.000000	0.000000	0.000000	0.000000
0.000000	0.000000	0.091796	0.000000	0.000000	0.000000	0.000000	0.005234	0.000000	0.000000	0.000000	0.000000	0.000000	0.000000	0.000000	0.000118	0.000000	0.000000	0.000000	0.000000	0.000000	0.902852	0.000000	0.000000	0.000000	0.000000	0.000000	0.000000	0.000000	0.000000
0.000000	0.000000	0.106769	0.000000	0.000000	0.000000	0.000000	0.039040	0.000000	0.000000	0.000000	0.000000	0.000000	0.000000	0.000000	0.000137	0.000000	0.000000	0.000000	0.000000	0.000000	0.854054	0.000000	0.000000	0.000000	0.000000	0.000000	0.000000	0.000000	0.000000
0.000000	0.000000	0.000000	0.000000	1.000000	0.000000	0.000000	0.000000	0.000000	0.000000	0.000000	0.000000	0.000000	0.000000	0.000000	0.000000	0.000000	0.000000	0.000000	0.000000	0.000000	0.000000	0.000000	0.000000	0.000000	0.000000	0.000000	0.000000	0.000000	0.000000
0.000000	0.000000	0.091990	0.000000	0.000000	0.000000	0.000000	0.005145	0.000000	0.000000	0.000000	0.000000	0.000000	0.000000	0.000000	0.000119	0.000000	0.000000	0.000000	0.000000	0.000000	0.902746	0.000000	0.000000	0.000000	0.000000	0.000000	0.000000	0.000000	0.000000
0.000000	0.000000	0.091720	0.000000	0.000000	0.000000	0.000000	0.005232	0.000000	0.000000	0.000000	0.000000	0.000000	0.000000	0.000000	0.000118	0.000000	0.000000	0.000000	0.000000	0.000000	0.902931	0.000000	0.000000	0.000000	0.000000	0.000000	0.000000	0.000000	0.000000
0.000000	0.000000	0.091720	0.000000	0.000000	0.000000	0.000000	0.005231	0.000000	0.000000	0.000000	0.000000	0.000000	0.000000	0.000000	0.000118	0.000000	0.000000	0.000000	0.000000	0.000000	0.902930	0.000000	0.000000	0.000000	0.000000	0.000000	0.000000	0.000000	0.000000
0.000000	0.000000	0.091796	0.000000	0.000000	0.000000	0.000000	0.005234	0.000000	0.000000	0.000000	0.000000	0.000000	0.000000	0.000000	0.000118	0.000000	0.000000	0.000000	0.000000	0.000000	0.902852	0.000000	0.000000	0.000000	0.000000	0.000000	0.000000	0.000000	0.000000
0.000000	0.000000	0.104366	0.000000	0.000000	0.000000	0.000000	0.004951	0.000000	0.000000	0.000000	0.000000	0.000000	0.000000	0.000000	0.000149	0.000000	0.000000	0.000000	0.000000	0.000000	0.890535	0.000000	0.000000	0.000000	0.000000	0.000000	0.000000	0.000000	0.000000
0.000000	0.000000	0.157131	0.000000	0.000000	0.000000	0.000000	0.004627	0.000000	0.000000	0.000000	0.000000	0.000000	0.000000	0.000000	0.000298	0.000000	0.000000	0.000000	0.000000	0.000000	0.837943	0.000000	0.000000	0.000000	0.000000	0.000000	0.000000	0.000000	0.000000
0.000000	0.000000	0.115394	0.000000	0.000000	0.000000	0.000000	0.006018	0.000000	0.000000	0.000000	0.000000	0.000000	0.000000	0.000000	0.000174	0.000000	0.000000	0.000000	0.000000	0.000000	0.878414	0.000000	0.000000	0.000000	0.000000	0.000000	0.000000	0.000000	0.000000
0.000000	0.000000	0.091454	0.000000	0.000000	0.000000	0.000000	0.005154	0.000000	0.000000	0.000000	0.000000	0.000000	0.000000	0.000000	0.000118	0.000000	0.000000	0.000000	0.000000	0.000000	0.903275	0.000000	0.000000	0.000000	0.000000	0.000000	0.000000	0.000000	0.000000
0.000000	0.000000	0.102770	0.000000	0.000000	0.000000	0.000000	0.006457	0.000000	0.000000	0.000000	0.000000	0.000000	0.000000	0.000000	0.000142	0.000000	0.000000	0.000000	0.000000	0.000000	0.890631	0.000000	0.000000	0.000000	0.000000	0.000000	0.000000	0.000000	0.000000
0.000000	0.000000	0.093798	0.000000	0.000000	0.000000	0.000000	0.005259	0.000000	0.000000	0.000000	0.000000	0.000000	0.000000	0.000000	0.000122	0.000000	0.000000	0.000000	0.000000	0.000000	0.900821	0.000000	0.000000	0.000000	0.000000	0.000000	0.000000	0.000000	0.000000
0.000000	0.000000	0.090660	0.000000	0.000000	0.000000	0.000000	0.005244	0.000000	0.000000	0.000000	0.000000	0.000000	0.000000	0.000000	0.000116	0.000000	0.000000	0.000000	0.000000	0.000000	0.903981	0.000000	0.000000	0.000000	0.000000	0.000000	0.000000	0.000000	0.000000
0.000000	0.000000	0.093041	0.000000	0.000000	0.000000	0.000000	0.005220	0.000000	0.000000	0.000000	0.000000	0.000000	0.000000	0.000000	0.000121	0.000000	0.000000	0.000000	0.000000	0.000000	0.901618	0.000000	0.000000	0.000000	0.000000	0.000000	0.000000	0.000000	0.000000
0.000000	0.000000	0.091791	0.000000	0.000000	0.000000	0.000000	0.005346	0.000000	0.000000	0.000000	0.000000	0.000000	0.000000	0.000000	0.000118	0.000000	0.000000	0.000000	0.000000	0.000000	0.902744	0.000000	0.000000	0.000000	0.000000	0.000000	0.000000	0.000000	0.000000
0.000000	0.000000	0.091796	0.000000	0.000000	0.000000	0.000000	0.005234	0.000000	0.000000	0.000000	0.000000	0.000000	0.000000	0.000000	0.000118	0.000000	0.000000	0.000000	0.000000	0.000000	0.902852	0.000000	0.000000	0.000000	0.000000	0.000000	0.000000	0.000000	0.000000
0.000000	0.000000	0.091796	0.000000	0.000000	0.000000	0.000000	0.005234	0.000000	0.000000	0.000000	0.000000	0.000000	0.000000	0.000000	0.000118	0.000000	0.000000	0.000000	0.000000	0.000000	0.902852	0.000000	0.000000	0.000000	0.000000	0.000000	0.000000	0.000000	0.000000
0.000000	0.000000	0.091796	0.000000	0.000000	0.000000	0.000000	0.005234	0.000000	0.000000	0.000000	0.000000	0.000000	0.000000	0.000000	0.000118	0.000000	0.000000	0.000000	0.000000	0.000000	0.902852	0.000000	0.000000	0.000000	0.000000	0.000000	0.000000	0.000000	0.000000
0.000000	0.000000	0.094712	0.000000	0.000000	0.000000	0.000000	0.005266	0.000000	0.000000	0.000000	0.000000	0.000000	0.000000	0.000000	0.000123	0.000000	0.000000	0.000000	0.000000	0.000000	0.899900	0.000000	0.000000	0.000000	0.000000	0.000000	0.000000	0.000000	0.000000
0.000000	0.000000	0.091796	0.000000	0.000000	0.000000	0.000000	0.005234	0.000000	0.000000	0.000000	0.000000	0.000000	0.000000	0.000000	0.000118	0.000000	0.000000	0.000000	0.000000	0.000000	0.902852	0.000000	0.000000	0.000000	0.000000	0.000000	0.000000	0.000000	0.000000
0.000000	0.000000	0.091720	0.000000	0.000000	0.000000	0.000000	0.005232	0.000000	0.000000	0.000000	0.000000	0.000000	0.000000	0.000000	0.000118	0.000000	0.000000	0.000000	0.000000	0.000000	0.902931	0.000000	0.000000	0.000000	0.000000	0.000000	0.000000	0.000000	0.000000
0.000000	0.000000	0.000000	0.000000	0.000000	0.000000	0.000000	0.000000	0.000000	0.000000	0.000000	0.000000	0.000000	0.000000	0.000000	0.000000	0.000000	1.000000	0.000000	0.000000	0.000000	0.000000	0.000000	0.000000	0.000000	0.000000	0.000000	0.000000	0.000000	0.000000
0.000000	0.000000	0.000000	0.000000	0.000000	0.000000	0.000000	0.000000	1.000000	0.000000	0.000000	0.000000	0.000000	0.000000	0.000000	0.000000	0.000000	0.000000	0.000000	0.000000	0.000000	0.000000	0.000000	0.000000	0.000000	0.000000	0.000000	0.000000	0.000000	0.000000
0.000000	0.000000	0.095212	0.000000	0.000000	0.000000	0.000000	0.005563	0.000000	0.000000	0.000000	0.000000	0.000000	0.000000	0.000000	0.000122	0.000000	0.000000	0.000000	0.000000	0.000000	0.899103	0.000000	0.000000	0.000000	0.000000	0.000000	0.000000	0.000000	0.000000
0.000000	0.000000	0.091791	0.000000	0.000000	0.000000	0.000000	0.005346	0.000000	0.000000	0.000000	0.000000	0.000000	0.000000	0.000000	0.000118	0.000000	0.000000	0.000000	0.000000	0.000000	0.902744	0.000000	0.000000	0.000000	0.000000	0.000000	0.000000	0.000000	0.000000
0.000000	0.000000	0.099310	0.000000	0.000000	0.000000	0.000000	0.006611	0.000000	0.000000	0.000000	0.000000	0.000000	0.000000	0.000000	0.000118	0.000000	0.000000	0.000000	0.000000	0.000000	0.893961	0.000000	0.000000	0.000000	0.000000	0.000000	0.000000	0.000000	0.000000
0.000000	0.000000	0.105922	0.000000	0.000000	0.000000	0.000000	0.005268	0.000000	0.000000	0.000000	0.000000	0.000000	0.000000	0.000000	0.000153	0.000000	0.000000	0.000000	0.000000	0.000000	0.888657	0.000000	0.000000	0.000000	0.000000	0.000000	0.000000	0.000000	0.000000
0.000000	0.000000	0.091791	0.000000	0.000000	0.000000	0.000000	0.005346	0.000000	0.000000	0.000000	0.000000	0.000000	0.000000	0.000000	0.000118	0.000000	0.000000	0.000000	0.000000	0.000000	0.902744	0.000000	0.000000	0.000000	0.000000	0.000000	0.000000	0.000000	0.000000
0.000000	0.000000	0.187206	0.000000	0.000000	0.000000	0.000000	0.007700	0.000000	0.000000	0.000000	0.000000	0.000000	0.000000	0.000000	0.000242	0.000000	0.000000	0.000000	0.000000	0.000000	0.804852	0.000000	0.000000	0.000000	0.000000	0.000000	0.000000	0.000000	0.000000
0.000000	0.000000	0.093798	0.000000	0.000000	0.000000	0.000000	0.005259	0.000000	0.000000	0.000000	0.000000	0.000000	0.000000	0.000000	0.000122	0.000000	0.000000	0.000000	0.000000	0.000000	0.900821	0.000000	0.000000	0.000000	0.000000	0.000000	0.000000	0.000000	0.000000
0.000000	0.000000	0.088168	0.000000	0.000000	0.000000	0.000000	0.005110	0.000000	0.000000	0.000000	0.000000	0.000000	0.000000	0.000000	0.000110	0.000000	0.000000	0.000000	0.000000	0.000000	0.906613	0.000000	0.000000	0.000000	0.000000	0.000000	0.000000	0.000000	0.000000
0.000000	0.000000	0.091796	0.000000	0.000000	0.000000	0.000000	0.005234	0.000000	0.000000	0.000000	0.000000	0.000000	0.000000	0.000000	0.000118	0.000000	0.000000	0.000000	0.000000	0.000000	0.902852	0.000000	0.000000	0.000000	0.000000	0.000000	0.000000	0.000000	0.000000
0.000000	0.000000	0.090634	0.000000	0.000000	0.000000	0.000000	0.005335	0.000000	0.000000	0.000000	0.000000	0.000000	0.000000	0.000000	0.000115	0.000000	0.000000	0.000000	0.000000	0.000000	0.903916	0.000000	0.000000	0.000000	0.000000	0.000000	0.000000	0.000000	0.000000
0.000000	0.000000	0.000000	0.000000	0.000000	0.000000	0.000000	0.000000	0.000000	0.000000	0.000000	0.000000	0.000000	0.000000	0.000000	0.000000	0.000000	0.000000	0.000000	0.000000	1.000000	0.000000	0.000000	0.000000	0.000000	0.000000	0.000000	0.000000	0.000000	0.000000
0.000000	0.000000	0.000000	0.000000	0.000000	0.000000	0.000000	0.000000	0.000000	0.000000	0.000000	0.000000	0.000000	0.000000	0.000000	0.000000	0.000000	0.000000	0.000000	0.000000	1.000000	0.000000	0.000000	0.000000	0.000000	0.000000	0.000000	0.000000	0.000000	0.000000
0.000000	0.000000	0.091796	0.000000	0.000000	0.000000	0.000000	0.005234	0.000000	0.000000	0.000000	0.000000	0.000000	0.000000	0.000000	0.000118	0.000000	0.000000	0.000000	0.000000	0.000000	0.902852	0.000000	0.000000	0.000000	0.000000	0.000000	0.000000	0.000000	0.000000
0.000000	0.000000	0.091796	0.000000	0.000000	0.000000	0.000000	0.005234	0.000000	0.000000	0.000000	0.000000	0.000000	0.000000	0.000000	0.000118	0.000000	0.000000	0.000000	0.000000	0.000000	0.902852	0.000000	0.000000	0.000000	0.000000	0.000000	0.000000	0.000000	0.000000
0.000000	0.000000	0.114125	0.000000	0.000000	0.000000	0.000000	0.004644	0.000000	0.000000	0.000000	0.000000	0.000000	0.000000	0.000000	0.000175	0.000000	0.000000	0.000000	0.000000	0.000000	0.881056	0.000000	0.000000	0.000000	0.000000	0.000000	0.000000	0.000000	0.000000
0.000000	0.000000	0.114125	0.000000	0.000000	0.000000	0.000000	0.004644	0.000000	0.000000	0.000000	0.000000	0.000000	0.000000	0.000000	0.000175	0.000000	0.000000	0.000000	0.000000	0.000000	0.881056	0.000000	0.000000	0.000000	0.000000	0.000000	0.000000	0.000000	0.000000
0.000000	0.000000	0.115100	0.000000	0.000000	0.000000	0.000000	0.004626	0.000000	0.000000	0.000000	0.000000	0.000000	0.000000	0.000000	0.000178	0.000000	0.000000	0.000000	0.000000	0.000000	0.880097	0.000000	0.000000	0.000000	0.000000	0.000000	0.000000	0.000000	0.000000
0.000000	0.000000	0.111289	0.000000	0.000000	0.000000	0.000000	0.004509	0.000000	0.000000	0.000000	0.000000	0.000000	0.000000	0.000000	0.000167	0.000000	0.000000	0.000000	0.000000	0.000000	0.884036	0.000000	0.000000	0.000000	0.000000	0.000000	0.000000	0.000000	0.000000
0.000000	0.000000	0.167461	0.000000	0.000000	0.000000	0.000000	0.004417	0.000000	0.000000	0.000000	0.000000	0.000000	0.000000	0.000000	0.000276	0.000000	0.000000	0.000000	0.000000	0.000000	0.827846	0.000000	0.000000	0.000000	0.000000	0.000000	0.000000	0.000000	0.000000
0.000000	0.000000	0.136079	0.000000	0.000000	0.000000	0.000000	0.004565	0.000000	0.000000	0.000000	0.000000	0.000000	0.000000	0.000000	0.000232	0.000000	0.000000	0.000000	0.000000	0.000000	0.859124	0.000000	0.000000	0.000000	0.000000	0.000000	0.000000	0.000000	0.000000
0.000000	0.000000	0.137369	0.000000	0.000000	0.000000	0.000000	0.004607	0.000000	0.000000	0.000000	0.000000	0.000000	0.000000	0.000000	0.000236	0.000000	0.000000	0.000000	0.000000	0.000000	0.857788	0.000000	0.000000	0.000000	0.000000	0.000000	0.000000	0.000000	0.000000
0.000000	0.000000	0.137369	0.000000	0.000000	0.000000	0.000000	0.004607	0.000000	0.000000	0.000000	0.000000	0.000000	0.000000	0.000000	0.000236	0.000000	0.000000	0.000000	0.000000	0.000000	0.857788	0.000000	0.000000	0.000000	0.000000	0.000000	0.000000	0.000000	0.000000
0.000000	0.000000	0.091796	0.000000	0.000000	0.000000	0.000000	0.005234	0.000000	0.000000	0.000000	0.000000	0.000000	0.000000	0.000000	0.000118	0.000000	0.000000	0.000000	0.000000	0.000000	0.902852	0.000000	0.000000	0.000000	0.000000	0.000000	0.000000	0.000000	0.000000
0.000000	0.000000	0.182679	0.000000	0.000000	0.000000	0.000000	0.003739	0.000000	0.000000	0.000000	0.000000	0.000000	0.000000	0.000000	0.011217	0.000000	0.000000	0.000000	0.000000	0.000000	0.802366	0.000000	0.000000	0.000000	0.000000	0.000000	0.000000	0.000000	0.000000
0.000000	0.000000	0.134196	0.000000	0.000000	0.000000	0.000000	0.004302	0.000000	0.000000	0.000000	0.000000	0.000000	0.000000	0.000000	0.000221	0.000000	0.000000	0.000000	0.000000	0.000000	0.861281	0.000000	0.000000	0.000000	0.000000	0.000000	0.000000	0.000000	0.000000
0.000000	0.000000	0.134196	0.000000	0.000000	0.000000	0.000000	0.004302	0.000000	0.000000	0.000000	0.000000	0.000000	0.000000	0.000000	0.000221	0.000000	0.000000	0.000000	0.000000	0.000000	0.861281	0.000000	0.000000	0.000000	0.000000	0.000000	0.000000	0.000000	0.000000
0.000000	0.000000	0.090660	0.000000	0.000000	0.000000	0.000000	0.005244	0.000000	0.000000	0.000000	0.000000	0.000000	0.000000	0.000000	0.000116	0.000000	0.000000	0.000000	0.000000	0.000000	0.903981	0.000000	0.000000	0.000000	0.000000	0.000000	0.000000	0.000000	0.000000
0.000000	0.000000	0.157694	0.000000	0.000000	0.000000	0.000000	0.004633	0.000000	0.000000	0.000000	0.000000	0.000000	0.000000	0.000000	0.000297	0.000000	0.000000	0.000000	0.000000	0.000000	0.837375	0.000000	0.000000	0.000000	0.000000	0.000000	0.000000	0.000000	0.000000
0.000000	0.000000	0.151429	0.000000	0.000000	0.000000	0.000000	0.006250	0.000000	0.000000	0.000000	0.000000	0.000000	0.000000	0.000000	0.000280	0.000000	0.000000	0.000000	0.000000	0.000000	0.842041	0.000000	0.000000	0.000000	0.000000	0.000000	0.000000	0.000000	0.000000
0.000000	0.000000	0.153943	0.000000	0.000000	0.000000	0.000000	0.004620	0.000000	0.000000	0.000000	0.000000	0.000000	0.000000	0.000000	0.000387	0.000000	0.000000	0.000000	0.000000	0.000000	0.841050	0.000000	0.000000	0.000000	0.000000	0.000000	0.000000	0.000000	0.000000
0.000000	0.000000	0.127022	0.000000	0.000000	0.000000	0.000000	0.004478	0.000000	0.000000	0.000000	0.000000	0.000000	0.000000	0.000000	0.000201	0.000000	0.000000	0.000000	0.000000	0.000000	0.868299	0.000000	0.000000	0.000000	0.000000	0.000000	0.000000	0.000000	0.000000
0.000000	0.000000	0.097464	0.000000	0.000000	0.000000	0.000000	0.005040	0.000000	0.000000	0.000000	0.000000	0.000000	0.000000	0.000000	0.000133	0.000000	0.000000	0.000000	0.000000	0.000000	0.897362	0.000000	0.000000	0.000000	0.000000	0.000000	0.000000	0.000000	0.000000
0.000000	0.000000	0.157595	0.000000	0.000000	0.000000	0.000000	0.004617	0.000000	0.000000	0.000000	0.000000	0.000000	0.000000	0.000000	0.000298	0.000000	0.000000	0.000000	0.000000	0.000000	0.837491	0.000000	0.000000	0.000000	0.000000	0.000000	0.000000	0.000000	0.000000
0.000000	0.000000	0.191882	0.000000	0.000000	0.000000	0.000000	0.003980	0.000000	0.000000	0.000000	0.000000	0.000000	0.000000	0.000000	0.000277	0.000000	0.000000	0.000000	0.000000	0.000000	0.803861	0.000000	0.000000	0.000000	0.000000	0.000000	0.000000	0.000000	0.000000
0.000000	0.000000	0.131250	0.000000	0.000000	0.000000	0.000000	0.004327	0.000000	0.000000	0.000000	0.000000	0.000000	0.000000	0.000000	0.000214	0.000000	0.000000	0.000000	0.000000	0.000000	0.864209	0.000000	0.000000	0.000000	0.000000	0.000000	0.000000	0.000000	0.000000
0.000000	0.000000	0.169382	0.000000	0.000000	0.000000	0.000000	0.004374	0.000000	0.000000	0.000000	0.000000	0.000000	0.000000	0.000000	0.000304	0.000000	0.000000	0.000000	0.000000	0.000000	0.825940	0.000000	0.000000	0.000000	0.000000	0.000000	0.000000	0.000000	0.000000
0.000000	0.000000	0.125755	0.000000	0.000000	0.000000	0.000000	0.004454	0.000000	0.000000	0.000000	0.000000	0.000000	0.000000	0.000000	0.000201	0.000000	0.000000	0.000000	0.000000	0.000000	0.869591	0.000000	0.000000	0.000000	0.000000	0.000000	0.000000	0.000000	0.000000
0.000000	0.000000	0.127921	0.000000	0.000000	0.000000	0.000000	0.004544	0.000000	0.000000	0.000000	0.000000	0.000000	0.000000	0.000000	0.000209	0.000000	0.000000	0.000000	0.000000	0.000000	0.867326	0.000000	0.000000	0.000000	0.000000	0.000000	0.000000	0.000000	0.000000
0.000000	0.000000	0.097464	0.000000	0.000000	0.000000	0.000000	0.005040	0.000000	0.000000	0.000000	0.000000	0.000000	0.000000	0.000000	0.000133	0.000000	0.000000	0.000000	0.000000	0.000000	0.897362	0.000000	0.000000	0.000000	0.000000	0.000000	0.000000	0.000000	0.000000
0.000000	0.000000	0.123006	0.000000	0.000000	0.000000	0.000000	0.004496	0.000000	0.000000	0.000000	0.000000	0.000000	0.000000	0.000000	0.000194	0.000000	0.000000	0.000000	0.000000	0.000000	0.872305	0.000000	0.000000	0.000000	0.000000	0.000000	0.000000	0.000000	0.000000
0.000000	0.000000	0.146617	0.000000	0.000000	0.000000	0.000000	0.004659	0.000000	0.000000	0.000000	0.000000	0.000000	0.000000	0.000000	0.000266	0.000000	0.000000	0.000000	0.000000	0.000000	0.848459	0.000000	0.000000	0.000000	0.000000	0.000000	0.000000	0.000000	0.000000
0.000000	0.000000	0.122859	0.000000	0.000000	0.000000	0.000000	0.004495	0.000000	0.000000	0.000000	0.000000	0.000000	0.000000	0.000000	0.000193	0.000000	0.000000	0.000000	0.000000	0.000000	0.872453	0.000000	0.000000	0.000000	0.000000	0.000000	0.000000	0.000000	0.000000
0.000000	0.000000	0.123006	0.000000	0.000000	0.000000	0.000000	0.004496	0.000000	0.000000	0.000000	0.000000	0.000000	0.000000	0.000000	0.000194	0.000000	0.000000	0.000000	0.000000	0.000000	0.872305	0.000000	0.000000	0.000000	0.000000	0.000000	0.000000	0.000000	0.000000
0.000000	0.000000	0.149771	0.000000	0.000000	0.000000	0.000000	0.004761	0.000000	0.000000	0.000000	0.000000	0.000000	0.000000	0.000000	0.000273	0.000000	0.000000	0.000000	0.000000	0.000000	0.845195	0.000000	0.000000	0.000000	0.000000	0.000000	0.000000	0.000000	0.000000
0.000000	0.000000	0.176555	0.000000	0.000000	0.000000	0.000000	0.004681	0.000000	0.000000	0.000000	0.000000	0.000000	0.000000	0.000000	0.000278	0.000000	0.000000	0.000000	0.000000	0.000000	0.818486	0.000000	0.000000	0.000000	0.000000	0.000000	0.000000	0.000000	0.000000
0.000000	0.000000	0.122859	0.000000	0.000000	0.000000	0.000000	0.004495	0.000000	0.000000	0.000000	0.000000	0.000000	0.000000	0.000000	0.000193	0.000000	0.000000	0.000000	0.000000	0.000000	0.872453	0.000000	0.000000	0.000000	0.000000	0.000000	0.000000	0.000000	0.000000
0.000000	0.000000	0.157972	0.000000	0.000000	0.000000	0.000000	0.004658	0.000000	0.000000	0.000000	0.000000	0.000000	0.000000	0.000000	0.000298	0.000000	0.000000	0.000000	0.000000	0.000000	0.837072	0.000000	0.000000	0.000000	0.000000	0.000000	0.000000	0.000000	0.000000
0.000000	0.000000	0.157972	0.000000	0.000000	0.000000	0.000000	0.004658	0.000000	0.000000	0.000000	0.000000	0.000000	0.000000	0.000000	0.000298	0.000000	0.000000	0.000000	0.000000	0.000000	0.837072	0.000000	0.000000	0.000000	0.000000	0.000000	0.000000	0.000000	0.000000
0.000000	0.000000	0.157972	0.000000	0.000000	0.000000	0.000000	0.004658	0.000000	0.000000	0.000000	0.000000	0.000000	0.000000	0.000000	0.000298	0.000000	0.000000	0.000000	0.000000	0.000000	0.837072	0.000000	0.000000	0.000000	0.000000	0.000000	0.000000	0.000000	0.000000
0.000000	0.000000	0.157972	0.000000	0.000000	0.000000	0.000000	0.004658	0.000000	0.000000	0.000000	0.000000	0.000000	0.000000	0.000000	0.000298	0.000000	0.000000	0.000000	0.000000	0.000000	0.837072	0.000000	0.000000	0.000000	0.000000	0.000000	0.000000	0.000000	0.000000
0.000000	0.000000	0.187667	0.000000	0.000000	0.000000	0.000000	0.007550	0.000000	0.000000	0.000000	0.000000	0.000000	0.000000	0.000000	0.000243	0.000000	0.000000	0.000000	0.000000	0.000000	0.804540	0.000000	0.000000	0.000000	0.000000	0.000000	0.000000	0.000000	0.000000
0.000000	0.000000	0.162144	0.000000	0.000000	0.000000	0.000000	0.004606	0.000000	0.000000	0.000000	0.000000	0.000000	0.000000	0.000000	0.000293	0.000000	0.000000	0.000000	0.000000	0.000000	0.832958	0.000000	0.000000	0.000000	0.000000	0.000000	0.000000	0.000000	0.000000
0.000000	0.000000	0.134196	0.000000	0.000000	0.000000	0.000000	0.004302	0.000000	0.000000	0.000000	0.000000	0.000000	0.000000	0.000000	0.000221	0.000000	0.000000	0.000000	0.000000	0.000000	0.861281	0.000000	0.000000	0.000000	0.000000	0.000000	0.000000	0.000000	0.000000
0.000000	0.000000	0.151777	0.000000	0.000000	0.000000	0.000000	0.006273	0.000000	0.000000	0.000000	0.000000	0.000000	0.000000	0.000000	0.000281	0.000000	0.000000	0.000000	0.000000	0.000000	0.841669	0.000000	0.000000	0.000000	0.000000	0.000000	0.000000	0.000000	0.000000
0.000000	0.000000	0.139679	0.000000	0.000000	0.000000	0.000000	0.004568	0.000000	0.000000	0.000000	0.000000	0.000000	0.000000	0.000000	0.000245	0.000000	0.000000	0.000000	0.000000	0.000000	0.855508	0.000000	0.000000	0.000000	0.000000	0.000000	0.000000	0.000000	0.000000
0.000000	0.000000	0.091791	0.000000	0.000000	0.000000	0.000000	0.005346	0.000000	0.000000	0.000000	0.000000	0.000000	0.000000	0.000000	0.000118	0.000000	0.000000	0.000000	0.000000	0.000000	0.902744	0.000000	0.000000	0.000000	0.000000	0.000000	0.000000	0.000000	0.000000
0.000000	0.000000	0.139990	0.000000	0.000000	0.000000	0.000000	0.004564	0.000000	0.000000	0.000000	0.000000	0.000000	0.000000	0.000000	0.000246	0.000000	0.000000	0.000000	0.000000	0.000000	0.855200	0.000000	0.000000	0.000000	0.000000	0.000000	0.000000	0.000000	0.000000
0.000000	0.000000	0.122869	0.000000	0.000000	0.000000	0.000000	0.004501	0.000000	0.000000	0.000000	0.000000	0.000000	0.000000	0.000000	0.000193	0.000000	0.000000	0.000000	0.000000	0.000000	0.872437	0.000000	0.000000	0.000000	0.000000	0.000000	0.000000	0.000000	0.000000
0.000000	0.000000	0.122409	0.000000	0.000000	0.000000	0.000000	0.004203	0.000000	0.000000	0.000000	0.000000	0.000000	0.000000	0.000000	0.000187	0.000000	0.000000	0.000000	0.000000	0.000000	0.873201	0.000000	0.000000	0.000000	0.000000	0.000000	0.000000	0.000000	0.000000
0.000000	0.000000	0.124857	0.000000	0.000000	0.000000	0.000000	0.004462	0.000000	0.000000	0.000000	0.000000	0.000000	0.000000	0.000000	0.000198	0.000000	0.000000	0.000000	0.000000	0.000000	0.870483	0.000000	0.000000	0.000000	0.000000	0.000000	0.000000	0.000000	0.000000
0.000000	0.000000	0.139990	0.000000	0.000000	0.000000	0.000000	0.004564	0.000000	0.000000	0.000000	0.000000	0.000000	0.000000	0.000000	0.000246	0.000000	0.000000	0.000000	0.000000	0.000000	0.855200	0.000000	0.000000	0.000000	0.000000	0.000000	0.000000	0.000000	0.000000
0.000000	0.000000	0.126129	0.000000	0.000000	0.000000	0.000000	0.004454	0.000000	0.000000	0.000000	0.000000	0.000000	0.000000	0.000000	0.000202	0.000000	0.000000	0.000000	0.000000	0.000000	0.869215	0.000000	0.000000	0.000000	0.000000	0.000000	0.000000	0.000000	0.000000
0.000000	0.000000	0.122577	0.000000	0.000000	0.000000	0.000000	0.004280	0.000000	0.000000	0.000000	0.000000	0.000000	0.000000	0.000000	0.000189	0.000000	0.000000	0.000000	0.000000	0.000000	0.872954	0.000000	0.000000	0.000000	0.000000	0.000000	0.000000	0.000000	0.000000
0.000000	0.000000	0.124143	0.000000	0.000000	0.000000	0.000000	0.004503	0.000000	0.000000	0.000000	0.000000	0.000000	0.000000	0.000000	0.000197	0.000000	0.000000	0.000000	0.000000	0.000000	0.871157	0.000000	0.000000	0.000000	0.000000	0.000000	0.000000	0.000000	0.000000
0.000000	0.000000	0.157131	0.000000	0.000000	0.000000	0.000000	0.004627	0.000000	0.000000	0.000000	0.000000	0.000000	0.000000	0.000000	0.000298	0.000000	0.000000	0.000000	0.000000	0.000000	0.837943	0.000000	0.000000	0.000000	0.000000	0.000000	0.000000	0.000000	0.000000
0.000000	0.000000	0.172333	0.000000	0.000000	0.000000	0.000000	0.004091	0.000000	0.000000	0.000000	0.000000	0.000000	0.000000	0.000000	0.006350	0.000000	0.000000	0.000000	0.000000	0.000000	0.817226	0.000000	0.000000	0.000000	0.000000	0.000000	0.000000	0.000000	0.000000
0.000000	0.000000	0.133609	0.000000	0.000000	0.000000	0.000000	0.004295	0.000000	0.000000	0.000000	0.000000	0.000000	0.000000	0.000000	0.000219	0.000000	0.000000	0.000000	0.000000	0.000000	0.861877	0.000000	0.000000	0.000000	0.000000	0.000000	0.000000	0.000000	0.000000
0.000000	0.000000	0.157131	0.000000	0.000000	0.000000	0.000000	0.004627	0.000000	0.000000	0.000000	0.000000	0.000000	0.000000	0.000000	0.000298	0.000000	0.000000	0.000000	0.000000	0.000000	0.837943	0.000000	0.000000	0.000000	0.000000	0.000000	0.000000	0.000000	0.000000
0.000000	0.000000	0.122409	0.000000	0.000000	0.000000	0.000000	0.004203	0.000000	0.000000	0.000000	0.000000	0.000000	0.000000	0.000000	0.000187	0.000000	0.000000	0.000000	0.000000	0.000000	0.873201	0.000000	0.000000	0.000000	0.000000	0.000000	0.000000	0.000000	0.000000
0.000000	0.000000	0.157972	0.000000	0.000000	0.000000	0.000000	0.004658	0.000000	0.000000	0.000000	0.000000	0.000000	0.000000	0.000000	0.000298	0.000000	0.000000	0.000000	0.000000	0.000000	0.837072	0.000000	0.000000	0.000000	0.000000	0.000000	0.000000	0.000000	0.000000
0.000000	0.000000	0.092762	0.000000	0.000000	0.000000	0.000000	0.005202	0.000000	0.000000	0.000000	0.000000	0.000000	0.000000	0.000000	0.000121	0.000000	0.000000	0.000000	0.000000	0.000000	0.901915	0.000000	0.000000	0.000000	0.000000	0.000000	0.000000	0.000000	0.000000
0.000000	0.000000	0.123005	0.000000	0.000000	0.000000	0.000000	0.004499	0.000000	0.000000	0.000000	0.000000	0.000000	0.000000	0.000000	0.000194	0.000000	0.000000	0.000000	0.000000	0.000000	0.872303	0.000000	0.000000	0.000000	0.000000	0.000000	0.000000	0.000000	0.000000
0.000000	0.000000	0.123005	0.000000	0.000000	0.000000	0.000000	0.004499	0.000000	0.000000	0.000000	0.000000	0.000000	0.000000	0.000000	0.000194	0.000000	0.000000	0.000000	0.000000	0.000000	0.872303	0.000000	0.000000	0.000000	0.000000	0.000000	0.000000	0.000000	0.000000
0.000000	0.000000	0.157972	0.000000	0.000000	0.000000	0.000000	0.004658	0.000000	0.000000	0.000000	0.000000	0.000000	0.000000	0.000000	0.000298	0.000000	0.000000	0.000000	0.000000	0.000000	0.837072	0.000000	0.000000	0.000000	0.000000	0.000000	0.000000	0.000000	0.000000
0.000000	0.000000	0.157972	0.000000	0.000000	0.000000	0.000000	0.004658	0.000000	0.000000	0.000000	0.000000	0.000000	0.000000	0.000000	0.000298	0.000000	0.000000	0.000000	0.000000	0.000000	0.837072	0.000000	0.000000	0.000000	0.000000	0.000000	0.000000	0.000000	0.000000
0.000000	0.000000	0.167208	0.000000	0.000000	0.000000	0.000000	0.004562	0.000000	0.000000	0.000000	0.000000	0.000000	0.000000	0.000000	0.000287	0.000000	0.000000	0.000000	0.000000	0.000000	0.827944	0.000000	0.000000	0.000000	0.000000	0.000000	0.000000	0.000000	0.000000
0.000000	0.000000	0.157972	0.000000	0.000000	0.000000	0.000000	0.004658	0.000000	0.000000	0.000000	0.000000	0.000000	0.000000	0.000000	0.000298	0.000000	0.000000	0.000000	0.000000	0.000000	0.837072	0.000000	0.000000	0.000000	0.000000	0.000000	0.000000	0.000000	0.000000
0.000000	0.000000	0.122974	0.000000	0.000000	0.000000	0.000000	0.004481	0.000000	0.000000	0.000000	0.000000	0.000000	0.000000	0.000000	0.000193	0.000000	0.000000	0.000000	0.000000	0.000000	0.872351	0.000000	0.000000	0.000000	0.000000	0.000000	0.000000	0.000000	0.000000
0.000000	0.000000	0.108415	0.000000	0.000000	0.000000	0.000000	0.004816	0.000000	0.000000	0.000000	0.000000	0.000000	0.000000	0.000000	0.000159	0.000000	0.000000	0.000000	0.000000	0.000000	0.886610	0.000000	0.000000	0.000000	0.000000	0.000000	0.000000	0.000000	0.000000
0.000000	0.000000	0.157972	0.000000	0.000000	0.000000	0.000000	0.004658	0.000000	0.000000	0.000000	0.000000	0.000000	0.000000	0.000000	0.000298	0.000000	0.000000	0.000000	0.000000	0.000000	0.837072	0.000000	0.000000	0.000000	0.000000	0.000000	0.000000	0.000000	0.000000
0.000000	0.000000	0.157972	0.000000	0.000000	0.000000	0.000000	0.004658	0.000000	0.000000	0.000000	0.000000	0.000000	0.000000	0.000000	0.000298	0.000000	0.000000	0.000000	0.000000	0.000000	0.837072	0.000000	0.000000	0.000000	0.000000	0.000000	0.000000	0.000000	0.000000
0.000000	0.000000	0.000000	0.000000	0.000000	0.000000	0.000000	0.000000	1.000000	0.000000	0.000000	0.000000	0.000000	0.000000	0.000000	0.000000	0.000000	0.000000	0.000000	0.000000	0.000000	0.000000	0.000000	0.000000	0.000000	0.000000	0.000000	0.000000	0.000000	0.000000
0.000000	0.000000	0.120012	0.000000	0.000000	0.000000	0.000000	0.004775	0.000000	0.000000	0.000000	0.000000	0.000000	0.000000	0.000000	0.000186	0.000000	0.000000	0.000000	0.000000	0.000000	0.875027	0.000000	0.000000	0.000000	0.000000	0.000000	0.000000	0.000000	0.000000
0.000000	0.000000	0.111235	0.000000	0.000000	0.000000	0.000000	0.007078	0.000000	0.000000	0.000000	0.000000	0.000000	0.000000	0.000000	0.000123	0.000000	0.000000	0.000000	0.000000	0.000000	0.881564	0.000000	0.000000	0.000000	0.000000	0.000000	0.000000	0.000000	0.000000
0.000000	0.000000	0.093725	0.000000	0.000000	0.000000	0.000000	0.010194	0.000000	0.000000	0.000000	0.000000	0.000000	0.000000	0.000000	0.000115	0.000000	0.000000	0.000000	0.000000	0.000000	0.895966	0.000000	0.000000	0.000000	0.000000	0.000000	0.000000	0.000000	0.000000
0.000000	0.000000	0.111235	0.000000	0.000000	0.000000	0.000000	0.007078	0.000000	0.000000	0.000000	0.000000	0.000000	0.000000	0.000000	0.000123	0.000000	0.000000	0.000000	0.000000	0.000000	0.881564	0.000000	0.000000	0.000000	0.000000	0.000000	0.000000	0.000000	0.000000
0.000000	0.000000	0.091675	0.000000	0.000000	0.000000	0.000000	0.005323	0.000000	0.000000	0.000000	0.000000	0.000000	0.000000	0.000000	0.000118	0.000000	0.000000	0.000000	0.000000	0.000000	0.902885	0.000000	0.000000	0.000000	0.000000	0.000000	0.000000	0.000000	0.000000
0.000000	0.000000	0.092843	0.000000	0.000000	0.000000	0.000000	0.006385	0.000000	0.000000	0.000000	0.000000	0.000000	0.000000	0.000000	0.000120	0.000000	0.000000	0.000000	0.000000	0.000000	0.900653	0.000000	0.000000	0.000000	0.000000	0.000000	0.000000	0.000000	0.000000
0.000000	0.000000	0.091876	0.000000	0.000000	0.000000	0.000000	0.006498	0.000000	0.000000	0.000000	0.000000	0.000000	0.000000	0.000000	0.000117	0.000000	0.000000	0.000000	0.000000	0.000000	0.901509	0.000000	0.000000	0.000000	0.000000	0.000000	0.000000	0.000000	0.000000
0.000000	0.000000	0.106611	0.000000	0.000000	0.000000	0.000000	0.004848	0.000000	0.000000	0.000000	0.000000	0.000000	0.000000	0.000000	0.000154	0.000000	0.000000	0.000000	0.000000	0.000000	0.888386	0.000000	0.000000	0.000000	0.000000	0.000000	0.000000	0.000000	0.000000
0.000000	0.000000	0.115100	0.000000	0.000000	0.000000	0.000000	0.004626	0.000000	0.000000	0.000000	0.000000	0.000000	0.000000	0.000000	0.000178	0.000000	0.000000	0.000000	0.000000	0.000000	0.880097	0.000000	0.000000	0.000000	0.000000	0.000000	0.000000	0.000000	0.000000
0.000000	0.000000	0.107449	0.000000	0.000000	0.000000	0.000000	0.040425	0.000000	0.000000	0.000000	0.000000	0.000000	0.000000	0.000000	0.000139	0.000000	0.000000	0.000000	0.000000	0.000000	0.851987	0.000000	0.000000	0.000000	0.000000	0.000000	0.000000	0.000000	0.000000
0.000000	0.000000	0.091720	0.000000	0.000000	0.000000	0.000000	0.005231	0.000000	0.000000	0.000000	0.000000	0.000000	0.000000	0.000000	0.000118	0.000000	0.000000	0.000000	0.000000	0.000000	0.902930	0.000000	0.000000	0.000000	0.000000	0.000000	0.000000	0.000000	0.000000
0.000000	0.000000	0.000000	0.000000	0.000000	0.000000	0.000000	0.000000	0.000000	0.000000	0.000000	0.000000	0.000000	0.000000	0.000000	0.000000	0.000000	0.000000	0.000000	0.000000	0.000000	0.000000	0.000000	1.000000	0.000000	0.000000	0.000000	0.000000	0.000000	0.000000
0.000000	0.000000	0.097157	0.000000	0.000000	0.000000	0.000000	0.009682	0.000000	0.000000	0.000000	0.000000	0.000000	0.000000	0.000000	0.000126	0.000000	0.000000	0.000000	0.000000	0.000000	0.893034	0.000000	0.000000	0.000000	0.000000	0.000000	0.000000	0.000000	0.000000
0.000000	0.000000	0.091720	0.000000	0.000000	0.000000	0.000000	0.005232	0.000000	0.000000	0.000000	0.000000	0.000000	0.000000	0.000000	0.000118	0.000000	0.000000	0.000000	0.000000	0.000000	0.902931	0.000000	0.000000	0.000000	0.000000	0.000000	0.000000	0.000000	0.000000
0.000000	0.000000	0.108415	0.000000	0.000000	0.000000	0.000000	0.004816	0.000000	0.000000	0.000000	0.000000	0.000000	0.000000	0.000000	0.000159	0.000000	0.000000	0.000000	0.000000	0.000000	0.886610	0.000000	0.000000	0.000000	0.000000	0.000000	0.000000	0.000000	0.000000
0.000000	0.000000	0.114223	0.000000	0.000000	0.000000	0.000000	0.004657	0.000000	0.000000	0.000000	0.000000	0.000000	0.000000	0.000000	0.000175	0.000000	0.000000	0.000000	0.000000	0.000000	0.880945	0.000000	0.000000	0.000000	0.000000	0.000000	0.000000	0.000000	0.000000
0.000000	0.000000	0.091720	0.000000	0.000000	0.000000	0.000000	0.005232	0.000000	0.000000	0.000000	0.000000	0.000000	0.000000	0.000000	0.000118	0.000000	0.000000	0.000000	0.000000	0.000000	0.902931	0.000000	0.000000	0.000000	0.000000	0.000000	0.000000	0.000000	0.000000
0.000000	0.000000	0.091796	0.000000	0.000000	0.000000	0.000000	0.005234	0.000000	0.000000	0.000000	0.000000	0.000000	0.000000	0.000000	0.000118	0.000000	0.000000	0.000000	0.000000	0.000000	0.902852	0.000000	0.000000	0.000000	0.000000	0.000000	0.000000	0.000000	0.000000
0.000000	0.000000	0.091720	0.000000	0.000000	0.000000	0.000000	0.005231	0.000000	0.000000	0.000000	0.000000	0.000000	0.000000	0.000000	0.000118	0.000000	0.000000	0.000000	0.000000	0.000000	0.902930	0.000000	0.000000	0.000000	0.000000	0.000000	0.000000	0.000000	0.000000
0.000000	0.000000	0.161928	0.000000	0.000000	0.000000	0.000000	0.004574	0.000000	0.000000	0.000000	0.000000	0.000000	0.000000	0.000000	0.000293	0.000000	0.000000	0.000000	0.000000	0.000000	0.833204	0.000000	0.000000	0.000000	0.000000	0.000000	0.000000	0.000000	0.000000
0.000000	0.000000	0.094008	0.000000	0.000000	0.000000	0.000000	0.005244	0.000000	0.000000	0.000000	0.000000	0.000000	0.000000	0.000000	0.000122	0.000000	0.000000	0.000000	0.000000	0.000000	0.900626	0.000000	0.000000	0.000000	0.000000	0.000000	0.000000	0.000000	0.000000
0.000000	0.000000	0.090660	0.000000	0.000000	0.000000	0.000000	0.005244	0.000000	0.000000	0.000000	0.000000	0.000000	0.000000	0.000000	0.000116	0.000000	0.000000	0.000000	0.000000	0.000000	0.903981	0.000000	0.000000	0.000000	0.000000	0.000000	0.000000	0.000000	0.000000
0.000000	0.000000	0.091796	0.000000	0.000000	0.000000	0.000000	0.005234	0.000000	0.000000	0.000000	0.000000	0.000000	0.000000	0.000000	0.000118	0.000000	0.000000	0.000000	0.000000	0.000000	0.902852	0.000000	0.000000	0.000000	0.000000	0.000000	0.000000	0.000000	0.000000
0.000000	0.000000	0.091796	0.000000	0.000000	0.000000	0.000000	0.005234	0.000000	0.000000	0.000000	0.000000	0.000000	0.000000	0.000000	0.000118	0.000000	0.000000	0.000000	0.000000	0.000000	0.902852	0.000000	0.000000	0.000000	0.000000	0.000000	0.000000	0.000000	0.000000
0.000000	0.000000	0.090535	0.000000	0.000000	0.000000	0.000000	0.005237	0.000000	0.000000	0.000000	0.000000	0.000000	0.000000	0.000000	0.000115	0.000000	0.000000	0.000000	0.000000	0.000000	0.904113	0.000000	0.000000	0.000000	0.000000	0.000000	0.000000	0.000000	0.000000
0.000000	0.000000	0.091791	0.000000	0.000000	0.000000	0.000000	0.005346	0.000000	0.000000	0.000000	0.000000	0.000000	0.000000	0.000000	0.000118	0.000000	0.000000	0.000000	0.000000	0.000000	0.902744	0.000000	0.000000	0.000000	0.000000	0.000000	0.000000	0.000000	0.000000
0.000000	0.000000	0.090660	0.000000	0.000000	0.000000	0.000000	0.005244	0.000000	0.000000	0.000000	0.000000	0.000000	0.000000	0.000000	0.000116	0.000000	0.000000	0.000000	0.000000	0.000000	0.903981	0.000000	0.000000	0.000000	0.000000	0.000000	0.000000	0.000000	0.000000
0.000000	0.000000	0.153673	0.000000	0.000000	0.000000	0.000000	0.004297	0.000000	0.000000	0.000000	0.000000	0.000000	0.000000	0.000000	0.000248	0.000000	0.000000	0.000000	0.000000	0.000000	0.841781	0.000000	0.000000	0.000000	0.000000	0.000000	0.000000	0.000000	0.000000
0.000000	0.000000	0.174810	0.000000	0.000000	0.000000	0.000000	0.004427	0.000000	0.000000	0.000000	0.000000	0.000000	0.000000	0.000000	0.000281	0.000000	0.000000	0.000000	0.000000	0.000000	0.820482	0.000000	0.000000	0.000000	0.000000	0.000000	0.000000	0.000000	0.000000
0.000000	0.000000	0.157131	0.000000	0.000000	0.000000	0.000000	0.004627	0.000000	0.000000	0.000000	0.000000	0.000000	0.000000	0.000000	0.000298	0.000000	0.000000	0.000000	0.000000	0.000000	0.837943	0.000000	0.000000	0.000000	0.000000	0.000000	0.000000	0.000000	0.000000
0.000000	0.000000	0.097719	0.000000	0.000000	0.000000	0.000000	0.005031	0.000000	0.000000	0.000000	0.000000	0.000000	0.000000	0.000000	0.000133	0.000000	0.000000	0.000000	0.000000	0.000000	0.897116	0.000000	0.000000	0.000000	0.000000	0.000000	0.000000	0.000000	0.000000
0.000000	0.000000	0.091796	0.000000	0.000000	0.000000	0.000000	0.005234	0.000000	0.000000	0.000000	0.000000	0.000000	0.000000	0.000000	0.000118	0.000000	0.000000	0.000000	0.000000	0.000000	0.902852	0.000000	0.000000	0.000000	0.000000	0.000000	0.000000	0.000000	0.000000
0.000000	0.000000	0.157972	0.000000	0.000000	0.000000	0.000000	0.004658	0.000000	0.000000	0.000000	0.000000	0.000000	0.000000	0.000000	0.000298	0.000000	0.000000	0.000000	0.000000	0.000000	0.837072	0.000000	0.000000	0.000000	0.000000	0.000000	0.000000	0.000000	0.000000
0.000000	0.000000	0.161306	0.000000	0.000000	0.000000	0.000000	0.004612	0.000000	0.000000	0.000000	0.000000	0.000000	0.000000	0.000000	0.000291	0.000000	0.000000	0.000000	0.000000	0.000000	0.833792	0.000000	0.000000	0.000000	0.000000	0.000000	0.000000	0.000000	0.000000
0.000000	0.000000	0.096459	0.000000	0.000000	0.000000	0.000000	0.005131	0.000000	0.000000	0.000000	0.000000	0.000000	0.000000	0.000000	0.000130	0.000000	0.000000	0.000000	0.000000	0.000000	0.898280	0.000000	0.000000	0.000000	0.000000	0.000000	0.000000	0.000000	0.000000
0.000000	0.000000	0.091796	0.000000	0.000000	0.000000	0.000000	0.005234	0.000000	0.000000	0.000000	0.000000	0.000000	0.000000	0.000000	0.000118	0.000000	0.000000	0.000000	0.000000	0.000000	0.902852	0.000000	0.000000	0.000000	0.000000	0.000000	0.000000	0.000000	0.000000
0.000000	0.000000	0.162144	0.000000	0.000000	0.000000	0.000000	0.004606	0.000000	0.000000	0.000000	0.000000	0.000000	0.000000	0.000000	0.000293	0.000000	0.000000	0.000000	0.000000	0.000000	0.832958	0.000000	0.000000	0.000000	0.000000	0.000000	0.000000	0.000000	0.000000
0.000000	0.000000	0.155444	0.000000	0.000000	0.000000	0.000000	0.004618	0.000000	0.000000	0.000000	0.000000	0.000000	0.000000	0.000000	0.000293	0.000000	0.000000	0.000000	0.000000	0.000000	0.839645	0.000000	0.000000	0.000000	0.000000	0.000000	0.000000	0.000000	0.000000
0.000000	0.000000	0.091796	0.000000	0.000000	0.000000	0.000000	0.005234	0.000000	0.000000	0.000000	0.000000	0.000000	0.000000	0.000000	0.000118	0.000000	0.000000	0.000000	0.000000	0.000000	0.902852	0.000000	0.000000	0.000000	0.000000	0.000000	0.000000	0.000000	0.000000
0.000000	0.000000	0.000000	0.000000	0.000000	1.000000	0.000000	0.000000	0.000000	0.000000	0.000000	0.000000	0.000000	0.000000	0.000000	0.000000	0.000000	0.000000	0.000000	0.000000	0.000000	0.000000	0.000000	0.000000	0.000000	0.000000	0.000000	0.000000	0.000000	0.000000
0.000000	0.000000	0.187979	0.000000	0.000000	0.000000	0.000000	0.007724	0.000000	0.000000	0.000000	0.000000	0.000000	0.000000	0.000000	0.000241	0.000000	0.000000	0.000000	0.000000	0.000000	0.804056	0.000000	0.000000	0.000000	0.000000	0.000000	0.000000	0.000000	0.000000
0.000000	0.000000	0.151340	0.000000	0.000000	0.000000	0.000000	0.004698	0.000000	0.000000	0.000000	0.000000	0.000000	0.000000	0.000000	0.000235	0.000000	0.000000	0.000000	0.000000	0.000000	0.843726	0.000000	0.000000	0.000000	0.000000	0.000000	0.000000	0.000000	0.000000
0.000000	0.000000	0.173454	0.000000	0.000000	0.000000	0.000000	0.004738	0.000000	0.000000	0.000000	0.000000	0.000000	0.000000	0.000000	0.000272	0.000000	0.000000	0.000000	0.000000	0.000000	0.821536	0.000000	0.000000	0.000000	0.000000	0.000000	0.000000	0.000000	0.000000
0.000000	0.000000	0.166723	0.000000	0.000000	0.000000	0.000000	0.004456	0.000000	0.000000	0.000000	0.000000	0.000000	0.000000	0.000000	0.000278	0.000000	0.000000	0.000000	0.000000	0.000000	0.828543	0.000000	0.000000	0.000000	0.000000	0.000000	0.000000	0.000000	0.000000
0.000000	0.000000	0.000000	0.000000	0.000000	0.000000	0.000000	0.000000	0.000000	0.000000	0.000000	0.000000	0.000000	0.000000	0.000000	0.000000	0.000000	0.000000	0.000000	1.000000	0.000000	0.000000	0.000000	0.000000	0.000000	0.000000	0.000000	0.000000	0.000000	0.000000
0.000000	0.000000	0.117324	0.000000	0.000000	0.000000	0.000000	0.032269	0.000000	0.000000	0.000000	0.000000	0.000000	0.000000	0.000000	0.000170	0.000000	0.000000	0.000000	0.000000	0.000000	0.850237	0.000000	0.000000	0.000000	0.000000	0.000000	0.000000	0.000000	0.000000
0.000000	0.000000	0.127306	0.000000	0.000000	0.000000	0.000000	0.004583	0.000000	0.000000	0.000000	0.000000	0.000000	0.000000	0.000000	0.000208	0.000000	0.000000	0.000000	0.000000	0.000000	0.867904	0.000000	0.000000	0.000000	0.000000	0.000000	0.000000	0.000000	0.000000
0.000000	0.000000	0.154045	0.000000	0.000000	0.000000	0.000000	0.004570	0.000000	0.000000	0.000000	0.000000	0.000000	0.000000	0.000000	0.000288	0.000000	0.000000	0.000000	0.000000	0.000000	0.841097	0.000000	0.000000	0.000000	0.000000	0.000000	0.000000	0.000000	0.000000
0.000000	0.000000	0.137370	0.000000	0.000000	0.000000	0.000000	0.005825	0.000000	0.000000	0.000000	0.000000	0.000000	0.000000	0.000000	0.000239	0.000000	0.000000	0.000000	0.000000	0.000000	0.856565	0.000000	0.000000	0.000000	0.000000	0.000000	0.000000	0.000000	0.000000
0.000000	0.000000	0.000000	0.000000	0.000000	0.000000	0.000000	0.000000	0.000000	0.000000	0.000000	0.000000	0.000000	0.000000	0.000000	0.000000	0.000000	0.000000	0.000000	0.000000	0.000000	1.000000	0.000000	0.000000	0.000000	0.000000	0.000000	0.000000	0.000000	0.000000
0.000000	0.000000	0.134196	0.000000	0.000000	0.000000	0.000000	0.004302	0.000000	0.000000	0.000000	0.000000	0.000000	0.000000	0.000000	0.000221	0.000000	0.000000	0.000000	0.000000	0.000000	0.861281	0.000000	0.000000	0.000000	0.000000	0.000000	0.000000	0.000000	0.000000
0.000000	0.000000	0.127022	0.000000	0.000000	0.000000	0.000000	0.004478	0.000000	0.000000	0.000000	0.000000	0.000000	0.000000	0.000000	0.000201	0.000000	0.000000	0.000000	0.000000	0.000000	0.868299	0.000000	0.000000	0.000000	0.000000	0.000000	0.000000	0.000000	0.000000
0.000000	0.000000	0.134196	0.000000	0.000000	0.000000	0.000000	0.004302	0.000000	0.000000	0.000000	0.000000	0.000000	0.000000	0.000000	0.000221	0.000000	0.000000	0.000000	0.000000	0.000000	0.861281	0.000000	0.000000	0.000000	0.000000	0.000000	0.000000	0.000000	0.000000
0.000000	0.000000	0.123647	0.000000	0.000000	0.000000	0.000000	0.004166	0.000000	0.000000	0.000000	0.000000	0.000000	0.000000	0.000000	0.000189	0.000000	0.000000	0.000000	0.000000	0.000000	0.871997	0.000000	0.000000	0.000000	0.000000	0.000000	0.000000	0.000000	0.000000
0.000000	0.000000	0.122841	0.000000	0.000000	0.000000	0.000000	0.004486	0.000000	0.000000	0.000000	0.000000	0.000000	0.000000	0.000000	0.000193	0.000000	0.000000	0.000000	0.000000	0.000000	0.872479	0.000000	0.000000	0.000000	0.000000	0.000000	0.000000	0.000000	0.000000
0.000000	0.000000	0.137573	0.000000	0.000000	0.000000	0.000000	0.004595	0.000000	0.000000	0.000000	0.000000	0.000000	0.000000	0.000000	0.000237	0.000000	0.000000	0.000000	0.000000	0.000000	0.857595	0.000000	0.000000	0.000000	0.000000	0.000000	0.000000	0.000000	0.000000
0.000000	0.000000	0.122756	0.000000	0.000000	0.000000	0.000000	0.004783	0.000000	0.000000	0.000000	0.000000	0.000000	0.000000	0.000000	0.000200	0.000000	0.000000	0.000000	0.000000	0.000000	0.872260	0.000000	0.000000	0.000000	0.000000	0.000000	0.000000	0.000000	0.000000
0.000000	0.000000	0.122841	0.000000	0.000000	0.000000	0.000000	0.004486	0.000000	0.000000	0.000000	0.000000	0.000000	0.000000	0.000000	0.000193	0.000000	0.000000	0.000000	0.000000	0.000000	0.872479	0.000000	0.000000	0.000000	0.000000	0.000000	0.000000	0.000000	0.000000
0.000000	0.000000	0.139990	0.000000	0.000000	0.000000	0.000000	0.004564	0.000000	0.000000	0.000000	0.000000	0.000000	0.000000	0.000000	0.000246	0.000000	0.000000	0.000000	0.000000	0.000000	0.855200	0.000000	0.000000	0.000000	0.000000	0.000000	0.000000	0.000000	0.000000
0.000000	0.000000	0.123006	0.000000	0.000000	0.000000	0.000000	0.004496	0.000000	0.000000	0.000000	0.000000	0.000000	0.000000	0.000000	0.000194	0.000000	0.000000	0.000000	0.000000	0.000000	0.872305	0.000000	0.000000	0.000000	0.000000	0.000000	0.000000	0.000000	0.000000
0.000000	0.000000	0.133609	0.000000	0.000000	0.000000	0.000000	0.004295	0.000000	0.000000	0.000000	0.000000	0.000000	0.000000	0.000000	0.000219	0.000000	0.000000	0.000000	0.000000	0.000000	0.861877	0.000000	0.000000	0.000000	0.000000	0.000000	0.000000	0.000000	0.000000
0.000000	0.000000	0.125755	0.000000	0.000000	0.000000	0.000000	0.004454	0.000000	0.000000	0.000000	0.000000	0.000000	0.000000	0.000000	0.000201	0.000000	0.000000	0.000000	0.000000	0.000000	0.869591	0.000000	0.000000	0.000000	0.000000	0.000000	0.000000	0.000000	0.000000
0.000000	0.000000	0.137369	0.000000	0.000000	0.000000	0.000000	0.004607	0.000000	0.000000	0.000000	0.000000	0.000000	0.000000	0.000000	0.000236	0.000000	0.000000	0.000000	0.000000	0.000000	0.857788	0.000000	0.000000	0.000000	0.000000	0.000000	0.000000	0.000000	0.000000
0.000000	0.000000	0.153673	0.000000	0.000000	0.000000	0.000000	0.004297	0.000000	0.000000	0.000000	0.000000	0.000000	0.000000	0.000000	0.000248	0.000000	0.000000	0.000000	0.000000	0.000000	0.841781	0.000000	0.000000	0.000000	0.000000	0.000000	0.000000	0.000000	0.000000
0.000000	0.000000	0.153288	0.000000	0.000000	0.000000	0.000000	0.004625	0.000000	0.000000	0.000000	0.000000	0.000000	0.000000	0.000000	0.000286	0.000000	0.000000	0.000000	0.000000	0.000000	0.841801	0.000000	0.000000	0.000000	0.000000	0.000000	0.000000	0.000000	0.000000
0.000000	0.000000	0.000000	0.000000	0.000000	0.000000	0.000000	0.000000	0.000000	0.000000	1.000000	0.000000	0.000000	0.000000	0.000000	0.000000	0.000000	0.000000	0.000000	0.000000	0.000000	0.000000	0.000000	0.000000	0.000000	0.000000	0.000000	0.000000	0.000000	0.000000
0.000000	0.000000	0.124049	0.000000	0.000000	0.000000	0.000000	0.004515	0.000000	0.000000	0.000000	0.000000	0.000000	0.000000	0.000000	0.000197	0.000000	0.000000	0.000000	0.000000	0.000000	0.871239	0.000000	0.000000	0.000000	0.000000	0.000000	0.000000	0.000000	0.000000
0.000000	0.000000	0.174810	0.000000	0.000000	0.000000	0.000000	0.004427	0.000000	0.000000	0.000000	0.000000	0.000000	0.000000	0.000000	0.000281	0.000000	0.000000	0.000000	0.000000	0.000000	0.820482	0.000000	0.000000	0.000000	0.000000	0.000000	0.000000	0.000000	0.000000
0.000000	0.000000	0.098263	0.000000	0.000000	0.000000	0.000000	0.015354	0.000000	0.000000	0.000000	0.000000	0.000000	0.000000	0.000000	0.000119	0.000000	0.000000	0.000000	0.000000	0.000000	0.886264	0.000000	0.000000	0.000000	0.000000	0.000000	0.000000	0.000000	0.000000
0.000000	0.000000	0.107180	0.000000	0.000000	0.000000	0.000000	0.004926	0.000000	0.000000	0.000000	0.000000	0.000000	0.000000	0.000000	0.000156	0.000000	0.000000	0.000000	0.000000	0.000000	0.887739	0.000000	0.000000	0.000000	0.000000	0.000000	0.000000	0.000000	0.000000
0.000000	0.000000	0.105128	0.000000	0.000000	0.000000	0.000000	0.006875	0.000000	0.000000	0.000000	0.000000	0.000000	0.000000	0.000000	0.000136	0.000000	0.000000	0.000000	0.000000	0.000000	0.887860	0.000000	0.000000	0.000000	0.000000	0.000000	0.000000	0.000000	0.000000
0.000000	0.000000	0.091720	0.000000	0.000000	0.000000	0.000000	0.005232	0.000000	0.000000	0.000000	0.000000	0.000000	0.000000	0.000000	0.000118	0.000000	0.000000	0.000000	0.000000	0.000000	0.902931	0.000000	0.000000	0.000000	0.000000	0.000000	0.000000	0.000000	0.000000
0.000000	0.000000	0.091720	0.000000	0.000000	0.000000	0.000000	0.005232	0.000000	0.000000	0.000000	0.000000	0.000000	0.000000	0.000000	0.000118	0.000000	0.000000	0.000000	0.000000	0.000000	0.902931	0.000000	0.000000	0.000000	0.000000	0.000000	0.000000	0.000000	0.000000
0.000000	0.000000	0.187206	0.000000	0.000000	0.000000	0.000000	0.007700	0.000000	0.000000	0.000000	0.000000	0.000000	0.000000	0.000000	0.000242	0.000000	0.000000	0.000000	0.000000	0.000000	0.804852	0.000000	0.000000	0.000000	0.000000	0.000000	0.000000	0.000000	0.000000
0.000000	0.000000	0.187979	0.000000	0.000000	0.000000	0.000000	0.007724	0.000000	0.000000	0.000000	0.000000	0.000000	0.000000	0.000000	0.000241	0.000000	0.000000	0.000000	0.000000	0.000000	0.804056	0.000000	0.000000	0.000000	0.000000	0.000000	0.000000	0.000000	0.000000
0.000000	0.000000	0.125991	0.000000	0.000000	0.000000	0.000000	0.006706	0.000000	0.000000	0.000000	0.000000	0.000000	0.000000	0.000000	0.000160	0.000000	0.000000	0.000000	0.000000	0.000000	0.867143	0.000000	0.000000	0.000000	0.000000	0.000000	0.000000	0.000000	0.000000
0.000000	0.000000	0.091765	0.000000	0.000000	0.000000	0.000000	0.011376	0.000000	0.000000	0.000000	0.000000	0.000000	0.000000	0.000000	0.000113	0.000000	0.000000	0.000000	0.000000	0.000000	0.896747	0.000000	0.000000	0.000000	0.000000	0.000000	0.000000	0.000000	0.000000
0.000000	0.000000	0.171033	0.000000	0.000000	0.000000	0.000000	0.005692	0.000000	0.000000	0.000000	0.000000	0.000000	0.000000	0.000000	0.000277	0.000000	0.000000	0.000000	0.000000	0.000000	0.822997	0.000000	0.000000	0.000000	0.000000	0.000000	0.000000	0.000000	0.000000
0.000000	0.000000	0.158391	0.000000	0.000000	0.000000	0.000000	0.004647	0.000000	0.000000	0.000000	0.000000	0.000000	0.000000	0.000000	0.000297	0.000000	0.000000	0.000000	0.000000	0.000000	0.836664	0.000000	0.000000	0.000000	0.000000	0.000000	0.000000	0.000000	0.000000
0.000000	0.000000	0.158207	0.000000	0.000000	0.000000	0.000000	0.004648	0.000000	0.000000	0.000000	0.000000	0.000000	0.000000	0.000000	0.000297	0.000000	0.000000	0.000000	0.000000	0.000000	0.836848	0.000000	0.000000	0.000000	0.000000	0.000000	0.000000	0.000000	0.000000
0.000000	0.000000	0.091791	0.000000	0.000000	0.000000	0.000000	0.005346	0.000000	0.000000	0.000000	0.000000	0.000000	0.000000	0.000000	0.000118	0.000000	0.000000	0.000000	0.000000	0.000000	0.902744	0.000000	0.000000	0.000000	0.000000	0.000000	0.000000	0.000000	0.000000
0.000000	0.000000	0.176173	0.000000	0.000000	0.000000	0.000000	0.004385	0.000000	0.000000	0.000000	0.000000	0.000000	0.000000	0.000000	0.000281	0.000000	0.000000	0.000000	0.000000	0.000000	0.819162	0.000000	0.000000	0.000000	0.000000	0.000000	0.000000	0.000000	0.000000
0.000000	0.000000	0.091745	0.000000	0.000000	0.000000	0.000000	0.011442	0.000000	0.000000	0.000000	0.000000	0.000000	0.000000	0.000000	0.000113	0.000000	0.000000	0.000000	0.000000	0.000000	0.896700	0.000000	0.000000	0.000000	0.000000	0.000000	0.000000	0.000000	0.000000
0.000000	0.000000	0.187979	0.000000	0.000000	0.000000	0.000000	0.007724	0.000000	0.000000	0.000000	0.000000	0.000000	0.000000	0.000000	0.000241	0.000000	0.000000	0.000000	0.000000	0.000000	0.804056	0.000000	0.000000	0.000000	0.000000	0.000000	0.000000	0.000000	0.000000
0.000000	0.000000	0.157131	0.000000	0.000000	0.000000	0.000000	0.004627	0.000000	0.000000	0.000000	0.000000	0.000000	0.000000	0.000000	0.000298	0.000000	0.000000	0.000000	0.000000	0.000000	0.837943	0.000000	0.000000	0.000000	0.000000	0.000000	0.000000	0.000000	0.000000
0.000000	0.000000	0.146617	0.000000	0.000000	0.000000	0.000000	0.004659	0.000000	0.000000	0.000000	0.000000	0.000000	0.000000	0.000000	0.000266	0.000000	0.000000	0.000000	0.000000	0.000000	0.848459	0.000000	0.000000	0.000000	0.000000	0.000000	0.000000	0.000000	0.000000
0.000000	0.000000	0.157972	0.000000	0.000000	0.000000	0.000000	0.004658	0.000000	0.000000	0.000000	0.000000	0.000000	0.000000	0.000000	0.000298	0.000000	0.000000	0.000000	0.000000	0.000000	0.837072	0.000000	0.000000	0.000000	0.000000	0.000000	0.000000	0.000000	0.000000
0.000000	0.000000	0.157972	0.000000	0.000000	0.000000	0.000000	0.004658	0.000000	0.000000	0.000000	0.000000	0.000000	0.000000	0.000000	0.000298	0.000000	0.000000	0.000000	0.000000	0.000000	0.837072	0.000000	0.000000	0.000000	0.000000	0.000000	0.000000	0.000000	0.000000
0.000000	0.000000	0.091745	0.000000	0.000000	0.000000	0.000000	0.011442	0.000000	0.000000	0.000000	0.000000	0.000000	0.000000	0.000000	0.000113	0.000000	0.000000	0.000000	0.000000	0.000000	0.896700	0.000000	0.000000	0.000000	0.000000	0.000000	0.000000	0.000000	0.000000
0.000000	0.000000	0.192355	0.000000	0.000000	0.000000	0.000000	0.007895	0.000000	0.000000	0.000000	0.000000	0.000000	0.000000	0.000000	0.000242	0.000000	0.000000	0.000000	0.000000	0.000000	0.799508	0.000000	0.000000	0.000000	0.000000	0.000000	0.000000	0.000000	0.000000
0.000000	0.000000	0.091745	0.000000	0.000000	0.000000	0.000000	0.011442	0.000000	0.000000	0.000000	0.000000	0.000000	0.000000	0.000000	0.000113	0.000000	0.000000	0.000000	0.000000	0.000000	0.896700	0.000000	0.000000	0.000000	0.000000	0.000000	0.000000	0.000000	0.000000
0.000000	0.000000	0.000000	0.000000	0.000000	0.000000	0.000000	0.000000	0.000000	0.000000	0.000000	0.000000	0.000000	0.000000	0.000000	0.000000	0.000000	0.000000	0.000000	0.000000	0.000000	0.000000	0.000000	0.000000	0.000000	0.000000	0.000000	0.000000	0.000000	1.000000
0.000000	0.000000	0.098422	0.000000	0.000000	0.000000	0.000000	0.009754	0.000000	0.000000	0.000000	0.000000	0.000000	0.000000	0.000000	0.000114	0.000000	0.000000	0.000000	0.000000	0.000000	0.891710	0.000000	0.000000	0.000000	0.000000	0.000000	0.000000	0.000000	0.000000
0.000000	0.000000	0.000000	0.000000	1.000000	0.000000	0.000000	0.000000	0.000000	0.000000	0.000000	0.000000	0.000000	0.000000	0.000000	0.000000	0.000000	0.000000	0.000000	0.000000	0.000000	0.000000	0.000000	0.000000	0.000000	0.000000	0.000000	0.000000	0.000000	0.000000
0.000000	0.000000	0.125655	0.000000	0.000000	0.000000	0.000000	0.004706	0.000000	0.000000	0.000000	0.000000	0.000000	0.000000	0.000000	0.000197	0.000000	0.000000	0.000000	0.000000	0.000000	0.869443	0.000000	0.000000	0.000000	0.000000	0.000000	0.000000	0.000000	0.000000
0.000000	0.000000	0.157440	0.000000	0.000000	0.000000	0.000000	0.004617	0.000000	0.000000	0.000000	0.000000	0.000000	0.000000	0.000000	0.000418	0.000000	0.000000	0.000000	0.000000	0.000000	0.837525	0.000000	0.000000	0.000000	0.000000	0.000000	0.000000	0.000000	0.000000
0.000000	0.000000	0.123011	0.000000	0.000000	0.000000	0.000000	0.004499	0.000000	0.000000	0.000000	0.000000	0.000000	0.000000	0.000000	0.000194	0.000000	0.000000	0.000000	0.000000	0.000000	0.872296	0.000000	0.000000	0.000000	0.000000	0.000000	0.000000	0.000000	0.000000
0.000000	0.000000	0.123359	0.000000	0.000000	0.000000	0.000000	0.004530	0.000000	0.000000	0.000000	0.000000	0.000000	0.000000	0.000000	0.000195	0.000000	0.000000	0.000000	0.000000	0.000000	0.871916	0.000000	0.000000	0.000000	0.000000	0.000000	0.000000	0.000000	0.000000
0.000000	0.000000	0.175619	0.000000	0.000000	0.000000	0.000000	0.004554	0.000000	0.000000	0.000000	0.000000	0.000000	0.000000	0.000000	0.000280	0.000000	0.000000	0.000000	0.000000	0.000000	0.819547	0.000000	0.000000	0.000000	0.000000	0.000000	0.000000	0.000000	0.000000
0.000000	0.000000	0.176555	0.000000	0.000000	0.000000	0.000000	0.004681	0.000000	0.000000	0.000000	0.000000	0.000000	0.000000	0.000000	0.000278	0.000000	0.000000	0.000000	0.000000	0.000000	0.818486	0.000000	0.000000	0.000000	0.000000	0.000000	0.000000	0.000000	0.000000
0.000000	0.000000	0.145570	0.000000	0.000000	0.000000	0.000000	0.004635	0.000000	0.000000	0.000000	0.000000	0.000000	0.000000	0.000000	0.000265	0.000000	0.000000	0.000000	0.000000	0.000000	0.849529	0.000000	0.000000	0.000000	0.000000	0.000000	0.000000	0.000000	0.000000
0.000000	0.000000	0.157595	0.000000	0.000000	0.000000	0.000000	0.004617	0.000000	0.000000	0.000000	0.000000	0.000000	0.000000	0.000000	0.000298	0.000000	0.000000	0.000000	0.000000	0.000000	0.837491	0.000000	0.000000	0.000000	0.000000	0.000000	0.000000	0.000000	0.000000
0.000000	0.000000	0.091796	0.000000	0.000000	0.000000	0.000000	0.005234	0.000000	0.000000	0.000000	0.000000	0.000000	0.000000	0.000000	0.000118	0.000000	0.000000	0.000000	0.000000	0.000000	0.902852	0.000000	0.000000	0.000000	0.000000	0.000000	0.000000	0.000000	0.000000
0.000000	0.000000	0.091745	0.000000	0.000000	0.000000	0.000000	0.011442	0.000000	0.000000	0.000000	0.000000	0.000000	0.000000	0.000000	0.000113	0.000000	0.000000	0.000000	0.000000	0.000000	0.896700	0.000000	0.000000	0.000000	0.000000	0.000000	0.000000	0.000000	0.000000
0.000000	0.000000	0.139920	0.000000	0.000000	0.000000	0.000000	0.004561	0.000000	0.000000	0.000000	0.000000	0.000000	0.000000	0.000000	0.000246	0.000000	0.000000	0.000000	0.000000	0.000000	0.855273	0.000000	0.000000	0.000000	0.000000	0.000000	0.000000	0.000000	0.000000
0.000000	0.000000	0.120931	0.000000	0.000000	0.000000	0.000000	0.004542	0.000000	0.000000	0.000000	0.000000	0.000000	0.000000	0.000000	0.000190	0.000000	0.000000	0.000000	0.000000	0.000000	0.874338	0.000000	0.000000	0.000000	0.000000	0.000000	0.000000	0.000000	0.000000
0.000000	0.000000	0.122869	0.000000	0.000000	0.000000	0.000000	0.004501	0.000000	0.000000	0.000000	0.000000	0.000000	0.000000	0.000000	0.000193	0.000000	0.000000	0.000000	0.000000	0.000000	0.872437	0.000000	0.000000	0.000000	0.000000	0.000000	0.000000	0.000000	0.000000
0.000000	0.000000	0.137369	0.000000	0.000000	0.000000	0.000000	0.004607	0.000000	0.000000	0.000000	0.000000	0.000000	0.000000	0.000000	0.000236	0.000000	0.000000	0.000000	0.000000	0.000000	0.857788	0.000000	0.000000	0.000000	0.000000	0.000000	0.000000	0.000000	0.000000
0.000000	0.000000	0.127252	0.000000	0.000000	0.000000	0.000000	0.004588	0.000000	0.000000	0.000000	0.000000	0.000000	0.000000	0.000000	0.000208	0.000000	0.000000	0.000000	0.000000	0.000000	0.867952	0.000000	0.000000	0.000000	0.000000	0.000000	0.000000	0.000000	0.000000
0.000000	0.000000	0.162748	0.000000	0.000000	0.000000	0.000000	0.005662	0.000000	0.000000	0.000000	0.000000	0.000000	0.000000	0.000000	0.000238	0.000000	0.000000	0.000000	0.000000	0.000000	0.831353	0.000000	0.000000	0.000000	0.000000	0.000000	0.000000	0.000000	0.000000
0.000000	0.000000	0.091796	0.000000	0.000000	0.000000	0.000000	0.005234	0.000000	0.000000	0.000000	0.000000	0.000000	0.000000	0.000000	0.000118	0.000000	0.000000	0.000000	0.000000	0.000000	0.902852	0.000000	0.000000	0.000000	0.000000	0.000000	0.000000	0.000000	0.000000
0.000000	0.000000	0.174810	0.000000	0.000000	0.000000	0.000000	0.004427	0.000000	0.000000	0.000000	0.000000	0.000000	0.000000	0.000000	0.000281	0.000000	0.000000	0.000000	0.000000	0.000000	0.820482	0.000000	0.000000	0.000000	0.000000	0.000000	0.000000	0.000000	0.000000
0.000000	0.000000	0.174810	0.000000	0.000000	0.000000	0.000000	0.004427	0.000000	0.000000	0.000000	0.000000	0.000000	0.000000	0.000000	0.000281	0.000000	0.000000	0.000000	0.000000	0.000000	0.820482	0.000000	0.000000	0.000000	0.000000	0.000000	0.000000	0.000000	0.000000
0.000000	0.000000	0.090810	0.000000	0.000000	0.000000	0.000000	0.006271	0.000000	0.000000	0.000000	0.000000	0.000000	0.000000	0.000000	0.000113	0.000000	0.000000	0.000000	0.000000	0.000000	0.902805	0.000000	0.000000	0.000000	0.000000	0.000000	0.000000	0.000000	0.000000
0.000000	0.000000	0.134196	0.000000	0.000000	0.000000	0.000000	0.004302	0.000000	0.000000	0.000000	0.000000	0.000000	0.000000	0.000000	0.000221	0.000000	0.000000	0.000000	0.000000	0.000000	0.861281	0.000000	0.000000	0.000000	0.000000	0.000000	0.000000	0.000000	0.000000
0.000000	0.000000	0.115100	0.000000	0.000000	0.000000	0.000000	0.004626	0.000000	0.000000	0.000000	0.000000	0.000000	0.000000	0.000000	0.000178	0.000000	0.000000	0.000000	0.000000	0.000000	0.880097	0.000000	0.000000	0.000000	0.000000	0.000000	0.000000	0.000000	0.000000
0.000000	0.000000	0.124049	0.000000	0.000000	0.000000	0.000000	0.004515	0.000000	0.000000	0.000000	0.000000	0.000000	0.000000	0.000000	0.000197	0.000000	0.000000	0.000000	0.000000	0.000000	0.871239	0.000000	0.000000	0.000000	0.000000	0.000000	0.000000	0.000000	0.000000
0.000000	0.000000	0.106752	0.000000	0.000000	0.000000	0.000000	0.004879	0.000000	0.000000	0.000000	0.000000	0.000000	0.000000	0.000000	0.000154	0.000000	0.000000	0.000000	0.000000	0.000000	0.888215	0.000000	0.000000	0.000000	0.000000	0.000000	0.000000	0.000000	0.000000
0.000000	0.000000	0.092843	0.000000	0.000000	0.000000	0.000000	0.006385	0.000000	0.000000	0.000000	0.000000	0.000000	0.000000	0.000000	0.000120	0.000000	0.000000	0.000000	0.000000	0.000000	0.900653	0.000000	0.000000	0.000000	0.000000	0.000000	0.000000	0.000000	0.000000
0.000000	0.000000	0.157440	0.000000	0.000000	0.000000	0.000000	0.004617	0.000000	0.000000	0.000000	0.000000	0.000000	0.000000	0.000000	0.000418	0.000000	0.000000	0.000000	0.000000	0.000000	0.837525	0.000000	0.000000	0.000000	0.000000	0.000000	0.000000	0.000000	0.000000
0.000000	0.000000	0.122859	0.000000	0.000000	0.000000	0.000000	0.004495	0.000000	0.000000	0.000000	0.000000	0.000000	0.000000	0.000000	0.000193	0.000000	0.000000	0.000000	0.000000	0.000000	0.872453	0.000000	0.000000	0.000000	0.000000	0.000000	0.000000	0.000000	0.000000
0.000000	0.000000	0.151777	0.000000	0.000000	0.000000	0.000000	0.006273	0.000000	0.000000	0.000000	0.000000	0.000000	0.000000	0.000000	0.000281	0.000000	0.000000	0.000000	0.000000	0.000000	0.841669	0.000000	0.000000	0.000000	0.000000	0.000000	0.000000	0.000000	0.000000
0.000000	0.000000	0.123143	0.000000	0.000000	0.000000	0.000000	0.004494	0.000000	0.000000	0.000000	0.000000	0.000000	0.000000	0.000000	0.000194	0.000000	0.000000	0.000000	0.000000	0.000000	0.872169	0.000000	0.000000	0.000000	0.000000	0.000000	0.000000	0.000000	0.000000
0.000000	0.000000	0.106900	0.000000	0.000000	0.000000	0.000000	0.004877	0.000000	0.000000	0.000000	0.000000	0.000000	0.000000	0.000000	0.000155	0.000000	0.000000	0.000000	0.000000	0.000000	0.888068	0.000000	0.000000	0.000000	0.000000	0.000000	0.000000	0.000000	0.000000
0.000000	0.000000	0.185626	0.000000	0.000000	0.000000	0.000000	0.004068	0.000000	0.000000	0.000000	0.000000	0.000000	0.000000	0.000000	0.000276	0.000000	0.000000	0.000000	0.000000	0.000000	0.810030	0.000000	0.000000	0.000000	0.000000	0.000000	0.000000	0.000000	0.000000
0.000000	0.000000	0.174810	0.000000	0.000000	0.000000	0.000000	0.004427	0.000000	0.000000	0.000000	0.000000	0.000000	0.000000	0.000000	0.000281	0.000000	0.000000	0.000000	0.000000	0.000000	0.820482	0.000000	0.000000	0.000000	0.000000	0.000000	0.000000	0.000000	0.000000
0.000000	0.000000	0.157972	0.000000	0.000000	0.000000	0.000000	0.004658	0.000000	0.000000	0.000000	0.000000	0.000000	0.000000	0.000000	0.000298	0.000000	0.000000	0.000000	0.000000	0.000000	0.837072	0.000000	0.000000	0.000000	0.000000	0.000000	0.000000	0.000000	0.000000
0.000000	0.000000	0.182691	0.000000	0.000000	0.000000	0.000000	0.003739	0.000000	0.000000	0.000000	0.000000	0.000000	0.000000	0.000000	0.011202	0.000000	0.000000	0.000000	0.000000	0.000000	0.802368	0.000000	0.000000	0.000000	0.000000	0.000000	0.000000	0.000000	0.000000
0.000000	0.000000	0.091791	0.000000	0.000000	0.000000	0.000000	0.005346	0.000000	0.000000	0.000000	0.000000	0.000000	0.000000	0.000000	0.000118	0.000000	0.000000	0.000000	0.000000	0.000000	0.902744	0.000000	0.000000	0.000000	0.000000	0.000000	0.000000	0.000000	0.000000
0.000000	0.000000	0.131478	0.000000	0.000000	0.000000	0.000000	0.004505	0.000000	0.000000	0.000000	0.000000	0.000000	0.000000	0.000000	0.000216	0.000000	0.000000	0.000000	0.000000	0.000000	0.863800	0.000000	0.000000	0.000000	0.000000	0.000000	0.000000	0.000000	0.000000
0.000000	0.000000	0.162144	0.000000	0.000000	0.000000	0.000000	0.004606	0.000000	0.000000	0.000000	0.000000	0.000000	0.000000	0.000000	0.000293	0.000000	0.000000	0.000000	0.000000	0.000000	0.832958	0.000000	0.000000	0.000000	0.000000	0.000000	0.000000	0.000000	0.000000
0.000000	0.000000	0.123006	0.000000	0.000000	0.000000	0.000000	0.004496	0.000000	0.000000	0.000000	0.000000	0.000000	0.000000	0.000000	0.000194	0.000000	0.000000	0.000000	0.000000	0.000000	0.872305	0.000000	0.000000	0.000000	0.000000	0.000000	0.000000	0.000000	0.000000
0.000000	0.000000	0.131470	0.000000	0.000000	0.000000	0.000000	0.004505	0.000000	0.000000	0.000000	0.000000	0.000000	0.000000	0.000000	0.000216	0.000000	0.000000	0.000000	0.000000	0.000000	0.863809	0.000000	0.000000	0.000000	0.000000	0.000000	0.000000	0.000000	0.000000
0.000000	0.000000	0.000000	0.000000	0.000000	0.000000	0.000000	0.000000	0.000000	0.000000	0.000000	0.000000	0.000000	1.000000	0.000000	0.000000	0.000000	0.000000	0.000000	0.000000	0.000000	0.000000	0.000000	0.000000	0.000000	0.000000	0.000000	0.000000	0.000000	0.000000
0.000000	0.000000	0.126348	0.000000	0.000000	0.000000	0.000000	0.004469	0.000000	0.000000	0.000000	0.000000	0.000000	0.000000	0.000000	0.000202	0.000000	0.000000	0.000000	0.000000	0.000000	0.868981	0.000000	0.000000	0.000000	0.000000	0.000000	0.000000	0.000000	0.000000
0.000000	0.000000	0.091745	0.000000	0.000000	0.000000	0.000000	0.011442	0.000000	0.000000	0.000000	0.000000	0.000000	0.000000	0.000000	0.000113	0.000000	0.000000	0.000000	0.000000	0.000000	0.896700	0.000000	0.000000	0.000000	0.000000	0.000000	0.000000	0.000000	0.000000
0.000000	0.000000	0.131109	0.000000	0.000000	0.000000	0.000000	0.004484	0.000000	0.000000	0.000000	0.000000	0.000000	0.000000	0.000000	0.000215	0.000000	0.000000	0.000000	0.000000	0.000000	0.864191	0.000000	0.000000	0.000000	0.000000	0.000000	0.000000	0.000000	0.000000
0.000000	0.000000	0.101518	0.000000	0.000000	0.000000	0.000000	0.025029	0.000000	0.000000	0.000000	0.000000	0.000000	0.000000	0.000000	0.000128	0.000000	0.000000	0.000000	0.000000	0.000000	0.873325	0.000000	0.000000	0.000000	0.000000	0.000000	0.000000	0.000000	0.000000
0.000000	0.000000	0.107560	0.000000	0.000000	0.000000	0.000000	0.040290	0.000000	0.000000	0.000000	0.000000	0.000000	0.000000	0.000000	0.000138	0.000000	0.000000	0.000000	0.000000	0.000000	0.852011	0.000000	0.000000	0.000000	0.000000	0.000000	0.000000	0.000000	0.000000
0.000000	0.000000	0.107560	0.000000	0.000000	0.000000	0.000000	0.040290	0.000000	0.000000	0.000000	0.000000	0.000000	0.000000	0.000000	0.000138	0.000000	0.000000	0.000000	0.000000	0.000000	0.852011	0.000000	0.000000	0.000000	0.000000	0.000000	0.000000	0.000000	0.000000
0.000000	0.000000	0.107449	0.000000	0.000000	0.000000	0.000000	0.040425	0.000000	0.000000	0.000000	0.000000	0.000000	0.000000	0.000000	0.000139	0.000000	0.000000	0.000000	0.000000	0.000000	0.851987	0.000000	0.000000	0.000000	0.000000	0.000000	0.000000	0.000000	0.000000
0.000000	0.000000	0.090660	0.000000	0.000000	0.000000	0.000000	0.005244	0.000000	0.000000	0.000000	0.000000	0.000000	0.000000	0.000000	0.000116	0.000000	0.000000	0.000000	0.000000	0.000000	0.903981	0.000000	0.000000	0.000000	0.000000	0.000000	0.000000	0.000000	0.000000
0.000000	0.000000	0.090660	0.000000	0.000000	0.000000	0.000000	0.005244	0.000000	0.000000	0.000000	0.000000	0.000000	0.000000	0.000000	0.000116	0.000000	0.000000	0.000000	0.000000	0.000000	0.903981	0.000000	0.000000	0.000000	0.000000	0.000000	0.000000	0.000000	0.000000
0.000000	0.000000	0.091495	0.000000	0.000000	0.000000	0.000000	0.005208	0.000000	0.000000	0.000000	0.000000	0.000000	0.000000	0.000000	0.000118	0.000000	0.000000	0.000000	0.000000	0.000000	0.903179	0.000000	0.000000	0.000000	0.000000	0.000000	0.000000	0.000000	0.000000
0.000000	0.000000	0.093798	0.000000	0.000000	0.000000	0.000000	0.005259	0.000000	0.000000	0.000000	0.000000	0.000000	0.000000	0.000000	0.000122	0.000000	0.000000	0.000000	0.000000	0.000000	0.900821	0.000000	0.000000	0.000000	0.000000	0.000000	0.000000	0.000000	0.000000
0.000000	0.000000	0.116256	0.000000	0.000000	0.000000	0.000000	0.033586	0.000000	0.000000	0.000000	0.000000	0.000000	0.000000	0.000000	0.000167	0.000000	0.000000	0.000000	0.000000	0.000000	0.849991	0.000000	0.000000	0.000000	0.000000	0.000000	0.000000	0.000000	0.000000
0.000000	0.000000	0.107475	0.000000	0.000000	0.000000	0.000000	0.008228	0.000000	0.000000	0.000000	0.000000	0.000000	0.000000	0.000000	0.000121	0.000000	0.000000	0.000000	0.000000	0.000000	0.884176	0.000000	0.000000	0.000000	0.000000	0.000000	0.000000	0.000000	0.000000
0.000000	0.000000	0.114127	0.000000	0.000000	0.000000	0.000000	0.007118	0.000000	0.000000	0.000000	0.000000	0.000000	0.000000	0.000000	0.000125	0.000000	0.000000	0.000000	0.000000	0.000000	0.878629	0.000000	0.000000	0.000000	0.000000	0.000000	0.000000	0.000000	0.000000
0.000000	0.000000	0.162846	0.000000	0.000000	0.000000	0.000000	0.007374	0.000000	0.000000	0.000000	0.000000	0.000000	0.000000	0.000000	0.000205	0.000000	0.000000	0.000000	0.000000	0.000000	0.829575	0.000000	0.000000	0.000000	0.000000	0.000000	0.000000	0.000000	0.000000
0.000000	0.000000	0.183638	0.000000	0.000000	0.000000	0.000000	0.007490	0.000000	0.000000	0.000000	0.000000	0.000000	0.000000	0.000000	0.000239	0.000000	0.000000	0.000000	0.000000	0.000000	0.808633	0.000000	0.000000	0.000000	0.000000	0.000000	0.000000	0.000000	0.000000
0.000000	0.000000	0.098422	0.000000	0.000000	0.000000	0.000000	0.009754	0.000000	0.000000	0.000000	0.000000	0.000000	0.000000	0.000000	0.000114	0.000000	0.000000	0.000000	0.000000	0.000000	0.891710	0.000000	0.000000	0.000000	0.000000	0.000000	0.000000	0.000000	0.000000
0.000000	0.000000	0.172161	0.000000	0.000000	0.000000	0.000000	0.005817	0.000000	0.000000	0.000000	0.000000	0.000000	0.000000	0.000000	0.000277	0.000000	0.000000	0.000000	0.000000	0.000000	0.821745	0.000000	0.000000	0.000000	0.000000	0.000000	0.000000	0.000000	0.000000
0.000000	0.000000	0.092060	0.000000	0.000000	0.000000	0.000000	0.010479	0.000000	0.000000	0.000000	0.000000	0.000000	0.000000	0.000000	0.000114	0.000000	0.000000	0.000000	0.000000	0.000000	0.897346	0.000000	0.000000	0.000000	0.000000	0.000000	0.000000	0.000000	0.000000
0.000000	0.000000	0.168806	0.000000	0.000000	0.000000	0.000000	0.004286	0.000000	0.000000	0.000000	0.000000	0.000000	0.000000	0.000000	0.000318	0.000000	0.000000	0.000000	0.000000	0.000000	0.826590	0.000000	0.000000	0.000000	0.000000	0.000000	0.000000	0.000000	0.000000
0.000000	0.000000	0.168806	0.000000	0.000000	0.000000	0.000000	0.004286	0.000000	0.000000	0.000000	0.000000	0.000000	0.000000	0.000000	0.000318	0.000000	0.000000	0.000000	0.000000	0.000000	0.826590	0.000000	0.000000	0.000000	0.000000	0.000000	0.000000	0.000000	0.000000
0.000000	0.000000	0.168806	0.000000	0.000000	0.000000	0.000000	0.004286	0.000000	0.000000	0.000000	0.000000	0.000000	0.000000	0.000000	0.000318	0.000000	0.000000	0.000000	0.000000	0.000000	0.826590	0.000000	0.000000	0.000000	0.000000	0.000000	0.000000	0.000000	0.000000
0.000000	0.000000	0.168806	0.000000	0.000000	0.000000	0.000000	0.004286	0.000000	0.000000	0.000000	0.000000	0.000000	0.000000	0.000000	0.000318	0.000000	0.000000	0.000000	0.000000	0.000000	0.826590	0.000000	0.000000	0.000000	0.000000	0.000000	0.000000	0.000000	0.000000
0.000000	0.000000	0.107449	0.000000	0.000000	0.000000	0.000000	0.040425	0.000000	0.000000	0.000000	0.000000	0.000000	0.000000	0.000000	0.000139	0.000000	0.000000	0.000000	0.000000	0.000000	0.851987	0.000000	0.000000	0.000000	0.000000	0.000000	0.000000	0.000000	0.000000
0.000000	0.000000	0.093750	0.000000	0.000000	0.000000	0.000000	0.008597	0.000000	0.000000	0.000000	0.000000	0.000000	0.000000	0.000000	0.000119	0.000000	0.000000	0.000000	0.000000	0.000000	0.897533	0.000000	0.000000	0.000000	0.000000	0.000000	0.000000	0.000000	0.000000
0.000000	0.000000	0.110448	0.000000	0.000000	0.000000	0.000000	0.033494	0.000000	0.000000	0.000000	0.000000	0.000000	0.000000	0.000000	0.000135	0.000000	0.000000	0.000000	0.000000	0.000000	0.855923	0.000000	0.000000	0.000000	0.000000	0.000000	0.000000	0.000000	0.000000
0.000000	0.000000	0.110351	0.000000	0.000000	0.000000	0.000000	0.037704	0.000000	0.000000	0.000000	0.000000	0.000000	0.000000	0.000000	0.000141	0.000000	0.000000	0.000000	0.000000	0.000000	0.851805	0.000000	0.000000	0.000000	0.000000	0.000000	0.000000	0.000000	0.000000
0.000000	0.000000	0.110351	0.000000	0.000000	0.000000	0.000000	0.037704	0.000000	0.000000	0.000000	0.000000	0.000000	0.000000	0.000000	0.000141	0.000000	0.000000	0.000000	0.000000	0.000000	0.851805	0.000000	0.000000	0.000000	0.000000	0.000000	0.000000	0.000000	0.000000
0.000000	0.000000	0.000000	0.000000	0.000000	0.000000	0.000000	0.000000	0.000000	0.000000	0.000000	0.000000	0.000000	0.000000	0.000000	0.000000	0.000000	0.000000	0.000000	0.000000	1.000000	0.000000	0.000000	0.000000	0.000000	0.000000	0.000000	0.000000	0.000000	0.000000
0.000000	0.000000	0.092258	0.000000	0.000000	0.000000	0.000000	0.005284	0.000000	0.000000	0.000000	0.000000	0.000000	0.000000	0.000000	0.000118	0.000000	0.000000	0.000000	0.000000	0.000000	0.902339	0.000000	0.000000	0.000000	0.000000	0.000000	0.000000	0.000000	0.000000
0.000000	0.000000	0.169796	0.000000	0.000000	0.000000	0.000000	0.004371	0.000000	0.000000	0.000000	0.000000	0.000000	0.000000	0.000000	0.000271	0.000000	0.000000	0.000000	0.000000	0.000000	0.825562	0.000000	0.000000	0.000000	0.000000	0.000000	0.000000	0.000000	0.000000
0.000000	0.000000	0.091796	0.000000	0.000000	0.000000	0.000000	0.005234	0.000000	0.000000	0.000000	0.000000	0.000000	0.000000	0.000000	0.000118	0.000000	0.000000	0.000000	0.000000	0.000000	0.902852	0.000000	0.000000	0.000000	0.000000	0.000000	0.000000	0.000000	0.000000
0.000000	0.000000	0.094903	0.000000	0.000000	0.000000	0.000000	0.005566	0.000000	0.000000	0.000000	0.000000	0.000000	0.000000	0.000000	0.000123	0.000000	0.000000	0.000000	0.000000	0.000000	0.899408	0.000000	0.000000	0.000000	0.000000	0.000000	0.000000	0.000000	0.000000
0.000000	0.000000	0.093798	0.000000	0.000000	0.000000	0.000000	0.005259	0.000000	0.000000	0.000000	0.000000	0.000000	0.000000	0.000000	0.000122	0.000000	0.000000	0.000000	0.000000	0.000000	0.900821	0.000000	0.000000	0.000000	0.000000	0.000000	0.000000	0.000000	0.000000
0.000000	0.000000	0.140733	0.000000	0.000000	0.000000	0.000000	0.004569	0.000000	0.000000	0.000000	0.000000	0.000000	0.000000	0.000000	0.000247	0.000000	0.000000	0.000000	0.000000	0.000000	0.854451	0.000000	0.000000	0.000000	0.000000	0.000000	0.000000	0.000000	0.000000
0.000000	0.000000	0.106611	0.000000	0.000000	0.000000	0.000000	0.004848	0.000000	0.000000	0.000000	0.000000	0.000000	0.000000	0.000000	0.000154	0.000000	0.000000	0.000000	0.000000	0.000000	0.888386	0.000000	0.000000	0.000000	0.000000	0.000000	0.000000	0.000000	0.000000
0.000000	0.000000	0.157595	0.000000	0.000000	0.000000	0.000000	0.004617	0.000000	0.000000	0.000000	0.000000	0.000000	0.000000	0.000000	0.000298	0.000000	0.000000	0.000000	0.000000	0.000000	0.837491	0.000000	0.000000	0.000000	0.000000	0.000000	0.000000	0.000000	0.000000
0.000000	0.000000	0.161928	0.000000	0.000000	0.000000	0.000000	0.004574	0.000000	0.000000	0.000000	0.000000	0.000000	0.000000	0.000000	0.000293	0.000000	0.000000	0.000000	0.000000	0.000000	0.833204	0.000000	0.000000	0.000000	0.000000	0.000000	0.000000	0.000000	0.000000
0.000000	0.000000	0.000000	0.000000	0.000000	0.000000	0.000000	0.000000	0.000000	0.000000	1.000000	0.000000	0.000000	0.000000	0.000000	0.000000	0.000000	0.000000	0.000000	0.000000	0.000000	0.000000	0.000000	0.000000	0.000000	0.000000	0.000000	0.000000	0.000000	0.000000
0.000000	0.000000	0.000000	0.000000	0.000000	0.000000	0.000000	0.000000	0.000000	0.000000	0.000000	0.000000	0.000000	0.000000	0.000000	0.000000	0.000000	0.000000	0.000000	0.000000	0.000000	0.000000	0.000000	0.000000	0.000000	0.000000	0.000000	0.000000	0.000000	1.000000
0.000000	0.000000	0.101385	0.000000	0.000000	0.000000	0.000000	0.006584	0.000000	0.000000	0.000000	0.000000	0.000000	0.000000	0.000000	0.000138	0.000000	0.000000	0.000000	0.000000	0.000000	0.891892	0.000000	0.000000	0.000000	0.000000	0.000000	0.000000	0.000000	0.000000
0.000000	0.000000	0.163495	0.000000	0.000000	0.000000	0.000000	0.005262	0.000000	0.000000	0.000000	0.000000	0.000000	0.000000	0.000000	0.000287	0.000000	0.000000	0.000000	0.000000	0.000000	0.830956	0.000000	0.000000	0.000000	0.000000	0.000000	0.000000	0.000000	0.000000
0.000000	0.000000	0.000000	0.000000	0.000000	0.000000	1.000000	0.000000	0.000000	0.000000	0.000000	0.000000	0.000000	0.000000	0.000000	0.000000	0.000000	0.000000	0.000000	0.000000	0.000000	0.000000	0.000000	0.000000	0.000000	0.000000	0.000000	0.000000	0.000000	0.000000
0.000000	0.000000	0.132043	0.000000	0.000000	0.000000	0.000000	0.004516	0.000000	0.000000	0.000000	0.000000	0.000000	0.000000	0.000000	0.000218	0.000000	0.000000	0.000000	0.000000	0.000000	0.863223	0.000000	0.000000	0.000000	0.000000	0.000000	0.000000	0.000000	0.000000
0.000000	0.000000	0.122869	0.000000	0.000000	0.000000	0.000000	0.004501	0.000000	0.000000	0.000000	0.000000	0.000000	0.000000	0.000000	0.000193	0.000000	0.000000	0.000000	0.000000	0.000000	0.872437	0.000000	0.000000	0.000000	0.000000	0.000000	0.000000	0.000000	0.000000
0.000000	0.000000	0.091765	0.000000	0.000000	0.000000	0.000000	0.011376	0.000000	0.000000	0.000000	0.000000	0.000000	0.000000	0.000000	0.000113	0.000000	0.000000	0.000000	0.000000	0.000000	0.896747	0.000000	0.000000	0.000000	0.000000	0.000000	0.000000	0.000000	0.000000
0.000000	0.000000	0.187979	0.000000	0.000000	0.000000	0.000000	0.007724	0.000000	0.000000	0.000000	0.000000	0.000000	0.000000	0.000000	0.000241	0.000000	0.000000	0.000000	0.000000	0.000000	0.804056	0.000000	0.000000	0.000000	0.000000	0.000000	0.000000	0.000000	0.000000
0.000000	0.000000	0.000000	0.000000	0.000000	0.000000	0.000000	0.000000	0.000000	0.000000	0.000000	0.000000	0.000000	0.000000	0.000000	0.000000	0.000000	0.000000	0.000000	0.000000	1.000000	0.000000	0.000000	0.000000	0.000000	0.000000	0.000000	0.000000	0.000000	0.000000
0.000000	0.000000	0.139920	0.000000	0.000000	0.000000	0.000000	0.004561	0.000000	0.000000	0.000000	0.000000	0.000000	0.000000	0.000000	0.000246	0.000000	0.000000	0.000000	0.000000	0.000000	0.855273	0.000000	0.000000	0.000000	0.000000	0.000000	0.000000	0.000000	0.000000
0.000000	0.000000	0.000000	0.000000	0.000000	0.000000	1.000000	0.000000	0.000000	0.000000	0.000000	0.000000	0.000000	0.000000	0.000000	0.000000	0.000000	0.000000	0.000000	0.000000	0.000000	0.000000	0.000000	0.000000	0.000000	0.000000	0.000000	0.000000	0.000000	0.000000
0.000000	0.000000	0.087153	0.000000	0.000000	0.000000	0.000000	0.008007	0.000000	0.000000	0.000000	0.000000	0.000000	0.000000	0.000000	0.000105	0.000000	0.000000	0.000000	0.000000	0.000000	0.904736	0.000000	0.000000	0.000000	0.000000	0.000000	0.000000	0.000000	0.000000
0.000000	0.000000	0.157131	0.000000	0.000000	0.000000	0.000000	0.004627	0.000000	0.000000	0.000000	0.000000	0.000000	0.000000	0.000000	0.000298	0.000000	0.000000	0.000000	0.000000	0.000000	0.837943	0.000000	0.000000	0.000000	0.000000	0.000000	0.000000	0.000000	0.000000
0.000000	0.000000	0.158207	0.000000	0.000000	0.000000	0.000000	0.004648	0.000000	0.000000	0.000000	0.000000	0.000000	0.000000	0.000000	0.000297	0.000000	0.000000	0.000000	0.000000	0.000000	0.836848	0.000000	0.000000	0.000000	0.000000	0.000000	0.000000	0.000000	0.000000
0.000000	0.000000	0.116256	0.000000	0.000000	0.000000	0.000000	0.033586	0.000000	0.000000	0.000000	0.000000	0.000000	0.000000	0.000000	0.000167	0.000000	0.000000	0.000000	0.000000	0.000000	0.849991	0.000000	0.000000	0.000000	0.000000	0.000000	0.000000	0.000000	0.000000
0.000000	0.000000	0.158147	0.000000	0.000000	0.000000	0.000000	0.004598	0.000000	0.000000	0.000000	0.000000	0.000000	0.000000	0.000000	0.000300	0.000000	0.000000	0.000000	0.000000	0.000000	0.836954	0.000000	0.000000	0.000000	0.000000	0.000000	0.000000	0.000000	0.000000
0.000000	0.000000	0.156610	0.000000	0.000000	0.000000	0.000000	0.004584	0.000000	0.000000	0.000000	0.000000	0.000000	0.000000	0.000000	0.000292	0.000000	0.000000	0.000000	0.000000	0.000000	0.838514	0.000000	0.000000	0.000000	0.000000	0.000000	0.000000	0.000000	0.000000
0.000000	0.000000	0.094254	0.000000	0.000000	0.000000	0.000000	0.011654	0.000000	0.000000	0.000000	0.000000	0.000000	0.000000	0.000000	0.000120	0.000000	0.000000	0.000000	0.000000	0.000000	0.893972	0.000000	0.000000	0.000000	0.000000	0.000000	0.000000	0.000000	0.000000
0.000000	0.000000	0.107560	0.000000	0.000000	0.000000	0.000000	0.040290	0.000000	0.000000	0.000000	0.000000	0.000000	0.000000	0.000000	0.000138	0.000000	0.000000	0.000000	0.000000	0.000000	0.852011	0.000000	0.000000	0.000000	0.000000	0.000000	0.000000	0.000000	0.000000
0.000000	0.000000	0.091256	0.000000	0.000000	0.000000	0.000000	0.006638	0.000000	0.000000	0.000000	0.000000	0.000000	0.000000	0.000000	0.000115	0.000000	0.000000	0.000000	0.000000	0.000000	0.901992	0.000000	0.000000	0.000000	0.000000	0.000000	0.000000	0.000000	0.000000
0.000000	0.000000	0.137369	0.000000	0.000000	0.000000	0.000000	0.004607	0.000000	0.000000	0.000000	0.000000	0.000000	0.000000	0.000000	0.000236	0.000000	0.000000	0.000000	0.000000	0.000000	0.857788	0.000000	0.000000	0.000000	0.000000	0.000000	0.000000	0.000000	0.000000
0.000000	0.000000	0.138080	0.000000	0.000000	0.000000	0.000000	0.004759	0.000000	0.000000	0.000000	0.000000	0.000000	0.000000	0.000000	0.000241	0.000000	0.000000	0.000000	0.000000	0.000000	0.856920	0.000000	0.000000	0.000000	0.000000	0.000000	0.000000	0.000000	0.000000
0.000000	0.000000	0.139920	0.000000	0.000000	0.000000	0.000000	0.004562	0.000000	0.000000	0.000000	0.000000	0.000000	0.000000	0.000000	0.000246	0.000000	0.000000	0.000000	0.000000	0.000000	0.855272	0.000000	0.000000	0.000000	0.000000	0.000000	0.000000	0.000000	0.000000
0.000000	0.000000	0.134196	0.000000	0.000000	0.000000	0.000000	0.004302	0.000000	0.000000	0.000000	0.000000	0.000000	0.000000	0.000000	0.000221	0.000000	0.000000	0.000000	0.000000	0.000000	0.861281	0.000000	0.000000	0.000000	0.000000	0.000000	0.000000	0.000000	0.000000
0.000000	0.000000	0.122869	0.000000	0.000000	0.000000	0.000000	0.004501	0.000000	0.000000	0.000000	0.000000	0.000000	0.000000	0.000000	0.000193	0.000000	0.000000	0.000000	0.000000	0.000000	0.872437	0.000000	0.000000	0.000000	0.000000	0.000000	0.000000	0.000000	0.000000
0.000000	0.000000	0.122869	0.000000	0.000000	0.000000	0.000000	0.004501	0.000000	0.000000	0.000000	0.000000	0.000000	0.000000	0.000000	0.000193	0.000000	0.000000	0.000000	0.000000	0.000000	0.872437	0.000000	0.000000	0.000000	0.000000	0.000000	0.000000	0.000000	0.000000
0.000000	0.000000	0.123006	0.000000	0.000000	0.000000	0.000000	0.004496	0.000000	0.000000	0.000000	0.000000	0.000000	0.000000	0.000000	0.000194	0.000000	0.000000	0.000000	0.000000	0.000000	0.872305	0.000000	0.000000	0.000000	0.000000	0.000000	0.000000	0.000000	0.000000
0.000000	0.000000	0.171572	0.000000	0.000000	0.000000	0.000000	0.004453	0.000000	0.000000	0.000000	0.000000	0.000000	0.000000	0.000000	0.000275	0.000000	0.000000	0.000000	0.000000	0.000000	0.823700	0.000000	0.000000	0.000000	0.000000	0.000000	0.000000	0.000000	0.000000
0.000000	0.000000	0.125755	0.000000	0.000000	0.000000	0.000000	0.004454	0.000000	0.000000	0.000000	0.000000	0.000000	0.000000	0.000000	0.000201	0.000000	0.000000	0.000000	0.000000	0.000000	0.869591	0.000000	0.000000	0.000000	0.000000	0.000000	0.000000	0.000000	0.000000
0.000000	0.000000	0.091796	0.000000	0.000000	0.000000	0.000000	0.005234	0.000000	0.000000	0.000000	0.000000	0.000000	0.000000	0.000000	0.000118	0.000000	0.000000	0.000000	0.000000	0.000000	0.902852	0.000000	0.000000	0.000000	0.000000	0.000000	0.000000	0.000000	0.000000
0.000000	0.000000	0.000000	0.000000	0.000000	0.000000	0.000000	0.000000	0.000000	0.000000	0.000000	0.000000	0.000000	0.000000	1.000000	0.000000	0.000000	0.000000	0.000000	0.000000	0.000000	0.000000	0.000000	0.000000	0.000000	0.000000	0.000000	0.000000	0.000000	0.000000
0.000000	0.000000	0.166579	0.000000	0.000000	0.000000	0.000000	0.013378	0.000000	0.000000	0.000000	0.000000	0.000000	0.000000	0.000000	0.000212	0.000000	0.000000	0.000000	0.000000	0.000000	0.819831	0.000000	0.000000	0.000000	0.000000	0.000000	0.000000	0.000000	0.000000
0.000000	0.000000	0.134196	0.000000	0.000000	0.000000	0.000000	0.004302	0.000000	0.000000	0.000000	0.000000	0.000000	0.000000	0.000000	0.000221	0.000000	0.000000	0.000000	0.000000	0.000000	0.861281	0.000000	0.000000	0.000000	0.000000	0.000000	0.000000	0.000000	0.000000
0.000000	0.000000	0.139184	0.000000	0.000000	0.000000	0.000000	0.005593	0.000000	0.000000	0.000000	0.000000	0.000000	0.000000	0.000000	0.000243	0.000000	0.000000	0.000000	0.000000	0.000000	0.854981	0.000000	0.000000	0.000000	0.000000	0.000000	0.000000	0.000000	0.000000
0.000000	0.000000	0.145570	0.000000	0.000000	0.000000	0.000000	0.004635	0.000000	0.000000	0.000000	0.000000	0.000000	0.000000	0.000000	0.000265	0.000000	0.000000	0.000000	0.000000	0.000000	0.849529	0.000000	0.000000	0.000000	0.000000	0.000000	0.000000	0.000000	0.000000
0.000000	0.000000	0.185626	0.000000	0.000000	0.000000	0.000000	0.004068	0.000000	0.000000	0.000000	0.000000	0.000000	0.000000	0.000000	0.000276	0.000000	0.000000	0.000000	0.000000	0.000000	0.810030	0.000000	0.000000	0.000000	0.000000	0.000000	0.000000	0.000000	0.000000
0.000000	0.000000	0.107449	0.000000	0.000000	0.000000	0.000000	0.040425	0.000000	0.000000	0.000000	0.000000	0.000000	0.000000	0.000000	0.000139	0.000000	0.000000	0.000000	0.000000	0.000000	0.851987	0.000000	0.000000	0.000000	0.000000	0.000000	0.000000	0.000000	0.000000
0.000000	0.000000	0.120012	0.000000	0.000000	0.000000	0.000000	0.004775	0.000000	0.000000	0.000000	0.000000	0.000000	0.000000	0.000000	0.000186	0.000000	0.000000	0.000000	0.000000	0.000000	0.875027	0.000000	0.000000	0.000000	0.000000	0.000000	0.000000	0.000000	0.000000
0.000000	0.000000	0.091720	0.000000	0.000000	0.000000	0.000000	0.005231	0.000000	0.000000	0.000000	0.000000	0.000000	0.000000	0.000000	0.000118	0.000000	0.000000	0.000000	0.000000	0.000000	0.902930	0.000000	0.000000	0.000000	0.000000	0.000000	0.000000	0.000000	0.000000
0.000000	0.000000	0.120012	0.000000	0.000000	0.000000	0.000000	0.004775	0.000000	0.000000	0.000000	0.000000	0.000000	0.000000	0.000000	0.000186	0.000000	0.000000	0.000000	0.000000	0.000000	0.875027	0.000000	0.000000	0.000000	0.000000	0.000000	0.000000	0.000000	0.000000
0.000000	0.000000	0.104366	0.000000	0.000000	0.000000	0.000000	0.004951	0.000000	0.000000	0.000000	0.000000	0.000000	0.000000	0.000000	0.000149	0.000000	0.000000	0.000000	0.000000	0.000000	0.890535	0.000000	0.000000	0.000000	0.000000	0.000000	0.000000	0.000000	0.000000
0.000000	0.000000	0.091720	0.000000	0.000000	0.000000	0.000000	0.005232	0.000000	0.000000	0.000000	0.000000	0.000000	0.000000	0.000000	0.000118	0.000000	0.000000	0.000000	0.000000	0.000000	0.902931	0.000000	0.000000	0.000000	0.000000	0.000000	0.000000	0.000000	0.000000
0.000000	0.000000	0.116256	0.000000	0.000000	0.000000	0.000000	0.033586	0.000000	0.000000	0.000000	0.000000	0.000000	0.000000	0.000000	0.000167	0.000000	0.000000	0.000000	0.000000	0.000000	0.849991	0.000000	0.000000	0.000000	0.000000	0.000000	0.000000	0.000000	0.000000
0.000000	0.000000	0.108415	0.000000	0.000000	0.000000	0.000000	0.004816	0.000000	0.000000	0.000000	0.000000	0.000000	0.000000	0.000000	0.000159	0.000000	0.000000	0.000000	0.000000	0.000000	0.886610	0.000000	0.000000	0.000000	0.000000	0.000000	0.000000	0.000000	0.000000
0.000000	0.000000	0.141782	0.000000	0.000000	0.000000	0.000000	0.004933	0.000000	0.000000	0.000000	0.000000	0.000000	0.000000	0.000000	0.000255	0.000000	0.000000	0.000000	0.000000	0.000000	0.853030	0.000000	0.000000	0.000000	0.000000	0.000000	0.000000	0.000000	0.000000
0.000000	0.000000	0.115100	0.000000	0.000000	0.000000	0.000000	0.004626	0.000000	0.000000	0.000000	0.000000	0.000000	0.000000	0.000000	0.000178	0.000000	0.000000	0.000000	0.000000	0.000000	0.880097	0.000000	0.000000	0.000000	0.000000	0.000000	0.000000	0.000000	0.000000
0.000000	0.000000	0.139699	0.000000	0.000000	0.000000	0.000000	0.004569	0.000000	0.000000	0.000000	0.000000	0.000000	0.000000	0.000000	0.000245	0.000000	0.000000	0.000000	0.000000	0.000000	0.855487	0.000000	0.000000	0.000000	0.000000	0.000000	0.000000	0.000000	0.000000
0.000000	0.000000	0.123005	0.000000	0.000000	0.000000	0.000000	0.004499	0.000000	0.000000	0.000000	0.000000	0.000000	0.000000	0.000000	0.000194	0.000000	0.000000	0.000000	0.000000	0.000000	0.872303	0.000000	0.000000	0.000000	0.000000	0.000000	0.000000	0.000000	0.000000
0.000000	0.000000	0.187492	0.000000	0.000000	0.000000	0.000000	0.007407	0.000000	0.000000	0.000000	0.000000	0.000000	0.000000	0.000000	0.000245	0.000000	0.000000	0.000000	0.000000	0.000000	0.804856	0.000000	0.000000	0.000000	0.000000	0.000000	0.000000	0.000000	0.000000
0.000000	0.000000	0.097464	0.000000	0.000000	0.000000	0.000000	0.005040	0.000000	0.000000	0.000000	0.000000	0.000000	0.000000	0.000000	0.000133	0.000000	0.000000	0.000000	0.000000	0.000000	0.897362	0.000000	0.000000	0.000000	0.000000	0.000000	0.000000	0.000000	0.000000
0.000000	0.000000	0.093527	0.000000	0.000000	0.000000	0.000000	0.005212	0.000000	0.000000	0.000000	0.000000	0.000000	0.000000	0.000000	0.000121	0.000000	0.000000	0.000000	0.000000	0.000000	0.901140	0.000000	0.000000	0.000000	0.000000	0.000000	0.000000	0.000000	0.000000
0.000000	0.000000	0.094008	0.000000	0.000000	0.000000	0.000000	0.005244	0.000000	0.000000	0.000000	0.000000	0.000000	0.000000	0.000000	0.000122	0.000000	0.000000	0.000000	0.000000	0.000000	0.900626	0.000000	0.000000	0.000000	0.000000	0.000000	0.000000	0.000000	0.000000
0.000000	0.000000	0.156203	0.000000	0.000000	0.000000	0.000000	0.004446	0.000000	0.000000	0.000000	0.000000	0.000000	0.000000	0.000000	0.000262	0.000000	0.000000	0.000000	0.000000	0.000000	0.839088	0.000000	0.000000	0.000000	0.000000	0.000000	0.000000	0.000000	0.000000
0.000000	0.000000	0.091791	0.000000	0.000000	0.000000	0.000000	0.005346	0.000000	0.000000	0.000000	0.000000	0.000000	0.000000	0.000000	0.000118	0.000000	0.000000	0.000000	0.000000	0.000000	0.902744	0.000000	0.000000	0.000000	0.000000	0.000000	0.000000	0.000000	0.000000
0.000000	0.000000	0.158147	0.000000	0.000000	0.000000	0.000000	0.004598	0.000000	0.000000	0.000000	0.000000	0.000000	0.000000	0.000000	0.000300	0.000000	0.000000	0.000000	0.000000	0.000000	0.836954	0.000000	0.000000	0.000000	0.000000	0.000000	0.000000	0.000000	0.000000
0.000000	0.000000	0.106752	0.000000	0.000000	0.000000	0.000000	0.004879	0.000000	0.000000	0.000000	0.000000	0.000000	0.000000	0.000000	0.000154	0.000000	0.000000	0.000000	0.000000	0.000000	0.888215	0.000000	0.000000	0.000000	0.000000	0.000000	0.000000	0.000000	0.000000
0.000000	0.000000	0.177029	0.000000	0.000000	0.000000	0.000000	0.004363	0.000000	0.000000	0.000000	0.000000	0.000000	0.000000	0.000000	0.000280	0.000000	0.000000	0.000000	0.000000	0.000000	0.818328	0.000000	0.000000	0.000000	0.000000	0.000000	0.000000	0.000000	0.000000
0.000000	0.000000	0.171572	0.000000	0.000000	0.000000	0.000000	0.004453	0.000000	0.000000	0.000000	0.000000	0.000000	0.000000	0.000000	0.000275	0.000000	0.000000	0.000000	0.000000	0.000000	0.823700	0.000000	0.000000	0.000000	0.000000	0.000000	0.000000	0.000000	0.000000
