0.000000	0.000000	0.000000	0.000000	0.000000	0.082071	0.000000	0.000000	0.037421	0.000000	0.000000	0.000000	0.000000	0.000000	0.737425	0.000000	0.000000	0.000000	0.000000	0.000000	0.000000	0.143083	0.000000	0.000000	0.000000	0.000000	0.000000	0.000000	0.000000	0.000000
0.000000	0.000000	0.808619	0.000000	0.000000	0.000000	0.000000	0.000000	0.185412	0.000000	0.000000	0.000000	0.000000	0.000000	0.000000	0.000000	0.000000	0.000000	0.000000	0.000000	0.000000	0.000000	0.000000	0.000000	0.000000	0.005831	0.000000	0.000000	0.000138	0.000000
0.000000	0.000007	0.000000	0.000000	0.000000	0.000000	0.000000	0.000004	0.000000	0.000000	0.077593	0.000000	0.000000	0.000000	0.000000	0.000000	0.000000	0.000000	0.922294	0.000000	0.000000	0.000000	0.000000	0.000102	0.000000	0.000000	0.000000	0.000000	0.000000	0.000000
0.000000	0.000007	0.000000	0.000000	0.000000	0.000000	0.000000	0.000004	0.000000	0.000000	0.077593	0.000000	0.000000	0.000000	0.000000	0.000000	0.000000	0.000000	0.922294	0.000000	0.000000	0.000000	0.000000	0.000102	0.000000	0.000000	0.000000	0.000000	0.000000	0.000000
0.000000	0.000007	0.000000	0.000000	0.000000	0.000000	0.000000	0.000004	0.000000	0.000000	0.077593	0.000000	0.000000	0.000000	0.000000	0.000000	0.000000	0.000000	0.922294	0.000000	0.000000	0.000000	0.000000	0.000102	0.000000	0.000000	0.000000	0.000000	0.000000	0.000000
0.000000	0.000000	0.000000	0.000000	0.000000	0.000000	0.000000	0.000000	0.000000	0.000000	0.000000	0.000000	0.000000	0.000000	0.000000	0.000000	0.000000	0.000000	0.000000	0.000000	0.000000	0.000000	0.000000	0.000000	0.000000	0.000000	0.816273	0.000000	0.000000	0.183727
0.663917	0.000000	0.000000	0.000000	0.000000	0.000000	0.000000	0.000000	0.000000	0.178025	0.000000	0.000000	0.000000	0.000000	0.000000	0.000000	0.000000	0.000000	0.000000	0.000000	0.000000	0.000000	0.158058	0.000000	0.000000	0.000000	0.000000	0.000000	0.000000	0.000000
0.000000	0.000020	0.000000	0.000000	0.000000	0.000000	0.000000	0.000012	0.000000	0.000000	0.233917	0.000000	0.000000	0.000000	0.000000	0.000000	0.000000	0.000000	0.765745	0.000000	0.000000	0.000000	0.000000	0.000306	0.000000	0.000000	0.000000	0.000000	0.000000	0.000000
0.000000	0.000000	0.000000	0.000000	0.000000	0.000000	0.000000	0.000000	0.000000	0.000000	0.000000	0.000000	0.000000	0.000000	0.000000	0.000000	0.000000	0.000000	0.000000	0.000000	0.000000	0.000000	0.000000	0.000000	1.000000	0.000000	0.000000	0.000000	0.000000	0.000000
0.000000	0.000000	0.000000	0.000000	0.000000	0.000000	0.000000	0.000000	0.000000	0.000000	0.000000	1.000000	0.000000	0.000000	0.000000	0.000000	0.000000	0.000000	0.000000	0.000000	0.000000	0.000000	0.000000	0.000000	0.000000	0.000000	0.000000	0.000000	0.000000	0.000000
0.000000	0.000007	0.000000	0.000000	0.000000	0.000000	0.000000	0.000004	0.000000	0.000000	0.077593	0.000000	0.000000	0.000000	0.000000	0.000000	0.000000	0.000000	0.922294	0.000000	0.000000	0.000000	0.000000	0.000102	0.000000	0.000000	0.000000	0.000000	0.000000	0.000000
0.000000	0.000011	0.000000	0.000000	0.000000	0.000000	0.000000	0.000007	0.000000	0.000000	0.128407	0.000000	0.000000	0.000000	0.000000	0.000000	0.000000	0.000000	0.871405	0.000000	0.000000	0.000000	0.000000	0.000170	0.000000	0.000000	0.000000	0.000000	0.000000	0.000000
0.000000	0.000020	0.000000	0.000000	0.000000	0.000000	0.000000	0.000012	0.000000	0.000000	0.234087	0.000000	0.000000	0.000000	0.000000	0.000000	0.000000	0.000000	0.765569	0.000000	0.000000	0.000000	0.000000	0.000312	0.000000	0.000000	0.000000	0.000000	0.000000	0.000000
0.000000	0.000007	0.000000	0.000000	0.000000	0.000000	0.000000	0.000004	0.000000	0.000000	0.077593	0.000000	0.000000	0.000000	0.000000	0.000000	0.000000	0.000000	0.922294	0.000000	0.000000	0.000000	0.000000	0.000102	0.000000	0.000000	0.000000	0.000000	0.000000	0.000000
0.000000	0.000000	0.000000	0.000000	0.000000	0.000000	0.000000	0.000000	0.000000	0.000000	0.000000	0.000000	0.000000	0.000000	0.000000	0.000000	0.158867	0.000000	0.000000	0.000000	0.841133	0.000000	0.000000	0.000000	0.000000	0.000000	0.000000	0.000000	0.000000	0.000000
0.000000	0.000000	0.000000	0.000000	0.028650	0.000000	0.342989	0.000000	0.000000	0.000000	0.000000	0.000000	0.000000	0.000000	0.000000	0.000000	0.000000	0.628361	0.000000	0.000000	0.000000	0.000000	0.000000	0.000000	0.000000	0.000000	0.000000	0.000000	0.000000	0.000000
0.000000	0.000000	0.000000	0.000000	0.000000	0.000000	0.000000	0.000000	0.000000	0.000000	0.000000	1.000000	0.000000	0.000000	0.000000	0.000000	0.000000	0.000000	0.000000	0.000000	0.000000	0.000000	0.000000	0.000000	0.000000	0.000000	0.000000	0.000000	0.000000	0.000000
0.000000	0.000000	0.000000	0.000000	0.000000	0.000000	0.000000	0.000000	0.000000	0.000000	0.000000	0.000000	0.000000	0.000000	0.000000	0.000000	0.000000	0.000000	0.000000	0.000000	0.000000	0.000000	0.000000	0.000000	0.000000	0.000000	0.000000	1.000000	0.000000	0.000000
0.000000	0.000000	0.808324	0.000000	0.000000	0.000000	0.000000	0.000000	0.185726	0.000000	0.000000	0.000000	0.000000	0.000000	0.000000	0.000000	0.000000	0.000000	0.000000	0.000000	0.000000	0.000000	0.000000	0.000000	0.000000	0.005812	0.000000	0.000000	0.000138	0.000000
0.000000	0.000000	0.000000	0.632771	0.000000	0.000000	0.000000	0.000000	0.000000	0.000000	0.000000	0.000000	0.367229	0.000000	0.000000	0.000000	0.000000	0.000000	0.000000	0.000000	0.000000	0.000000	0.000000	0.000000	0.000000	0.000000	0.000000	0.000000	0.000000	0.000000
0.000000	0.000000	0.000000	0.000000	0.000000	0.000000	0.000000	0.000000	0.000000	0.000000	0.000000	0.000000	0.000000	0.887993	0.000000	0.112007	0.000000	0.000000	0.000000	0.000000	0.000000	0.000000	0.000000	0.000000	0.000000	0.000000	0.000000	0.000000	0.000000	0.000000
0.663343	0.000000	0.000000	0.000000	0.000000	0.000000	0.000000	0.000000	0.000000	0.178263	0.000000	0.000000	0.000000	0.000000	0.000000	0.000000	0.000000	0.000000	0.000000	0.000000	0.000000	0.000000	0.158394	0.000000	0.000000	0.000000	0.000000	0.000000	0.000000	0.000000
0.663343	0.000000	0.000000	0.000000	0.000000	0.000000	0.000000	0.000000	0.000000	0.178263	0.000000	0.000000	0.000000	0.000000	0.000000	0.000000	0.000000	0.000000	0.000000	0.000000	0.000000	0.000000	0.158394	0.000000	0.000000	0.000000	0.000000	0.000000	0.000000	0.000000
0.662918	0.000000	0.000000	0.000000	0.000000	0.000000	0.000000	0.000000	0.000000	0.178421	0.000000	0.000000	0.000000	0.000000	0.000000	0.000000	0.000000	0.000000	0.000000	0.000000	0.000000	0.000000	0.158661	0.000000	0.000000	0.000000	0.000000	0.000000	0.000000	0.000000
0.000000	0.000000	0.000000	0.000000	0.000000	0.000000	0.000000	0.000000	0.000000	0.000000	0.000000	0.000000	0.000000	0.000000	0.000000	0.000000	0.286295	0.000000	0.000000	0.713705	0.000000	0.000000	0.000000	0.000000	0.000000	0.000000	0.000000	0.000000	0.000000	0.000000
