0.000000	0.000000	0.000478	0.000000	0.007662	0.000000	0.000000	0.000000	0.032833	0.000000	0.000000	0.000000	0.000280	0.000000	0.000000	0.000000	0.000000	0.000000	0.000000	0.000000	0.000000	0.000000	0.000000	0.000000	0.120481	0.000000	0.757358	0.000000	0.004756	0.076150
0.000000	0.000000	0.000000	0.000000	0.000000	0.000000	0.000000	1.000000	0.000000	0.000000	0.000000	0.000000	0.000000	0.000000	0.000000	0.000000	0.000000	0.000000	0.000000	0.000000	0.000000	0.000000	0.000000	0.000000	0.000000	0.000000	0.000000	0.000000	0.000000	0.000000
0.000000	1.000000	0.000000	0.000000	0.000000	0.000000	0.000000	0.000000	0.000000	0.000000	0.000000	0.000000	0.000000	0.000000	0.000000	0.000000	0.000000	0.000000	0.000000	0.000000	0.000000	0.000000	0.000000	0.000000	0.000000	0.000000	0.000000	0.000000	0.000000	0.000000
0.000000	0.000000	0.000656	0.000000	0.015531	0.000000	0.000000	0.000000	0.017636	0.000000	0.000000	0.000000	0.000151	0.000000	0.000000	0.000000	0.000000	0.000000	0.000000	0.000000	0.000000	0.000000	0.000000	0.000000	0.058223	0.000000	0.766372	0.000000	0.002555	0.138878
0.000000	0.000000	0.002449	0.000000	0.073112	0.000000	0.000000	0.000000	0.003799	0.000000	0.000000	0.000000	0.000032	0.000000	0.000000	0.000000	0.000000	0.000000	0.000000	0.000000	0.000000	0.000000	0.000000	0.000000	0.013127	0.000000	0.418392	0.000000	0.000550	0.488537
0.000000	0.000000	0.002619	0.000000	0.098120	0.000000	0.000000	0.000000	0.002687	0.000000	0.000000	0.000000	0.000023	0.000000	0.000000	0.000000	0.000000	0.000000	0.000000	0.000000	0.000000	0.000000	0.000000	0.000000	0.009408	0.000000	0.376556	0.000000	0.000389	0.510199
0.000000	0.000000	0.000000	0.000000	0.000000	0.000000	0.000000	0.000000	0.000000	0.000000	0.000000	0.201581	0.000000	0.000000	0.000000	0.798419	0.000000	0.000000	0.000000	0.000000	0.000000	0.000000	0.000000	0.000000	0.000000	0.000000	0.000000	0.000000	0.000000	0.000000
0.000000	1.000000	0.000000	0.000000	0.000000	0.000000	0.000000	0.000000	0.000000	0.000000	0.000000	0.000000	0.000000	0.000000	0.000000	0.000000	0.000000	0.000000	0.000000	0.000000	0.000000	0.000000	0.000000	0.000000	0.000000	0.000000	0.000000	0.000000	0.000000	0.000000
0.000000	0.000000	0.000000	0.000000	0.000000	0.000000	0.000000	1.000000	0.000000	0.000000	0.000000	0.000000	0.000000	0.000000	0.000000	0.000000	0.000000	0.000000	0.000000	0.000000	0.000000	0.000000	0.000000	0.000000	0.000000	0.000000	0.000000	0.000000	0.000000	0.000000
0.000000	0.000000	0.000656	0.000000	0.015531	0.000000	0.000000	0.000000	0.017636	0.000000	0.000000	0.000000	0.000151	0.000000	0.000000	0.000000	0.000000	0.000000	0.000000	0.000000	0.000000	0.000000	0.000000	0.000000	0.058223	0.000000	0.766371	0.000000	0.002555	0.138879
0.000000	0.000000	0.000000	0.000000	0.000000	0.000000	0.000000	0.000000	0.000000	0.000000	0.000000	0.201570	0.000000	0.000000	0.000000	0.798430	0.000000	0.000000	0.000000	0.000000	0.000000	0.000000	0.000000	0.000000	0.000000	0.000000	0.000000	0.000000	0.000000	0.000000
0.000000	0.000000	0.000000	0.000000	0.000000	0.000000	0.000000	0.000000	0.000000	0.000000	0.000000	0.000000	0.000000	0.000000	0.000000	0.000000	0.000000	0.000000	0.000000	0.000000	0.000000	0.000000	1.000000	0.000000	0.000000	0.000000	0.000000	0.000000	0.000000	0.000000
0.000000	0.000000	0.000535	0.000000	0.006843	0.000000	0.000000	0.000000	0.045282	0.000000	0.000000	0.000000	0.000386	0.000000	0.000000	0.000000	0.000000	0.000000	0.000000	0.000000	0.000000	0.000000	0.000000	0.000000	0.121907	0.000000	0.749510	0.000000	0.006560	0.068977
0.000000	0.000000	0.000656	0.000000	0.015531	0.000000	0.000000	0.000000	0.017636	0.000000	0.000000	0.000000	0.000151	0.000000	0.000000	0.000000	0.000000	0.000000	0.000000	0.000000	0.000000	0.000000	0.000000	0.000000	0.058223	0.000000	0.766369	0.000000	0.002555	0.138880
0.000000	0.000000	0.000000	0.000000	0.000000	0.000000	0.000000	0.000000	0.000000	0.555494	0.000000	0.000000	0.000000	0.000000	0.000000	0.000000	0.000000	0.000000	0.444506	0.000000	0.000000	0.000000	0.000000	0.000000	0.000000	0.000000	0.000000	0.000000	0.000000	0.000000
0.000000	0.000000	0.000656	0.000000	0.015531	0.000000	0.000000	0.000000	0.017636	0.000000	0.000000	0.000000	0.000151	0.000000	0.000000	0.000000	0.000000	0.000000	0.000000	0.000000	0.000000	0.000000	0.000000	0.000000	0.058223	0.000000	0.766369	0.000000	0.002555	0.138880
0.000000	0.000000	0.000478	0.000000	0.007662	0.000000	0.000000	0.000000	0.032833	0.000000	0.000000	0.000000	0.000280	0.000000	0.000000	0.000000	0.000000	0.000000	0.000000	0.000000	0.000000	0.000000	0.000000	0.000000	0.120493	0.000000	0.757348	0.000000	0.004756	0.076149
0.000000	0.000000	0.000000	0.000000	0.000000	0.000000	0.000000	0.000000	0.000000	0.000000	0.000000	0.000000	0.000000	0.000000	0.000000	0.000000	0.000000	0.000000	0.000000	0.000000	0.000000	1.000000	0.000000	0.000000	0.000000	0.000000	0.000000	0.000000	0.000000	0.000000
0.000000	0.000000	0.000609	0.000000	0.013397	0.000000	0.000000	0.000000	0.022017	0.000000	0.000000	0.000000	0.000188	0.000000	0.000000	0.000000	0.000000	0.000000	0.000000	0.000000	0.000000	0.000000	0.000000	0.000000	0.075837	0.000000	0.763044	0.000000	0.003189	0.121718
0.000000	0.000000	0.000674	0.000000	0.016127	0.000000	0.000000	0.000000	0.017082	0.000000	0.000000	0.000000	0.000146	0.000000	0.000000	0.000000	0.000000	0.000000	0.000000	0.000000	0.000000	0.000000	0.000000	0.000000	0.056504	0.000000	0.763385	0.000000	0.002474	0.143607
0.000000	0.000000	0.000656	0.000000	0.015531	0.000000	0.000000	0.000000	0.017636	0.000000	0.000000	0.000000	0.000151	0.000000	0.000000	0.000000	0.000000	0.000000	0.000000	0.000000	0.000000	0.000000	0.000000	0.000000	0.058223	0.000000	0.766370	0.000000	0.002555	0.138879
0.000000	0.000000	0.000656	0.000000	0.015531	0.000000	0.000000	0.000000	0.017636	0.000000	0.000000	0.000000	0.000151	0.000000	0.000000	0.000000	0.000000	0.000000	0.000000	0.000000	0.000000	0.000000	0.000000	0.000000	0.058223	0.000000	0.766372	0.000000	0.002555	0.138878
0.000000	0.000000	0.001307	0.000000	0.036021	0.000000	0.000000	0.000000	0.012250	0.000000	0.000000	0.000000	0.000105	0.000000	0.000000	0.000000	0.000000	0.000000	0.000000	0.000000	0.000000	0.000000	0.000000	0.000000	0.040730	0.000000	0.638939	0.000000	0.001774	0.268874
0.000000	0.000000	0.000000	1.000000	0.000000	0.000000	0.000000	0.000000	0.000000	0.000000	0.000000	0.000000	0.000000	0.000000	0.000000	0.000000	0.000000	0.000000	0.000000	0.000000	0.000000	0.000000	0.000000	0.000000	0.000000	0.000000	0.000000	0.000000	0.000000	0.000000
0.000000	0.000000	0.002401	0.000000	0.072918	0.000000	0.000000	0.000000	0.003997	0.000000	0.000000	0.000000	0.000034	0.000000	0.000000	0.000000	0.000000	0.000000	0.000000	0.000000	0.000000	0.000000	0.000000	0.000000	0.013787	0.000000	0.425175	0.000000	0.000579	0.481110
0.000000	0.000000	0.002628	0.000000	0.075041	0.000000	0.000000	0.000000	0.002843	0.000000	0.000000	0.000000	0.000024	0.000000	0.000000	0.000000	0.000000	0.000000	0.000000	0.000000	0.000000	0.000000	0.000000	0.000000	0.009954	0.000000	0.389136	0.000000	0.000412	0.519961
0.000000	1.000000	0.000000	0.000000	0.000000	0.000000	0.000000	0.000000	0.000000	0.000000	0.000000	0.000000	0.000000	0.000000	0.000000	0.000000	0.000000	0.000000	0.000000	0.000000	0.000000	0.000000	0.000000	0.000000	0.000000	0.000000	0.000000	0.000000	0.000000	0.000000
0.000000	1.000000	0.000000	0.000000	0.000000	0.000000	0.000000	0.000000	0.000000	0.000000	0.000000	0.000000	0.000000	0.000000	0.000000	0.000000	0.000000	0.000000	0.000000	0.000000	0.000000	0.000000	0.000000	0.000000	0.000000	0.000000	0.000000	0.000000	0.000000	0.000000
0.000000	0.000000	0.000619	0.000000	0.012738	0.000000	0.000000	0.000000	0.026749	0.000000	0.000000	0.000000	0.000228	0.000000	0.000000	0.000000	0.000000	0.000000	0.000000	0.000000	0.000000	0.000000	0.000000	0.000000	0.079342	0.000000	0.760169	0.000000	0.003875	0.116279
0.000000	0.000000	0.002451	0.000000	0.073112	0.000000	0.000000	0.000000	0.003799	0.000000	0.000000	0.000000	0.000032	0.000000	0.000000	0.000000	0.000000	0.000000	0.000000	0.000000	0.000000	0.000000	0.000000	0.000000	0.013127	0.000000	0.418392	0.000000	0.000550	0.488536
0.000000	0.000000	0.000000	0.000000	0.000000	0.000000	0.000000	0.000000	0.000000	0.000000	0.000000	0.201555	0.000000	0.000000	0.000000	0.798445	0.000000	0.000000	0.000000	0.000000	0.000000	0.000000	0.000000	0.000000	0.000000	0.000000	0.000000	0.000000	0.000000	0.000000
0.000000	0.000000	0.000000	0.000000	0.000000	0.000000	0.000000	1.000000	0.000000	0.000000	0.000000	0.000000	0.000000	0.000000	0.000000	0.000000	0.000000	0.000000	0.000000	0.000000	0.000000	0.000000	0.000000	0.000000	0.000000	0.000000	0.000000	0.000000	0.000000	0.000000
0.000000	0.000000	0.000512	0.000000	0.007346	0.000000	0.000000	0.000000	0.039322	0.000000	0.000000	0.000000	0.000336	0.000000	0.000000	0.000000	0.000000	0.000000	0.000000	0.000000	0.000000	0.000000	0.000000	0.000000	0.119917	0.000000	0.753539	0.000000	0.005696	0.073331
0.000000	0.000000	0.000918	0.000000	0.023865	0.000000	0.000000	0.000000	0.012938	0.000000	0.000000	0.000000	0.000110	0.000000	0.000000	0.000000	0.000000	0.000000	0.000000	0.000000	0.000000	0.000000	0.000000	0.000000	0.043563	0.000000	0.718815	0.000000	0.001874	0.197917
0.000000	0.000000	0.000535	0.000000	0.006843	0.000000	0.000000	0.000000	0.045259	0.000000	0.000000	0.000000	0.000387	0.000000	0.000000	0.000000	0.000000	0.000000	0.000000	0.000000	0.000000	0.000000	0.000000	0.000000	0.121913	0.000000	0.749530	0.000000	0.006555	0.068977
0.000000	0.000000	0.000536	0.000000	0.006843	0.000000	0.000000	0.000000	0.045294	0.000000	0.000000	0.000000	0.000386	0.000000	0.000000	0.000000	0.000000	0.000000	0.000000	0.000000	0.000000	0.000000	0.000000	0.000000	0.121885	0.000000	0.749517	0.000000	0.006562	0.068977
0.000000	0.000000	0.002300	0.000000	0.067147	0.000000	0.000000	0.000000	0.004521	0.000000	0.000000	0.000000	0.000039	0.000000	0.000000	0.000000	0.000000	0.000000	0.000000	0.000000	0.000000	0.000000	0.000000	0.000000	0.015541	0.000000	0.443838	0.000000	0.000655	0.465959
0.000000	0.000000	0.002300	0.000000	0.067147	0.000000	0.000000	0.000000	0.004521	0.000000	0.000000	0.000000	0.000039	0.000000	0.000000	0.000000	0.000000	0.000000	0.000000	0.000000	0.000000	0.000000	0.000000	0.000000	0.015541	0.000000	0.443842	0.000000	0.000655	0.465955
0.000000	0.000000	0.002812	0.000000	0.144176	0.000000	0.000000	0.000000	0.001654	0.000000	0.000000	0.000000	0.000014	0.000000	0.000000	0.000000	0.000000	0.000000	0.000000	0.000000	0.000000	0.000000	0.000000	0.000000	0.005889	0.000000	0.324357	0.000000	0.000240	0.520860
0.000000	0.000000	0.002696	0.000000	0.075019	0.000000	0.000000	0.000000	0.002619	0.000000	0.000000	0.000000	0.000022	0.000000	0.000000	0.000000	0.000000	0.000000	0.000000	0.000000	0.000000	0.000000	0.000000	0.000000	0.009195	0.000000	0.380501	0.000000	0.000379	0.529569
0.000000	0.000000	0.002402	0.000000	0.072921	0.000000	0.000000	0.000000	0.003997	0.000000	0.000000	0.000000	0.000034	0.000000	0.000000	0.000000	0.000000	0.000000	0.000000	0.000000	0.000000	0.000000	0.000000	0.000000	0.013787	0.000000	0.425173	0.000000	0.000579	0.481107
0.000000	0.000000	0.000000	0.000000	0.000000	0.000000	0.000000	0.000000	0.000000	0.000000	0.000000	0.000000	0.000000	0.000000	0.000000	0.000000	0.000000	0.000000	0.000000	0.000000	0.000000	0.000000	1.000000	0.000000	0.000000	0.000000	0.000000	0.000000	0.000000	0.000000
