0.000000	0.000000	0.000000	0.000000	0.000000	0.000000	0.000000	0.000000	0.000000	0.000000	0.000000	0.000000	0.000000	0.000000	0.000611	0.000000	0.000000	0.000000	0.000000	0.000000	0.000000	0.209276	0.000000	0.000000	0.000000	0.000000	0.790113	0.000000	0.000000	0.000000
0.000000	0.000000	0.000000	0.000000	0.000000	0.000000	0.000000	0.000000	0.000000	0.000000	0.000000	0.000000	0.000000	0.000000	0.000611	0.000000	0.000000	0.000000	0.000000	0.000000	0.000000	0.209272	0.000000	0.000000	0.000000	0.000000	0.790117	0.000000	0.000000	0.000000
0.000000	0.000000	0.000000	0.000000	0.000000	0.000000	0.000000	0.000000	0.000000	0.000000	0.000000	0.000000	0.000000	0.000000	0.000611	0.000000	0.000000	0.000000	0.000000	0.000000	0.000000	0.209272	0.000000	0.000000	0.000000	0.000000	0.790116	0.000000	0.000000	0.000000
0.000000	0.000000	0.000000	0.000000	0.000000	0.000000	0.000000	0.000000	0.000000	0.000000	0.000000	0.000000	0.000000	0.000000	0.000000	0.000000	0.000000	0.000000	0.000000	0.000000	0.000000	0.000000	0.000000	0.069816	0.000000	0.000000	0.000000	0.000000	0.930184	0.000000
0.000000	0.000000	0.000000	0.000000	0.000000	0.000000	0.000000	0.000000	0.000000	0.000000	0.000000	0.000000	0.000000	0.000000	0.000611	0.000000	0.000000	0.000000	0.000000	0.000000	0.000000	0.209273	0.000000	0.000000	0.000000	0.000000	0.790116	0.000000	0.000000	0.000000
0.000000	0.000000	0.000000	0.000000	0.000000	0.000000	0.000000	0.000000	0.000000	0.000000	0.000000	0.000000	0.000000	0.000000	0.000543	0.000000	0.000000	0.000000	0.000000	0.000000	0.000000	0.185874	0.000000	0.000000	0.000000	0.000000	0.813583	0.000000	0.000000	0.000000
0.000000	0.000000	0.000000	0.000000	0.000000	0.000000	0.000000	0.000000	0.000000	0.000000	0.000000	0.000000	0.000000	0.000000	0.000589	0.000000	0.000000	0.000000	0.000000	0.000000	0.000000	0.201565	0.000000	0.000000	0.000000	0.000000	0.797846	0.000000	0.000000	0.000000
0.000000	0.000000	0.000000	0.000000	0.000000	0.000000	0.000000	0.000000	0.000000	0.000000	0.000000	0.000000	0.000000	0.000000	0.000543	0.000000	0.000000	0.000000	0.000000	0.000000	0.000000	0.185874	0.000000	0.000000	0.000000	0.000000	0.813583	0.000000	0.000000	0.000000
0.000000	0.000000	0.000000	0.000000	0.000000	0.000000	0.000000	0.000000	0.000000	0.000000	0.000000	0.000000	0.000000	0.000000	0.000543	0.000000	0.000000	0.000000	0.000000	0.000000	0.000000	0.185874	0.000000	0.000000	0.000000	0.000000	0.813583	0.000000	0.000000	0.000000
0.000000	0.000000	0.000000	0.000000	0.000000	0.000000	0.000000	0.000000	0.000000	0.000000	0.000000	0.000000	0.000000	0.000000	0.000000	0.000000	0.000000	0.000000	0.000000	0.000000	0.000000	0.000000	0.000000	0.069816	0.000000	0.000000	0.000000	0.000000	0.930184	0.000000
0.000000	0.000000	0.000000	0.000000	0.000000	0.000000	0.000000	0.000000	0.000000	0.000000	0.000000	0.000000	0.000000	0.000000	0.000611	0.000000	0.000000	0.000000	0.000000	0.000000	0.000000	0.209275	0.000000	0.000000	0.000000	0.000000	0.790114	0.000000	0.000000	0.000000
0.000000	0.000000	0.000000	0.000000	0.000000	0.000000	0.000000	0.000000	0.000000	0.000000	0.000000	0.000000	0.000000	0.000000	0.000611	0.000000	0.000000	0.000000	0.000000	0.000000	0.000000	0.209273	0.000000	0.000000	0.000000	0.000000	0.790115	0.000000	0.000000	0.000000
0.000000	0.000000	0.000000	0.000000	0.000000	0.000000	0.000000	0.000000	0.000000	0.000000	0.000000	0.000000	0.000000	0.000000	0.000543	0.000000	0.000000	0.000000	0.000000	0.000000	0.000000	0.185874	0.000000	0.000000	0.000000	0.000000	0.813583	0.000000	0.000000	0.000000
0.000000	0.000000	0.000000	0.000000	0.000000	0.000000	0.000000	0.000000	0.000000	0.000000	0.000000	0.000000	0.000000	0.000000	0.000611	0.000000	0.000000	0.000000	0.000000	0.000000	0.000000	0.209272	0.000000	0.000000	0.000000	0.000000	0.790116	0.000000	0.000000	0.000000
0.000000	0.000000	0.000000	0.000000	0.000000	0.000000	0.000000	0.000000	0.000000	0.000000	0.000000	0.000000	0.000000	0.000000	0.000589	0.000000	0.000000	0.000000	0.000000	0.000000	0.000000	0.201565	0.000000	0.000000	0.000000	0.000000	0.797846	0.000000	0.000000	0.000000
0.000000	0.000000	0.000000	0.000000	0.000000	0.000000	0.000000	0.000000	0.000000	0.000000	0.000000	0.000000	0.000000	0.000000	0.000611	0.000000	0.000000	0.000000	0.000000	0.000000	0.000000	0.209275	0.000000	0.000000	0.000000	0.000000	0.790114	0.000000	0.000000	0.000000
0.000000	0.000000	0.000000	0.000000	0.000000	0.000000	0.000000	0.000000	0.000000	0.000000	0.000000	0.000000	0.000000	0.000000	0.000611	0.000000	0.000000	0.000000	0.000000	0.000000	0.000000	0.209273	0.000000	0.000000	0.000000	0.000000	0.790115	0.000000	0.000000	0.000000
0.000000	0.000000	0.000000	0.000000	0.000000	0.000000	0.000000	0.000000	0.000000	0.000000	0.000000	0.000000	0.000000	0.000000	0.000611	0.000000	0.000000	0.000000	0.000000	0.000000	0.000000	0.209271	0.000000	0.000000	0.000000	0.000000	0.790117	0.000000	0.000000	0.000000
0.000000	0.000000	0.000000	0.000000	0.000000	0.000000	0.000000	0.000000	0.000000	0.000000	0.000000	0.000000	0.000000	0.000000	0.000611	0.000000	0.000000	0.000000	0.000000	0.000000	0.000000	0.209273	0.000000	0.000000	0.000000	0.000000	0.790116	0.000000	0.000000	0.000000
0.000000	0.000000	0.000000	0.000000	0.000000	0.000000	0.000000	0.000000	0.000000	0.000000	0.000000	0.000000	0.000000	0.000000	0.000543	0.000000	0.000000	0.000000	0.000000	0.000000	0.000000	0.185874	0.000000	0.000000	0.000000	0.000000	0.813583	0.000000	0.000000	0.000000
0.000000	0.000000	0.000000	0.000000	0.000000	0.000000	0.000000	0.000000	0.000000	0.000000	0.000000	0.000000	0.000000	0.000000	0.000611	0.000000	0.000000	0.000000	0.000000	0.000000	0.000000	0.209272	0.000000	0.000000	0.000000	0.000000	0.790117	0.000000	0.000000	0.000000
